Var1_1,Var1_2,Var1_3,Var1_4,Var1_5,Var1_6,Var1_7,Var1_8,Var1_9,Var1_10,Var1_11,Var1_12,Var1_13,Var1_14,Var1_15,Var1_16,Var1_17,Var1_18,Var1_19,Var1_20,Var1_21,Var1_22,Var1_23,Var1_24,Var1_25,Var1_26,Var1_27,Var1_28,Var1_29,Var1_30,Var1_31,Var1_32,Var1_33,Var1_34,Var1_35,Var1_36,Var1_37
1313.58973080758,1317.47704081633,1309.78642714571,1318.71298593879,1313.46934460888,1311.82852648138,1315.16288755206,1318.38273615635,1314.96953316953,1314.33409926471,1320.14720812183,1321.66865671642,1311.5217611336,1313.37203901533,1315.52049446975,1312.87519103413,1314.59117082534,1317.48866213152,1317.50237467018,1317.34951456311,1313.83099824869,1318.73212045169,1318.6768018018,1315.88378664783,1315.98273273273,1306.36637781629,1318.77285513361,1317.73694099962,1313.73281114012,1316.32188498403,1317.33698510079,1310.94748279609,1303.18738684369,1276.55789926819,1296.79036527263,1277.38691376702,1278.08933333333
1271.61678403756,1273.46583442838,1307.11743772242,1282.53211009174,1307.38513896767,1310.90758444869,1314.4653164557,1315.19817536746,1317.28336755647,1313.22091503268,1314.72497420021,1319.07120743034,1315.42829736211,1312.38913234005,1312.28725038402,1309.822187662,1309.01561181435,1303.05478723404,1307.68115942029,1307.67833827893,1300.27033271719,1306.37443946188,1313.5030190432,1298.77535545024,1310.78080808081,1310.32309217047,1284.20970695971,1306.22326644653,1309.93146104982,1311.47803278689,1318.75462249615,1304.09827638343,1316.10574142916,1314.51410788382,1319.12813238771,1311.40092002831,1315.67425905598
1317.05144694534,1317.81624863686,1317.56126914661,1317.59684210526,1317.45786366076,1317.43445692884,1317.15854341737,1316.82940516274,1317.11465324385,1316.76997716895,1314.39801488834,1316.72732394366,1317.70198675497,1316.78471834914,1317.39946380697,1295.92547491476,1312.6670771757,1311.95944118973,1293.03525792712,1296.60456072123,1294.45164057474,1291.22618548049,1291.85191998161,1286.92335380055,1290.26479289941,1280.57372223709,1287.88306332842,1282.92685025818,1275.97203758882,1278.21346738368,1278.06877752149,1284.95439739414,1281.11876075731,1274.14450334178,1277.99372647428,1279.32412653447,1277.0042535953
1271.49482023157,1283.03785011355,1268.54802038416,1285.61484918794,1270.95802728227,1270.90539937528,1279.52397094431,1287.94617868676,1282.46996466431,1275.7433504433,1288.67163252638,1289.85397867104,1279.86956521739,1274.39281074058,1278.73738601824,1273.350176857,1277.31655372701,1276.18703384968,1278.68131868132,1280.499668215,1275.42841163311,1275.59440958357,1279.17513513514,1280.25666041276,1281.89203206035,1300.09812536614,1285.13647246608,1282.58380566802,1289.16767068273,1278.25297113752,1281.26244693169,1290.0680595125,1289.12795436023,1311.85962566845,1296.00112612613,1314.9007689491,1314.5441125987
1289.8437132785,1277.66069829902,1279.80781938326,1278.93510737628,1285.64333504889,1296.25279884435,1287.03777501038,1294.25505443235,1272.49058116232,1286.12904599659,1276.14397367339,1282.65177453027,1284.38629201681,1273.8887434555,1293.06959064327,1287.4817755323,1284.08029569207,1278.32971110522,1273.5921866217,1274.43785310734,1281.16255868545,1275.78337677382,1275.6137040715,1275.01909518214,1273.34508952794,1272.56102051552,1269.85317611259,1276.56396635679,1283.09045077106,1262.50294015911,1272.20584415584,1274.25013835086,1271.09571428571,1271.74199843872,1270.38665195808,1273.80201698514,1275.26535836177
1244.13786764706,1242.04442825929,1256.52263231198,1244.96032772747,1248.46911037891,1248.555933356,1252.425,1263.04040055249,1252.15134255492,1256.86852281516,1257.34239130435,1256.26831858407,1239.25553097345,1263.25027767494,1257.84863883848,1264.20202398801,1273.33764465623,1273.9296042618,1279.2981530343,1282.67016976556,1265.80323260717,1263.72189349112,1261.81430745814,1250.83594332588,1221.1836274878,1248.3761589404,1222.26914925825,1219.61111111111,1230.39478322171,1227.01299133911,1247.8099378882,1278.47584973166,1281.50079693975,1265.04305663305,1257.81344612645,1276.67766497462,1278.54625068418
1199.17314365024,1196.0260311021,1201.3376,1200.18222222222,1203.82251082251,1204.5612033195,1207.32523616734,1210.41806363325,1208.60246059208,1211.6076718572,1212.41855116903,1211.2066845947,1209.4290201005,1218.43799212598,1209.39050387597,1215.81668994413,1223.22230138938,1213.67973163842,1209.34013178538,1255.0375,1197.61786319955,1210.90457328052,1259.00101832994,1281.75709090909,1264.43733333333,1265.67182130584,1264.77205669656,1264.13017413645,1263.06077348066,1263.4594846321,1267.09057486631,1241.58929114694,1237.36353467562,1273.20028142589,1265.86600496278,1250.43998470948,1254.01287001287
1196.95123140697,1195.56327236777,1205.67294868078,1205.75612052731,1202.57614906832,1202.02122803013,1200.06793048973,1197.13521594684,1196.38137227886,1204.39400486092,1207.1568457539,1203.50111745716,1194.91034823413,1194.92031363968,1211.0401836969,1199.90720989761,1198.00760890242,1200.42081751173,1200.10736885079,1191.07393629389,1192.32970274563,1185.85049833887,1185.77982617856,1195.89658717105,1203.5999607227,1213.08665692211,1215.81989000917,1208.43768421053,1188.80776992936,1176.16803840878,1198.69873663751,1196.19259783121,1192.65191243685,1195.51581647193,1201.35841523342,1206.72936147475,1196.19833249116
1200.42478162407,1198.71031361138,1196.82488335925,1196.55636710067,1196.70090331214,1197.42254901961,1198.20463709677,1198.10003510004,1198.41443850267,1198.30121703854,1199.14520367937,1199.48888162198,1199.18167150694,1199.36546441111,1197.76474298329,1199.63753035033,1200.04098645363,1198.95394026628,1198.32585433207,1198.99681190223,1167.38771629587,1155.70952040086,1172.83104756347,1163.13760580411,1156.46429725363,1157.90885188431,1153.41989708405,1140.35123042506,1121.29031278469,1103.39511201629,1103.53699500681,1113.06820072082,1103.29156528792,1101.7280027933,1104.8763743631,1104.6468520294,1114.35427952329
1145.9046879851,1147.61631056274,1151.74809782609,1146.78301886792,1141.8054289677,1138.37783262284,1138.64678803097,1142.32327100698,1131.88295114656,1134.68787401575,1141.61302681992,1136.46822121337,1141.01985346254,1148.3990881459,1156.94569589702,1134.79159623279,1130.75261748235,1126.47673913043,1125.55311172207,1122.49731267784,1125.73990702227,1126.1581605529,1125.45274504888,1125.84182242991,1124.03985405557,1122.02347145755,1129.97778379843,1133.56196783349,1121.50834151129,1119.72462686567,1145.1871975363,1137.50984615385,1137.05671466353,1146.55545509343,1150.45807770961,1143.90396798933,1146.92739160358
1111.7007147798,1115.62586605081,1110.52025477707,1108.11205330103,1108.84121621622,1107.79609929078,1105.5625,1106.55558060879,1109.21326707001,1105.01162525644,1121.78444444444,1108.50604089219,1112.6630407911,1115.12771678243,1117.5691969734,1095.47083740632,1111.13199937956,1118.28729485525,1125.76794019934,1128.05708175687,1112.20655213743,1107.62923351159,1124.50979443773,1114.76562938043,1115.40536876356,1116.12378138848,1113.92869127517,1111.85054272196,1135.28346456693,1137.37651549169,1138.63247863248,1157.16180451128,1153.91881918819,1157.12863741339,1161.19439181508,1153.48524923703,1158.05177824268
1121.66581551229,1111.39574062301,1096.69556313993,1095.08876973488,1087.54491775622,1092.77895412255,1096.33312,1107.8391943734,1093.01288300836,1102.16447184085,1093.96985619469,1092.85903398927,1089.72998078155,1084.93811881188,1088.22281521014,1087.73771790808,1084.50355140187,1073.80250347705,1082.0643742503,1082.06309052118,1081.59822055725,1084.388716677,1087.12592018597,1086.94164305949,1082.18407079646,1083.96105871615,1084.45717098786,1088.05511083744,1083.82200392927,1092.14285714286,1089.58153747186,1091.33543307087,1051.60595094491,1089.76157491797,1091.92097617664,1079.81144781145,1101.0718027735
1053.99350930333,1042.13517118719,1048.68662155128,1053.49456264775,1053.25594713656,1049.91130567187,1067.99281437126,1057.99420289855,1053.97863247863,1067.54217242453,1114.72843035343,1109.68839914294,1099.9171143515,1093.5502374863,1099.79973027647,1081.21087866109,1076.66740823137,1077.90311587147,1085.19445896498,1083.24813153961,1077.56543209877,1065.2180974478,1080.43543758967,1079.16057934509,1075.96208178439,1071.87631118881,1060.94756756757,1072.09931170108,1075.0927672956,1061.65226130653,1073.68239660657,1069.1884951207,1058.55400087451,1062.61142654365,1062.96772228989,1061.399447132,1039.65367412141
1102.37697307335,1083.64214523019,1088.074794639,1093.24208416834,1093.76362928349,1102.63825136612,1113.07463222103,1113.63172371638,1100.5046072839,1115.92827409542,1091.2791380999,1061.86053827333,1045.84405082788,1046.65880942869,1050.88001371272,1046.74315619968,1044.10355419043,1050.91045991046,1057.87826086957,1067.72171496626,1065.06302335831,1068.96672897196,1054.44142394822,1044.82527401676,1042.12896253602,1034.0843902439,1045.78019461935,1047.5617433414,1057.7556561086,1045.89859394972,1056.46615087041,1055.20466786355,1043.05673758865,1043.41170731707,1042.65679758308,1037.63661352391,1032.5
1035.78491335372,1033.00336700337,1035.6512655685,1050.72167403879,1047.49532195927,1035.25407331976,1034.57925993604,1046.73256676558,1048.7581182348,1053.85952380952,1058.57370517928,1059.66777963272,1050.56217738151,1058.72226926334,1058.83121232418,1058.3730729702,1057.80583409298,1058.4375,1053.99873657612,1062.63510178902,1058.11429595127,1052.60630658757,1054.34106207928,1056.05865102639,1057.02127659574,1054.4716713881,1054.93216203026,1055.06157635468,1055.98670836591,1053.56447124304,1057.54162042175,1052.67682926829,1054.32967409949,1047.60650775634,1047.6743580201,1056.02650854552,1049.86541471049
1062.13801551654,1061.95021459227,1055.38774617068,1046.93747864708,1018.27674624226,1019.64261298899,1014.12495309568,1015.76916666667,1019.07237813885,1024.19098143236,1055.44126582278,1067.83687943262,1073.40633869442,1065.98470535313,1060.53291629431,1070.04114490161,1063.30467445743,1050.94103852596,1046.13217279175,1042.24041387705,1049.62077393075,1057.46624472574,1073.24390243902,1070.37037037037,1067.89449886963,1064.07344890511,1052.98748353096,1052.05958549223,1062.53074433657,1033.12062256809,1033.21581450654,1028.45078979344,1013.19522546419,1010.19216757741,1007.21116504854,1019.26780784097,1008.45665083135
1024.33473193473,1023.12921191869,1044.87150055991,1039.51415475869,1043.72105597964,1046.5337995338,1048.47131011609,1054.74057177616,1048.3159789532,1044.8142031379,1038.29394210683,1048.58042578356,1040.83614457831,1032.42962056304,1037.47924737133,1037.65184201792,1038.06991525424,1035.25101467374,1042.7833207357,1042.52891396333,1032.62340123164,1023.57974481659,1043.39913114309,1040.54424385913,1041.39339709966,1043.01661589587,1040.33189189189,1039.97777777778,1044.70617042116,1040.46213958502,1044.09109669811,1042.27831816756,1057.43236173393,1040.62447138427,1043.51714939024,1028.56995175741,1047.50287686997
1085.08697813121,1080.93041526375,1083.60277136259,1087.57951598963,1065.13588850174,1063.90658631081,1054.18713043478,1059.6246408046,1066.54323630137,1063.33983528392,1058.33690412426,1032.12434325744,1041.5954045954,1026.27236135957,1013.24128142741,1039.06986899563,1020.0873827792,1005.1647634584,1053.80680628272,1048.01900739176,1011.24519510775,1017.11863488624,1039.23176761434,1036.19186046512,1032.29212043562,1023.36699507389,1015.13477737665,1032.80526315789,1030.30432098765,1005.02576601671,1028.32866242038,1034.05986059861,1019.36351590106,1014.82623839009,1023.6292388847,1056.03761348898,1007.2630033557
1008.4456928839,986.251533742331,998.90487904879,998.201325600663,995.703163017032,1006.57209847597,1009.99534342258,1009.68487055016,1007.74300770166,1005.56316998469,1009.42707944797,1007.10524358498,1003.75400291121,1002.10019493177,1007.7365873336,1006.80698595607,1004.34468715291,1002.30543318649,1003.80579433302,997.211253701876,996.248143146523,1001.30926860025,1004.39896373057,994.456111295131,991.905071967101,1004.69358442387,989.388333999201,991.990088495575,986.44289044289,992.058610999598,1001.62639476722,1008.75069444444,1011.8064060292,1028.40347700109,1028.74688221709,1040.52917152859,1026.21100500227
994.990038977912,995.383851468048,993.423637344846,984.461020751542,984.90306441526,986.932132132132,984.625,986.066797642436,989.190320470896,990.562674094708,989.330612244898,989.985267034991,988.620168067227,995.719088319088,995.531009738596,1004.00043878894,1002.81021532298,995.532412327311,1004.00130264872,996.46875,1004.13151041667,999.402419779064,1005.41171290181,1000.27945776851,992.712143928036,988.326121372032,983.380802517703,987.378531073446,990.812251843449,986.949973670353,988.543311403509,968.657622739018,966.752565564424,973.778234086242,972.150355871886,979.223228995058,979.727338129496
957.316009280742,960.757690487459,967.849925705795,963.303707224335,973.632080465855,970.41041041041,961.206027667984,967.435426237876,968.548774387194,968.370050761421,973.383653846154,973.769621682665,979.521406727829,979.789893617021,978.774543660582,977.151975683891,981.7825,971.415352260778,977.37559354226,971.145966029724,976.141833077317,979.098946135831,981.056594724221,977.826755509995,973.760461760462,975.728595411304,976.806295399516,971.320535194881,976.361142857143,979.79347826087,978.975,992.414965986395,979.032514450867,958.659810126582,973.63078470825,956.53021978022,981.965166908563
938.224745965332,904.314993122421,889.570227670753,943.225725094578,941.785234899329,902.005012531328,915.2549588776,905.126524390244,934.377145922747,932.551204819277,938.15859030837,872.670194003527,931.990945674044,921.877339901478,926.39116575592,924.489013184179,919.722222222222,922.537055837563,929.587557603687,910.070740895772,922.447103711412,929.61187664042,923.713939393939,934.272684532205,925.589169909209,933.4656167979,927.886398763524,929.460086511994,930.548502994012,933.592354124748,930.454278369445,922.23748308525,923.78354978355,921.47568318666,921.637987012987,921.662588792423,898.954085930918
844.413713759779,857.816403568977,848.190331010453,881.386993943258,887.512408759124,872.761290322581,876.95108393552,872.501265822785,887.966712898752,886.083156939825,891.406962025316,870.280065897858,883.096521313082,885.315966386555,881.666076487252,888.336655247586,889.587491898898,882.957087583539,898.45558739255,923.221599592461,893.32665925102,893.486546258754,886.64927320164,900.645824929407,892.543354943274,898.336154207804,893.516527424628,890.417118093174,886.615246098439,893.910538800407,892.349652777778,890.637588918008,884.098074827461,885.455028618152,882.684703433923,880.036715620828,873.372390285471
848.3316,853.391866913124,842.990749306198,847.910675381264,839.625448028674,832.154639175258,884.441307578009,874.32022231723,851.81390593047,871.012688821752,866.119233073697,863.847921760391,866.654545454545,867.46198267565,875.42755344418,876.008393742846,880.388585816198,875.263791374122,885.604783599089,880.241467889908,879.11139304745,859.991146525011,864.478181402787,865.968372867249,861.829290206649,859.474609375,859.045956430916,870.172327898551,863.141733870968,863.419214876033,865.886211783762,866.026009961262,848.382026627219,842.181623931624,861.270847343645,861.78721427244,848.816331658291
883.549295774648,879.968490153173,880.296225207934,882.176751592357,880.488587291795,858.190201729107,882.05,835.794082367053,826.36694214876,837.427611484423,835.035024696902,836.835483870968,836.380708055413,837.030953569646,843.213743356112,838.242014742015,843.095612582781,829.176205341658,849.920436817473,831.767985611511,829.524973147154,825.95045045045,823.188270083785,822.876310272537,824.132292917167,822.886766712142,827.056453822965,820.947850821745,816.799823373565,816.433119240436,828.153339065635,821.141542288557,877.994884140837,882.357287157287,827.333580246914,837.00813197026,854.829046606072
816.205102551276,817.066020141738,801.312070657507,824.889705882353,841.871331828442,837.844533600802,824.558870967742,825.805774278215,823.372165754496,827.665914221219,833.128450704225,836.745501285347,832.243181818182,824.015165876777,836.075273939971,832.102399314482,847.320182094082,836.514130434783,844.457774269929,862.318632075472,843.096399099775,839.592806945019,832.226575121163,838.988210818308,838.402691511387,845.093404498666,820.027456647399,823.788870703764,819.931599773884,829.426719840479,831.941512125535,827.267059814659,797.689090909091,824.461094121645,834.61786407767,827.416064981949,833.4557956778
840.030036630037,841.350165172251,836.368421052632,833.632148900169,844.950136345929,834.888804265042,838.610882632078,843.865792759051,822.322160148976,825.733889528193,829.120481927711,827.315545243619,820.86446323341,830.859750240154,833.10771152045,811.422802850356,827.698156682028,824.340036563071,805.06093544137,803.605921388463,801.739747634069,811.369890616005,809.799278846154,775.657461809636,804.713418986438,788.124592833876,825.349732620321,817.101646090535,825.980665610143,823.385990621336,823.275535275535,824.513190954774,813.786282306163,812.651752921536,810.14257490945,798.775493752519,795.708072487644
887.189178193653,882.210829493088,822.80412371134,824.826244343891,819.523058252427,815.40701754386,807.508035714286,809.75,803.54025974026,804.577594123049,811.465379494008,813.5672436751,807.488372093023,803.752136752137,810.791084854995,831.355783308931,822.577865612648,816.028895768834,821.644124168514,825.266528210453,814.328329297821,811.549633062959,813.386485172581,816.444168734491,817.985133362484,815.34552332913,803.85394265233,813.074481591198,811.184033613445,805.697934595525,808.804243008679,815.145922746781,814.009276437848,816.972458347501,818.935826916025,825.188291830494,814.803389830508
811.691060126582,817.977243172952,809.747645951036,809.84238178634,806.495776478233,811.830196936543,830.001549015269,808.052997858672,811.535418583257,815.443231441048,808.626568585028,814.437091188919,811.332495285984,812.947243828204,813.447090980086,808.017209302326,811.781057810578,824.93179916318,821.793323041297,817.723363774734,817.529024767802,828.636680884064,837.602574416734,815.421706047257,837.030203784571,831.076537911302,801.661033939568,812.244916820702,825.151093892434,812.093067426401,813.829606440072,804.378264680105,797.744240118368,806.136405959032,789.332986652799,803.29116093103,796.1269381496
826.203754266212,827.652097285865,829.51388032079,832.350417827298,832.090656284761,828.516094986807,817.142456982793,815.820116861436,818.165289256198,826.236508994004,818.164398280802,817.868295994569,816.194234404537,813.928122192273,830.74245416079,826.436600958977,829.160437235543,832.624874958319,820.661823465311,837.883629191321,830.89279913373,819.267361111111,822.796743956586,795.371752479924,793.705817174515,782.262237762238,720.909203211859,712.033918837068,719.414560770156,719.587150837989,715.468152866242,717.016887816647,713.563701067616,722.196002220988,726.481844380403,747.944539736993,718.293188010899
790.947873443983,789.231766200762,795.492202943114,789.226126999515,792.89479795634,796.192183113798,797.827861952862,787.840142095915,789.656149388281,798.171046962516,791.532867132867,785.83609437751,783.2692410834,785.635112692764,782.693430656934,788.98134248338,782.190609670638,783.536032944406,783.100491918482,789.085833914864,785.499644633973,791.217296962182,793.672475106686,778.271800375637,787.547563805104,783.498180053385,791.926625659051,794.747550163322,793.407049842838,790.831028413377,787.930317569111,805.202570379437,800.796202531646,800.722188076214,773.437755565652,778.354938271605,784.981852024197
801.970491803279,808.333484779646,813.71214953271,820.717636022514,804.572329376855,828.191790272508,816.256948933419,813.421244209133,818.824193548387,813.463717837525,791.737527114967,774.953151911815,799.903841621494,800.60310880829,788.491234756098,779.06216053108,800.742658423493,791.501222493888,760.932645826619,755.840439706862,760.586873718137,763.868190273718,762.481758373206,772.352614015573,764.337689862239,756.233994589721,775.328030718596,775.412642324303,780.53405820275,790.147565543071,783.878595317726,780.355965909091,778.401424287856,773.135551663748,765.186071428571,773.13560551124,758.090629800307
768.011004126548,771.661048002931,771.605142332415,767.976901408451,760.780214652357,766.580838323353,768.62060546875,760.994134897361,763.216103304216,764.589687086822,761.18445807771,761.417054986021,774.328080229226,771.242439516129,768.403358342265,766.73679154659,767.026747195859,768.742621015348,768.427850655903,768.41875401413,770.072985468956,772.903136531365,778.423977521074,774.410964083176,774.68048024787,775.811981020166,778.548255813953,773.699610516066,778.619025735294,772.623188405797,767.071301880099,762.493398533007,761.705173279759,760.552929591334,765.037963376507,764.690587138863,764.534564393939
782.947727272727,808.611462093863,802.451007326007,798.863716814159,797.515846994536,793.192105263158,785.253180661578,760.023222579493,770.513712374582,771.283477774671,768.24608,765.389756944444,779.574656188605,782.781763826607,779.271336080047,772.40019193858,790.887329013679,789.766129032258,795.547640516982,787.758288125377,799.998166259169,786.99755022048,790.565259582727,771.129943502825,761.87785448752,767.457528957529,724.075766686711,721.304846938776,727.386771300448,715.748675691583,734.179087232813,730.918918918919,724.845919610231,730.750705550329,714.031908488862,717.022904483431,716.706705539359
743.487282878412,745.056237623762,739.599464365422,740.066914498141,739.641308211873,732.21131392863,738.140396490088,720.105139821903,726.063291139241,733.846129238644,754.352637021717,724.458465889007,720.260819165379,739.299125807678,735.359678009513,731.692031586504,732.663179916318,731.44238178634,738.55234846497,735.35304613816,730.544059124503,729.188392302917,725.654114788946,727.481949458484,717.257161248793,737.297135243171,755.257757296467,750.478202095302,733.417034953797,735.633723653396,755.080027359781,760.7752965806,791.501565061857,793.972849462366,767.768052516411,770.338648883734,765.368275316456
717.504123341699,716.853493613824,687.226603884638,678.70114213198,681.405099150142,685.822675980656,720.107204610951,685.08126603935,722.178299298994,719.628553770087,722.688211845103,719.961449942463,724.771128608924,722.457228915663,737.562243502052,713.028465346535,721.267071320182,724.694462126034,723.096668843893,719.82683982684,705.966002344666,711.796663519043,720.278414369774,725.169107856192,690.020501138952,683.96032357473,676.652090341182,660.213151927438,666.169696969697,672.366190241498,669.585089974293,665.876593806922,677.149545454545,679.032096288867,682.695510735198,672.614607257694,678.228828828829
677.616324264298,690.994922630561,698.201125895599,703.141530146935,685.142427281846,686.974912605388,694.364236225668,686.413465346535,681.248343079922,691.587273915886,687.789303387895,678.893347274866,690.136731871172,675.125988334413,684.108834660055,697.506259389084,687.891803690222,705.448958758677,725.866810938422,692.707711972731,727.868330266789,708.098028863076,704.046780766096,704.368085106383,694.261449533126,697.926891415131,706.208682534361,704.135599694423,698.329130598419,684.972926067338,675.876552053486,671.666107784431,661.743213499633,661.89082855654,673.11480787254,664.397234528125,662.573414422242
686.640756302521,686.30335032775,658.57374301676,668.575919019712,669.467971530249,654.011737089202,668.497784810127,659.628340080972,676.961208267091,672.171398248872,676.156694312796,672.901987201078,722.982473710566,727.805007991476,736.222222222222,736.209723546234,740.076186131387,733.531363400726,731.671900378993,728.280412371134,719.138392857143,666.170494699647,671.083066239316,674.174343734522,672.630679611651,661.22926219258,647.05376344086,642.297883064516,646.009199632015,644.241813602015,646.369498464688,649.283589028359,658.674537583629,656.209843158464,672.604166666667,663.125905797101,659.773371104816
601.942168674699,597.761178861789,597.314028956565,600.965059708094,600.30890052356,600.505989731888,583.695846359982,589.659397715472,593.585365853659,628.79552238806,597.542547425474,604.688801350591,607.31054196204,599.06795679568,598.933832867666,594.864031490897,676.955541640576,664.752694380292,674.090959511925,655.093895305235,658.446369883478,617.315910585141,620.485870556062,622.988146551724,624.523180668727,633.7601332593,632.287878787879,641.596273291926,639.267973856209,640.754322766571,640.048712206047,629.761111111111,641.033659730722,621.969552806851,642.893814997263,633.190023752969,644.738553417386
638.559587471352,630.156437471158,632.83048729696,635.72113022113,630.5115995116,631.130213160334,629.133045525903,630.397343862168,633.510029595528,635.70412999323,631.620892018779,635.360492845787,663.661876355748,662.210256410256,682.796761280932,676.813522171641,675.130166563849,584.024588148512,627.215193295485,566.873414634146,574.90291005291,566.904630650496,565.759148369927,565.355142857143,557.602658371041,614.193056286165,625.333575581395,620.318551367332,619.326758711374,619.687321937322,615.64690853347,625.082946635731,615.952357071214,633.87688172043,616.616066770996,620.789659224442,619.127313516545
606.932296431839,614.457409050577,610.165879574971,616.975720164609,620.967443906731,608.753952950251,603.945915703096,602.237404580153,603.555555555556,604.105202754399,608.121274834437,610.15854112393,617.107177974435,609.971905179982,603.611417450535,608.275391956374,613.793878341728,608.866920152091,614.165095872603,613.307086614173,613.888102460398,614.889311656866,616.538706739526,614.023152877085,614.521081081081,615.24130006566,622.123553910227,618.475243147657,615.327179046801,612.271520342612,612.494964028777,615.344690704598,614.123986486487,601.340361445783,605.095606326889,600.988990129081,601.687109805362
607.887973956339,605.911974789916,617.391487924337,619.578745487365,602.585001205691,598.183775554589,594.990182710663,605.874373005016,602.762795698925,606.660468485873,607.616302186879,602.382885832788,602.359049207673,606.993899339095,608.120651909511,609.609990393852,617.818207440812,619.307217073856,620.189618961896,610.330293819655,613.717244701349,609.117869762746,617.846441947565,618.601328021248,619.263387978142,611.224142445666,617.390697674419,600.380506091846,603.845996940337,601.222634913699,603.216942592991,593.156584457887,588.541666666667,593.533559676156,592.996923865676,588.067808219178,593.735351089588
577.404796867352,565.303660049628,562.492094223943,569.897047691143,557.776141826923,568.980191256831,552.305570015617,559.099402327776,562.356231333152,547.690772420944,568.110117211598,562.548776399598,565.211838942308,568.355535279805,566.060776756597,562.149352517986,557.033632286995,553.712998712999,556.125192012289,569.446994535519,564.840418118467,561.074489795918,559.335098700048,565.486486486486,571.379743589744,572.662694552529,581.167489305693,569.19363308172,567.998181818182,578.638447432763,573.679812465527,571.230427540255,574.078037245049,570.705086580087,569.996028791263,560.107285828663,552.644086315214
541.55322396032,546.521883920076,551.439323607427,551.434036939314,549.328931572629,546.388813712224,551.46348670325,534.902602854744,546.282007511096,556.3315089914,552.793116933907,554.639790575916,548.219325153374,548.168901776006,542.943114947038,544.283025969138,558.172669134971,556.864741206749,542.336583463339,539.384801800242,557.833770319874,546.95440333507,551.946928746929,553.243857331572,556.381292906178,552.312022237665,537.059414786688,535.387946040035,535.937618147448,535.401640945497,538.289786671701,532.073786758073,537.462215113954,540.245265372925,547.943127962085,546.796741660202,542.531380753138
502.755548302872,505.169304269931,508.945343000558,500.964230171073,501.4825,504.164992067689,499.8437378829,497.487421383648,496.400898652022,494.764948453608,496.357075619705,490.034373347435,493.937707090789,497.17825443787,498.04855547463,498.803772660461,502.764795144158,502.668340179522,496.800552377195,495.153910323253,489.305061559508,472.509666454217,462.921784098255,496.022735540196,486.551440329218,483.71201061712,488.231811697575,495.869925213675,489.670881368539,495.955782312925,500.102157102157,487.454314720812,486.554339010543,485.749525976488,480.645628014259,489.377592556697,492.394196744515
474.922503725782,485.21878393051,469.781835655935,468.486201705971,468.973325766175,466.709597215316,475.170936190033,469.351149425287,474.546564195298,466.829716981132,471.76104542626,482.675790754258,482.543529411765,481.931609195402,477.935192458759,482.531938737393,477.562418725618,478.90891547665,466.840390879479,472.501002004008,466.804321239299,465.701855670103,476.670131947221,470.723214285714,474.410698096102,465.775312066574,466.295815295815,468.19844789357,476.639862542955,463.955655206776,465.827435773146,463.519405845712,469.811197384552,467.166880616175,470.717497556207,475.297779540048,474.824547283702
481.683430386448,475.446492985972,458.257779233541,469.535346358792,460.727272727273,462.801155512759,462.997715591091,462.78125,462.343504795118,466.12750929368,464.759803921569,470.304617117117,477.080513418903,469.335157318741,473.237460815047,461.973399014778,465.201723587616,464.245169886742,459.741091736164,467.745483870968,463.474340175953,462.275442862105,466.485481586402,465.184399712437,463.203660565724,455.882707299787,461.549330689142,464.290066225166,462.242948134668,468.834107806691,471.00164406083,465.972772277228,466.387778631822,468.815761065131,468.73343373494,429.264423946464,454.146249139711
451.486863711002,452.732048374906,458.08204102051,452.798832684825,461.615038271049,460.575177935943,450.274674115456,448.256063432836,447.957404458599,455.799185336049,451.294096209913,451.33575978162,449.973943939992,458.388573337788,455.342549476135,466.162271175923,458.880022321429,456.340780458743,463.783759929391,452.290944123314,460.973063973064,459.931320504313,459.584436042848,440.766228594186,445.258646172037,431.091433516008,448.916609471517,435.438958403788,439.921688688366,427.88359449952,436.184426229508,439.031895614353,427.991856124873,431.963904582549,424.161346998536,427.493917274939,430.189544579859
357.97104806022,361.696682464455,356.65625,363.14639321075,361.845157310302,360.299298021697,351.018997361478,381.820034372698,387.539841005731,411.285839075997,405.679184657094,411.035211267606,408.732530751112,411.656886939037,412.618464961068,411.898450800136,412.825717321998,409.937861018729,408.481294854176,409.701952723535,380.342461585273,381.281767955801,378.557699536399,366.867763009687,364.70426679745,376.505902480753,377.430052724077,373.362589227774,378.48570861453,374.59779706275,380.745175064048,375.449689869056,367.987488829312,371.94497405575,361.224791265254,366.119170984456,373.64135021097
343.353144171779,338.867537313433,381.537767220903,336.62319391635,369.594133333333,341.721168437026,324.101711652403,384.173372781065,382.298161120841,400.625070581592,388.946149703823,383.906699547883,387.89921520033,390.799515738499,375.191881918819,390.572368421053,387.805112781955,400.53444479396,393.94044594976,385.972458247876,391.466127401416,398.070195195195,395.396045721347,390.427853753838,374.913255726624,387.17453225356,386.996353322528,379.927225471085,386.652631578947,379.82240948814,383.689623786408,378.479597540525,384.508614976806,381.567691865479,385.11490015361,328.477045908184,382.611163670766
372.624293785311,390.405415569763,378.797235023041,383.588117489987,400.911452184179,386.104317789292,382.91846973973,381.516339869281,380.851289134438,376.490481976509,380.22738756948,391.254264825345,403.688551275095,376.634197988354,381.308363841172,381.556977090152,383.031796966161,373.02409261577,377.653030755449,381.054283024788,328.17911975435,372.348813899098,368.267091746369,366.255146600125,396.932544757033,375.548913043478,387.308683007894,378.723719165085,375.942321302194,374.160588611644,372.38084341288,368.115894039735,347.596498719044,343.94825511432,360.821157024793,368.156887354879,381.140118968936
366.318630678078,373.129396984925,365.700083542189,375.96833621186,376.680691209617,372.134531590414,371.88,375.04327563249,370.134199134199,368.784916201117,374.797362110312,370.731965585705,341.067484662577,362.341840161182,368.815958815959,338.242504409171,379.489372469636,383.394541778976,377.447105183389,375.56330439988,375.519754170325,373.00936329588,374.083120204604,360.488678468506,361.231937413714,353.923542770628,361.071827057183,368.01355661882,387.330601092896,385.55037593985,380.895247332687,372.248951048951,370.710544692737,366.599288256228,365.205468435867,362.955878728124,356.426989441154
366.823928944619,368.997093023256,371.390433096315,361.215921483097,365.356178257934,364.938706015891,376.477503628447,365.523387493845,344.230817217717,365.293680297398,356.613746958637,369.415749656121,368.136302746149,357.345942228336,366.704081632653,361.150295857988,329.523659305994,355.880695940348,370.291430594901,382.838589981447,385.381567230632,382.222141823444,375.15243902439,375.337102473498,372.925855513308,390.961262553802,360.313069908815,362.677803203661,339.288448844884,333.628571428571,343.450315719508,342.889245189936,321.838744588745,328.689993861265,327.702567522507,329.821275071633,326.986085343228
369.241551939925,368.954545454545,353.054894179894,362.298445202882,356.95499357051,362.04774535809,353.436447166922,336.785383903793,363.457207207207,369.179728317659,370.933010792706,371.005599104143,354.019915029209,354.143799058085,352.414926289926,371.085722477064,367.640845070423,340.049936386768,356.232242339833,346.957437472576,347.714156898106,349.653633345629,352.545667447307,352.695362134689,347.21742340347,360.784056508577,357.127401837928,379.098508811568,369.752081998719,358.08604069975,360.730353634578,343.24154987634,333.785017957927,351.017776438686,342.495889387145,343.93112244898,313.322197237392
358.844510892781,368.441025641026,353.844566268946,338.21763795771,341.919802590993,355.169638554217,342.408998988878,338.935849056604,332.906124497992,330.384213277574,341.897806004619,337.708937198068,342.604748603352,333.049623115578,337.051324503311,333.948148148148,336.736780258519,339.507355456723,331.82311827957,337.231109880985,331.854982206406,331.42589253516,330.411783748786,325.229393468118,324.427087660989,325.59907120743,329.609340659341,336.039927404719,357.214137829045,362.423750811162,383.941296579888,365.991485335856,371.759879437374,374.656942823804,372.986270022883,369.888707704851,362.557251908397
391.36962890625,365.788253477589,383.805835543767,376.703472493172,375.267663043478,387.207257762813,372.452380952381,381.933646506166,386.518190757129,378.224852071006,339.915662650602,345.398158803222,369.375687568757,330.622723962127,315.474362730735,323.886924034869,323.011391778108,320.454262762374,317.93146883006,318.481352235551,255.132460732984,349.488974854932,323.011820330969,320.779447936595,323.138555754019,322.310391363023,344.722943722944,321.332754126846,345.176991150442,322.031589023612,320.246682750302,316.996331236897,314.110522832561,316.265048220818,317.719179859849,313.759932375317,323.599683231043
303.294714587738,314.258585164835,307.763944223108,291.339095744681,302.52139391266,306.358261897724,303.069555616892,305.16736074961,316.86975397974,299.402720283856,311.699680511182,272.599798387097,298.695302445302,291.62467191601,302.192543127435,338.817555147059,361.714233973198,333.06144278607,375.057463110102,371.159031002887,334.891033105972,338.786466424996,342.808768971332,374.380861410212,384.311881188119,362.062992125984,363.232944873641,363.099570942447,360.356192959583,364.230494249301,375.950221026331,371.189116226201,350.9449772842,345.807387862797,348.736579275905,320.072635906807,332.1992200195
297.477861035422,314.625254582485,288.936890045543,295.130609511052,293.117331745086,304.879803761243,290.68248373102,291.134954569749,291.011868617168,286.75499610693,296.653734238603,292.31448355453,313.3593387471,290.112102289622,306.752203214101,299.612660135644,281.608378170638,282.284234752589,307.783765347885,301.505610098177,318.904365904366,315.715744101633,309.946468735942,308.381609195402,313.160111158615,313.573149132129,305.508910891089,311.125965144496,319.289505721938,307.38779956427,318.15892053973,320.724545007378,320.82729528536,326.819016747704,320.386863020103,319.557044254974,319.636517533253
276.479295426452,272.273982923154,283.297399041752,271.45477962221,283.896674584323,284.228021124573,299.717625346047,289.279460269865,287.440866686729,289.289931634556,292.786739993889,292.362376847291,289.394164759725,301.780715898097,295.05656615998,300.532273603083,317.820038910506,319.499297950014,312.531934306569,301.702708854997,307.536196319018,300.47697051455,314.780327068587,313.415913599295,310.127196238555,311.484629294756,306.928078556263,302.608858858859,305.062092355857,300.667100807502,309.916581632653,312.707692307692,320.450699419993,317.296906620411,309.31141724066,322.204248861912,316.781946995539
298.004454342984,293.407885040531,298.89303772851,300.967690339092,295.390177880897,299.494435075885,300.733534060971,298.636124794746,298.574468085106,294.921377517869,297.611517658288,298.042728904847,298.681252103669,287.554005838469,287.943067846608,272.526388505112,279.252543940796,290.437986818454,300.481523918648,286.972905894519,295.925892857143,290.461757990868,293.314085267134,277.289723320158,289.487910893779,282.643217286915,282.276943346509,285.326640695235,295.007422402159,281.85579004329,289.180126849894,297.209268113277,306.829953198128,307.485270314017,297.683900798655,306.123311546841,297.446056547619
294.817068018589,303.483081570997,289.230946882217,297.130597014925,295.324908275581,285.942780509611,281.37035726919,280.220069740411,272.842739378567,279.431174747803,275.184644913628,267.222972972973,267.30231741573,275.745079212674,308.661081654295,287.742165605096,324.637925189287,279.485453648915,278.489428029276,281.295196977874,271.437470504955,274.362243748592,278.73045112782,295.734884645983,336.35101239045,340.333000166583,293.913174946004,288.653617174815,284.833131592599,293.832896064581,330.402842440578,299.227403277581,287.753819377296,275.13914905004,304.333454943451,298.98104793757,281.35027173913
313.045816733068,310.830466830467,319.532644434007,301.446007031642,315.271272895896,303.882478632479,298.072669826224,319.31892001624,318.29748603352,320.517116182573,302.284632853899,307.709677419355,329.599316531397,302.24297188755,244.601108033241,237.584131326949,245.623478883321,243.971360381862,241.111591072714,246.379485550969,254.465233881163,277.442737668544,254.808056231414,253.279492356504,250.869848721961,246.697149308496,272.369359916055,251.85522696011,281.782585181179,250.996541786744,251.530779164873,246.213788133558,248.398978288633,248.647228789073,250.632348882142,249.63684771033,249.106441048035
252.940360610264,253.425208807897,252.872469635628,253.556527590848,252.551430781129,253.665736217725,251.9330472103,247.099839829151,253.374042145594,253.873821609862,254.115412710007,252.396984924623,252.12962962963,253.645593869732,250.456577595067,248.542168674699,252.196244970943,246.774045098942,245.768487928844,251.570239334027,261.145229309436,266.225262488069,257.149081364829,253.087615283267,244.877380952381,261.122873345936,275.914557754949,250.010080183276,250.973109691161,258.335594989562,270.673644659152,265.067431192661,261.150073565473,251.140602582496,244.889775946433,255.418827283606,261.539614561028
254.269975786925,251.464445868033,256.572130141191,254.468699839486,249.401926444834,252.938873626374,248.016253869969,250.25034106412,253.887432995831,249.055335968379,250.054830287206,253.428900402994,252.344342507645,218.579360628155,233.014030612245,223.237338629593,226.218942189422,219.483930778739,218.935483870968,221.331896551724,219.563139931741,214.225978647687,223.757480314961,202.505747126437,221.931860036832,236.534497816594,237.717171717172,230.335158817087,225.99647141849,215.636655948553,221.895687645688,244.201884253028,295.80796460177,258.460743801653,253.968085106383,248.61934283943,254.18842364532
215.869757174393,221.546249089585,224.183281733746,228.229813664596,246.562352941176,242.309198813056,248.144827586207,221.291925465839,220.924402445803,219.888888888889,215.721486761711,223.71104387292,233.185697115385,243.058917197452,234.136422976501,228.681632653061,239.120951751487,238.829875518672,231.432469304229,226.966502463054,249.376470588235,240.789622109419,259.452565343659,225.037628682996,223.757330006238,212.682587064677,215.013948497854,224.365404298874,251.774035517453,235.712328767123,253.176893311222,254.627436281859,266.294717887155,232.81075794621,227.585823081429,232.356916578669,227.737142857143
213.838434520823,208.900568181818,207.518267223382,202.265562913907,191.600518806744,197.376136971643,186.166073871409,199.248335893497,193.10121797564,198.212979351032,206.413969335605,201.738684369342,200.632398753894,207.970205850488,193.700276667691,206.406859724789,206.355721883002,203.354668827223,201.590944727558,208.475156494523,206.96928468357,207.710251046025,210.150718232044,205.346961325967,206.600362072867,202.955296012888,207.402572653645,205.693775556565,208.561627443159,207.798524844721,212.855087099217,215.587143803844,212.629584599797,211.730584467574,207.210705693665,202.855069659443,209.019697964544
206.412305922944,185.433519225125,189.004642271983,195.708923076923,201.388814467515,190.863925233645,191.041110517886,200.768696749763,193.415004214667,196.912789077738,194.310464110695,199,197.759678379988,199.088287488909,203.301342008947,206.059796437659,201.824284009547,198.437188872621,211.46427538328,208.724726967236,220.651462994836,212.068702290076,206.801117685733,205.141956700466,205.942967884828,205.61948890761,209.695473251029,205.155063291139,205.427427427427,207.483974358974,206.246939489332,210.594101668607,205.900682805711,209.365336658354,208.042677824268,202.974719101124,202.217491749175
191.362190812721,187.543343146876,194.547197106691,197.064717477004,201.567706755529,192.756628314157,199.615358477744,200.414191419142,196.516025641026,199.440763834762,208.935362645622,199.680573663625,197.110281923715,197.317195850362,206.152968802415,204.92672919109,202.568146417445,204.596539162113,204.279092382496,200.078451524495,199.478531073446,199.002400240024,193.471830985915,194.227697536109,193.002528445006,185.457909825384,185.858745326132,192.870212765957,189.834631728045,195.038184663537,201.382530120482,198.965504978663,193.048323115759,190.916269571137,189.449829931973,183.931110296812,193.283120376597
140.674357629785,163.429846153846,165.108695652174,173.214617940199,168.80361225423,170.433387965348,167.318138424821,165.226858654129,169.301163780869,177.771280276817,175.556255367879,169.87040960452,165.792741008376,195.778306613226,201.056760498385,193.84923245614,190.284835517518,193.0602752729,211.486801242236,201.424940898345,193.43307655272,195.106791569087,192.995215311005,193.64833479404,197.467366687256,210.285113540791,204.510861423221,211.481844946026,216.359815242494,209.916129032258,201.731847725162,201.039262546944,219.727123287671,218.040609137056,218.502613890963,213.442945028776,212.005277044855
148.741170534813,142.409674657534,131.393166506256,133.256457564576,130.213046080192,128.027679623086,129.44188034188,169.715771230503,163.834890965732,158.259546209187,159.833796553641,158.434452871073,146.864634146341,145.29813302217,159.241355463347,153.058609958506,159.8679138322,155.378456221198,152.221283783784,153.04265129683,132.911232876712,158.424539170507,154.065714285714,144.21756225426,153.250791640279,156.088997897687,153.049079754601,148.778858625162,160.447140381283,158.080314009662,169.07117688513,167.298245614035,170.046994535519,161.280960174577,163.428011204482,156.515800203874,146.66452991453
161.245719574271,161.421358096344,162.478445658774,169.933296275709,167.365231259968,167.883569739953,141.30976744186,163.164896590274,159.801734820322,158.468557336621,157.361812297735,156.047349823322,169.761904761905,158.739432176656,128.961874503574,157.670223084384,152.927967985771,156.86641221374,157.198847262248,160.666275659824,161.251366120219,157.348520432128,148.232808022923,149.991730655641,150.328285887341,144.023758099352,126.140266666667,118.31810766721,120.552119700748,116.587978142077,130.925700365408,134.021739130435,138.483912483912,123.35138121547,122.743917274939,138.911451398136,135.593639575972
164.033070866142,124.415811707906,114.012507444908,122.546419098143,121.765940274415,117.149285714286,116.127362366475,115.581142857143,118.949265687583,136.442374854482,131.593429158111,155.800547945205,136.807660961695,137.150488599349,146.976776917664,141.966767371601,135.300804289544,132.725330620549,122.11130952381,110.322744014733,91.0769230769231,118.330158730159,132.980863860033,110.082295988935,117.735030970406,116.671632526381,123.929624664879,155.285540704739,150.579958819492,160.500619578686,177.578666666667,184.822799097065,179.417125382263,170.908695652174,170.107728337237,178.991489361702,174.127290260366
114.200357781753,93.456340956341,78.536149825784,94.3484937979917,94.0021567217829,87.7690005984441,99.8381775333857,129.775908479139,121.590329079919,115.42471042471,116.347176079734,115.540480427046,108.036346691519,103.349479166667,117.601638123604,109.729705619982,114.323882748679,105.349860055978,102.447224749773,102.997958350347,113.819385912101,102.735682819383,105.04186866461,107.70607028754,105.380746349378,106.181494661922,97.6892980437284,113.792857142857,115.79825041006,117.939409632315,135.125988142292,157.782608695652,149.648134044174,124.112781954887,133.434336963485,179.192567567568,177.991833704529
111.258910891089,114.348904505994,104.261083743842,92.2457912457913,97.941717791411,104.513432835821,102.073342736248,103.819026548673,98.3365949119374,94.123339658444,111.290163934426,90.3274964505442,112.384674329502,107.030468394725,120.136475553992,109.305799055968,99.0703043022036,96.6948576285593,95.6953125,81.1194165907019,100.462489694971,91.2366624525917,61.5679551122195,89.2145804676754,104.299857210852,97.2949620801733,93.4452793204835,88.7956403269755,92.769776119403,91.0910766961652,97.372258615779,103.265442993293,104.950845834663,106.791666666667,107.756783262504,117.003606853021,102.437200112899
66.7904411764706,84.4049575070821,80.3609375,96.4250493096647,93.9142091152815,93.4347496206373,90.5134607881389,97.9944077275038,96.6743491250534,97.4647482014389,95.5497120921305,98.1749287749288,97.5485986881336,97.7935779816514,98.2209234365868,98.2789076118536,102.401606425703,98.4543849323131,98.0027919962773,96.0576048509348,100.229427792916,97.3255258126195,97.1907654921021,94.57594381036,103.200545702592,101.609568812758,96.2811264822134,100.98488008342,99.6096413874192,96.7887323943662,100.638937030618,99.9620710415412,93.2049830124575,95.5614548494983,88.5342723004695,85.6005072923272,89.3072325164375
108.782080924855,104.866247049567,104.444937833037,126.925939572587,104.826609775019,112.362237762238,114.427469879518,128.686526479751,117.040875309661,112.308352849336,104.262096774194,116.16543402102,90.5577092511013,85.5305425032038,86.2575702298431,80.4890814558059,91.3786964393482,83.0484010371651,89.7454772301934,85.9502412545235,74.4737757171834,74.6806795277858,78.9872225958305,67.758962011771,71.1661459812553,70.4850093691443,78.877235213205,79.1969696969697,84.4345591142744,89.0619955979457,86.6908771929825,75.5718884120172,71.1049300466356,75.8443566962817,65.3460641399417,84.2567975830816,92.7005870841487
21.246511627907,18.1213768115942,32.9651567944251,21.4868549172347,46.0925043327556,81.4539170506912,69.9099590723056,70.9374021909233,74.3100511073254,65.8138238573021,26.128338536247,72.3935483870968,64.6893939393939,63.7439281942978,58.4707018673535,45.4461064672239,52.5261020881671,50.6789976133652,65.068401937046,69.3527416619559,108.831154684096,108.707911683533,100.016206482593,123.135551142006,120.508213041314,118.448183041723,123.875555555556,131.882030178326,124.236176596657,108.95337995338,105.424892703863,110.495887191539,92.5686375321337,87.0333692142088,105.83777898748,114.449152542373,110.139837398374
56.0625607779579,54.47334682861,57.617356279751,62.8180569859252,69.4614408124405,78.8111888111888,48.1590524534687,57.8132427843803,63.7737512242899,54.5743645213629,61.3367103694875,62.9494561740243,46.454019664546,42.3655136809499,72.7279373368146,80.5668559628291,67.8974487243622,57.2572732458642,71.5834175935288,57.4246031746032,82.3978748524203,89.647823911956,112.199898011219,94.3345847020178,95.2345159350571,94.1894189891356,92.5583333333333,101.803686635945,90.4244897959184,90.0917475728155,78.8409411764706,95.982214572576,107.220412074748,100.101983002833,85.2061696658098,84.3977936404932,88.1148825065274
110.618484288355,26.1904761904762,49.3992337164751,70.4472140762463,66.7885624344176,55.286078098472,52.2393428063943,66.9316037735849,60.3473956091261,66.7173607861488,53.3695014662757,68.0541958041958,61.4125745754933,65.5697732997481,67.2322855620671,67.3921832884097,69.3526422764228,71.9756676557864,67.2047638946929,62.5824175824176,73.3342873497424,70.3019627579265,56.5312783318223,60.0345415778252,70.3611940298507,74.0371352785146,57.1469387755102,60.7966522008679,64.4675788221297,61.8333333333333,73.3864671437866,77.1308531109686,66.9788897576231,71.1898206090947,72.3874624874958,70.2454938716655,66.56608811749
86.8779786359901,90.3207036535859,77.626213592233,75.2185163887292,65.3043731778426,59.2067583046965,63.0841361592807,55.4595545134818,69.9150099403578,57.6812881732371,45.9612768184197,57.3709131905299,64.6102204408818,54.0653823701109,61.1996726677578,58.9072104018913,57.5510752688172,65.3452270620945,54.237955346651,59.9078363725973,63.6671134941912,59.312380952381,50.5514898065865,57.0622641509434,50.2339851652057,60.1855983772819,54.6081081081081,58.1016154247004,53.4140518417463,57.9906951286262,59.4869138495093,61.3328990228013,61.0861522198731,61.2470098803952,60.3787709497207,59.8092031425365,63.8128103277061
52.4852225963337,61.0687525730753,60.7940425531915,59.4262367491166,54.9519710013593,59.4968684759916,52.0464620630861,55.5824223874071,38.9135188866799,40.3335990434436,50.8334965719882,44.0778776208815,48.4671280276817,56.6299606721487,40.1557177615572,33.8623445825933,48.6556184316896,24.7552410901468,32.3105786618445,23.1749716874292,21.8594005449591,24,47.308166969147,27.6613213598461,32.9815251572327,21.9428571428571,20.1470743278861,21.2202380952381,19.3062937062937,21.503022974607,24.7117718446602,24.9340878828229,44.6381518755718,24.1750585480094,46.2076806467913,43.3147233201581,28.2084476138234
41.6305799648506,48.644262295082,38.6586826347305,37.8491867915229,27.3129694541813,22.9552594002856,31.6987951807229,24.5125768585802,32.0004048582996,21.6599888703395,16.0916905444126,19.5496818404307,23.3491220906492,20.5847953216374,22.9799822064057,22.4724409448819,18.2647325475975,32.8066366243343,20.7283150548355,33.86,37.524347826087,24.4243509400179,15.7839805825243,28.8971925662317,17.3339031339031,26.6005711954304,24.5751848808546,25.5529247910864,26.1528066528067,23.2139558748076,22.1476725521669,38.9529993815708,18.6888552697932,27.680767338908,17.4103299856528,17.8150174042765,25.1980629539952
1040.76230228471,1040.50523743017,1031.02335766423,1034.20651695288,1047.76742233417,1049.05557967868,1041.69412269412,1042.9696969697,1047.5395256917,1044.0329153605,1039.46099038119,1034.51983298539,1034.18612244898,1019.18463385354,1020.76240430961,1017.03883255009,1020.9917111807,1027.40739019289,1048.25575657895,1035.65617977528,1021.07839313573,1051.90349483717,1040.13019768234,1015.54861944778,1006.48195974174,1013.08949416342,1000.476953125,1013.83189269747,1002.79017362394,1014.07123080795,988.993013100437,996.121135326913,998.488553880514,999.21349009901,997.621125869703,,
647.647551146931,651.429575631346,646.770284149264,658.332262210797,688.855003652301,645.813430367185,643.210875331565,644.764125068568,644.381569726699,649.367932734126,641.131562099872,637.040201005025,641.203324428614,644.207868852459,637.876127480457,651.809403597349,638.531059683313,650.405093200315,647.495295124038,639.713913496613,648.851216814159,647.909009278659,648.928552666141,642.379052369077,648.284166932144,652.919512195122,647.725313605661,641.609277430865,643.397219994654,641.51468642498,643.934701025769,648.78756097561,641.126588845655,,,,
28.0615243342516,25.5865591397849,24.2314272850068,33.0063045586809,31.0345679012346,29.2523211359913,38.5674659144335,23.1088541666667,28.3907146583203,28.1941974730931,29.9671084928817,25.1871055004509,23.8259479214253,24.8120638085743,24.9320309320309,29.7644151565074,25.669952681388,35.2789192231917,23.4619345347554,23.1184549356223,23.7362831858407,22.5764596848934,23.6295133437991,18.8145661157025,26.5454216431415,19.6371552975327,22.3396551724138,30.3630300142925,24.2316795630405,27.663256227758,31.5385906040268,22.1227436823105,17.1761252446184,,,,
1305.17856058306,1314.6503164557,1316.22095857027,1313.29644997695,1312.65417999086,1309.43492063492,1314.29280397022,1317.12268640931,1312.60345389378,1315.00255319149,1313.11946902655,1317.77356937011,1313.98827470687,1318.66285370259,1312.5155073773,1310.48286755772,1309.21791767554,1310.42597208375,1311.04426042262,1310.5075513741,1314.39543378995,1308.86813527769,1313.20591751345,1316.79599535694,1315.73084557364,1316.37897990726,1314.89171122995,1316.79937888199,1323.11213389121,1322.96191051995,1326.49911712772,,,,,,
1019.29214107192,1018.42072718279,1019.75005979431,1018.09909655562,1015.02693448984,1017.06507892551,1017.07298881193,1022.83154121864,1014.86424980153,1017.11740890688,1021.42852941176,1027.0601316088,1023.30348004094,1007.78048277285,1016.60662685417,1014.78703825424,1015.37081174439,1015.33492918412,1006.41505235602,994.491137275197,1002.69331564107,1002.76535967891,1006.0365929295,1010.20221515517,1011.28920238741,1003.32116230166,1011.81371585773,1013.8461328976,1012.07096212451,1017.1161808196,,,,,,,
556.655301738834,551.261607761608,535.226642984014,520.120427455816,531.715111478117,535.84703196347,529.968866749689,544.261018399658,541.099065420561,535.894642053129,533.906947890819,538.730595327807,573.089868345736,583.762394417921,575.202512371526,574.893834367019,568.451291512915,571.566755420312,569.570512820513,569.020697585282,563.575266965208,581.866447985005,571.248407643312,575.517556801416,572.265772630296,569.13570324575,572.783090783091,575.698554714384,,,,,,,,,
572.618963694043,574.204934210526,574.384090909091,565.923728813559,571.668099331423,574.136574074074,576.644767899292,571.552921253175,570.147707231041,570.986688851913,580.430324909747,579.600520252694,556.073113207547,530.953290146608,514.190372670808,521.459821428571,516.21211060553,517.937807449051,516.840916866233,519.775991792066,517.273257809818,517.574975814253,518.27744510978,524.093609360936,522.135007385524,519.184314835787,529.293681318681,521.874208405296,,,,,,,,,
516.350552190951,519.665158371041,538.754665863937,542.871696504689,532.915772089182,534.103629417383,531.0444646098,521.177661169415,521.68105065666,521.820556023589,527.53733121525,531.961904761905,511.063057875036,534.135700197239,543.033179336413,534.643798273512,526.295405753542,530.518680445151,526.810800744879,530.03820662768,512.50772797527,554.25768442623,527.953094462541,528.742900302115,527.230107526882,526.086440677966,536.443483829651,547.275405007364,,,,,,,,,
488.525192649674,490.871641791045,490.122329059829,494.159131205674,496.685505925251,485.284095860566,481.283163265306,481.783671036949,478.550715214564,490.784671532847,485.217086834734,487.296992481203,492.234349919743,476.840136054422,487.641833810888,482.628428927681,495.798270893372,480.37528604119,487.41975308642,489.458620689655,487.687675858188,478.667248146533,463.095482546201,450.253939393939,450.11149825784,456.854497354497,436.887521968366,429.756734006734,,,,,,,,,
424.653485952133,401.949712643678,411.045924225029,419.256550883608,435.066466552316,436.077179609338,443.045,456.823815309842,448.895950155763,479.513100436681,483.498783454988,470.598790322581,465.672848664688,479.086021505376,468.455271565495,466.379716981132,475.98743718593,460.485651214128,477.178670360111,467.960307298335,449.098790322581,456.147017379051,455.03771849126,444.541633624108,454.27331420373,466.611587982833,459.879746835443,453.112561174551,,,,,,,,,
442.978417266187,447.23138832998,447.871726349546,451.534576067348,451.677361853832,446.626788036411,437.236486486486,435.552451539339,440.651567944251,465.46641074856,461.762331838565,463.308702791461,465.342222222222,456.229591836735,461.138972809668,467.487288135593,484.88785046729,472.962343096234,459.03178807947,459.966894977169,452.293242405456,428.19690455718,433.088174273859,410.242152466368,411.207207207207,430.466666666667,426.008968609865,422.647007042254,,,,,,,,,
437.410619469027,438.745134383689,443.229795520935,436.725534308211,428.659114315139,408.202477113624,420.279532163743,443.57250755287,446.944120100083,460.857471264368,461.117741935484,447.82560296846,434.856394913987,452.180952380952,444.15061295972,445.284164859002,458.262180974478,438.529914529915,438.301943198804,439.864150943396,448.790567951318,455.428701180745,466.403050108932,461.238026124819,459.343382352941,472.843665768194,457.193245778612,456.610841423948,,,,,,,,,
397.198384201077,406.213159080667,407.75751503006,400.725519287834,390.807672892479,381.001148105626,390.833971902937,409.616318273769,406.904794996525,444.884120171674,452.53412462908,424.612121212121,402.237442922374,436.252525252525,418.263620386643,428.86866359447,455.566298342541,423.208602150538,410.025796661609,410.856741573034,405.381057268722,417.294413407821,432.766876687669,411.793103448276,416.444224422442,445.856194690266,445.59445407279,451.012738853503,,,,,,,,,
389.036947791165,371.471021611002,379.918092275791,383.307094769549,384.710944026734,398.219486642221,392.237633365664,392.871300757054,410.757836990596,435.589877835951,432.446511627907,430.99652173913,429.524657534247,422.932270916335,430.678571428571,445.898058252427,471.375,450.065162907268,422.928374655647,421.307311028501,417.871021775544,395.321309919317,405.367845117845,408.429648241206,411.221411192214,440.515151515152,414.253703703704,416.271532846715,,,,,,,,,
391.25770227469,384.388678493123,394.156800723,398.878138075314,394.044997353097,397.260273972603,390.496521189121,394.759761388286,383.705091258405,400.780448717949,389.897812097812,399.632258064516,403.071515892421,385.699715909091,392.826114649682,399.240528128588,400.213308164228,403.498614958449,397.024165202109,404.837232453957,390.060097455333,393.425482174167,395.68177613321,384.236,389.871880199667,389.349253731343,,,,,,,,,,,
1185.95996480422,1191.25080831409,1183.06031746032,1192.40345242874,1253.93704954955,1194.94935400517,1206.21196493038,1203.56682297773,1180.54986642921,1184.97235462345,1196.57193877551,1181.4885032538,1195.43730477465,1197.33194774347,1192.52186732187,1185.05497771174,1190.78074074074,1193.88821250692,1196.22311827957,1195.35907335907,1191.77864838394,1197.28454501685,1191.91480730223,1198.6128875969,1188.38838268793,,,,,,,,,,,,
262.586424625099,261.476401179941,247.724755700326,235.306686046512,248.807312826465,243.357374918778,254.660530590146,254.014197530864,261.884976525822,253.936048879837,237.702991452991,206.361666666667,224.958708311276,230.890740740741,205.156916724019,223.020900321543,261.927958833619,253.22419460881,240.743190661479,260.854521625164,240.662306777646,238.612531969309,231.886682242991,224.818664169788,239.722402597403,,,,,,,,,,,,
216.686293436293,216.689835836535,212.817477876106,206.333922261484,208.934310018904,210.620655898189,216.247196261682,209.264074524099,214.83880171184,211.49479889043,203.318509615385,199.852384557154,188.508038585209,190.293946731235,199.392523364486,200.208955223881,244.008771929825,208.587311557789,215.480842911877,224.825661680092,218.386363636364,215.024926686217,208.913385826772,176.680075424261,212.642967542504,,,,,,,,,,,,
1260.51624293785,1259.77605177994,1259.25917926566,1255.47742363878,1262.06666666667,1262.60075093867,1266.46246418338,1249.77172312224,1256.2025974026,1235.18621307073,1250.23617511521,1260.08128262491,1248.32517006803,1257.09770114943,1246.97533474278,1255.16251246261,1252.63333333333,1250.2448156682,1248.04345307068,1256.01637810014,1256.38692810458,1261.69670846395,1256.27365491651,1263.72287145242,,,,,,,,,,,,,
1220.29888119339,1225.815312985,1219.67889390519,1217.67740080506,1219.90605427975,1219.34792495736,1216.3485915493,1216.05423728814,1217.3616734143,1217.73400673401,1218.02393776182,1218.65300691857,1213.35753575358,1217.89290407359,1209.59787367104,1236.90961761298,1236.9772985244,1211.16431322208,1208.24355828221,1209.78998292544,1204.99923195084,1243.68371212121,1215.17781155015,1243.87267384917,,,,,,,,,,,,,
682.11931064958,673.492381367,669.350683890578,676.794208893485,682.129107981221,685.419075144509,685.275,673.598574085555,663.132981839485,678.529100529101,685.264909847434,688.032511210762,675.102427471877,681.104012841092,683.710040392383,676.56652490887,687.321987951807,684.954427565765,664.345225603358,672.228753541076,659.310194042088,673.474542897328,660.519691545029,689.201996476806,,,,,,,,,,,,,
574.696086594505,560.661842471472,558.839870164999,555.989224704336,552.666572318143,549.036454183267,546.865253456221,578.2,561.299373040752,565.425261244889,553.268033005057,553.319100555836,553.456305979182,557.068993727843,553.462987886945,551.627618308767,554.227272727273,552.993036211699,550.029854760624,549.821088053842,547.387071447265,548.041666666667,545.647058823529,,,,,,,,,,,,,,
520.593153390388,559.228868660598,554.433756805808,550.630567125921,539.409852216749,546.772326350606,536.526165895336,530.352562135624,542.959418534222,559.038476337053,544.817379018015,543.149982313406,546.245818399044,543.487113402062,552.2659347362,541.598456790123,547.323422957601,531.750280269058,538.752257336343,542.635115395852,539.832308552264,541.548850574713,532.270909090909,,,,,,,,,,,,,,
1303.79368174727,1309.19841472769,1294.84708470847,1307.42225175622,1304.09440947797,1302.84620404612,1303.61895488478,1309.46287625418,1305.44127086008,1301.2827707146,1304.39864466706,1306.59105499679,1297.98318685518,1305.65646986846,1306.81447088412,1302.70306090249,1311.05326965467,1311.04882226981,1313.48706064117,1309.3052407932,1309.19369760046,1304.14924522928,,,,,,,,,,,,,,,
1253.76951672862,1260.86360779384,1257.51469098278,1255.51232394366,1252.30794270833,1258.67452830189,1258.05693767633,1257.82160945414,1264.36033229491,1260.5506356861,1263.19415109667,1259.55063890203,1263.47603347705,1261.99204244032,1262.95186194369,1271.68981064022,1272.83149734802,1271.50126126126,1265.66405484819,1269.82769472856,,,,,,,,,,,,,,,,,
156.90703052729,141.896272032444,144.799731182796,150.933826247689,161.992744860943,150.705882352941,150.502051473331,147.649382716049,148.672856178258,147.641848976711,158.77254509018,150.84123872991,151.552472858866,154.806798623064,155.990351215747,153.034482758621,160.036523009496,145.952503209243,148.868306801737,127.603587443946,,,,,,,,,,,,,,,,,
153.441324392288,81.1630573248408,146.244567364678,146.258346581876,142.360080240722,135.584415584416,143.984710941233,155.792294065545,148.901313002965,150.430520034101,147.283877349159,146.714463840399,145.543680297398,148.611038678835,151.762757044935,159.895110739657,160.041249036237,165.105893186004,176.136510500808,169.874691662556,,,,,,,,,,,,,,,,,
125.106222222222,90.43087790111,98.4502776375568,90.3439575033201,95.951164874552,91.2823486770569,97.7792924375203,93.2273701124799,92.9038403386755,100.421713441654,94.3523969722456,100.209935897436,105.50073964497,105.355060034305,113.659665499806,108.114285714286,112.715322580645,100.550873196659,93.568510038746,76.388808490111,,,,,,,,,,,,,,,,,
92.8999196141479,60.125786163522,86.1631274131274,68.8036490008688,87.7361616161616,76.5476463834673,52.2269180754226,20.7992673992674,41.4655762647394,40.5836050302748,79.6582709326072,71.3852087114338,64.138219895288,67.3966426858513,99.9923793395428,115.864277544796,120.013801756587,122.376979528776,131.320042342978,161.892642295234,,,,,,,,,,,,,,,,,
95.3058401639344,55.5543792107796,91.3462282398453,96.6883548983364,123.139240506329,91.5915285451197,91.4659361600762,69.1242690058479,65.9906910132474,75.0226986128625,51.4073275862069,37.6901549225387,45.1369788846779,56.1414821944177,59.2346723044397,73.5569620253165,81.3519553072626,81.6432973805855,85.4985795454545,115.363636363636,,,,,,,,,,,,,,,,,
44.1210464662241,34.5250737463127,41.595450049456,42.262044653349,41.0969718817592,42.8110709987966,52.1737891737892,57.6966450521568,91.6639705882353,87.2523844460748,126.605987445678,94.584685024519,96.6556316590563,106.157987643425,99.1402767102229,70.8937452901281,72.2496852706672,72.6688391038697,70.876559714795,66.6389484978541,,,,,,,,,,,,,,,,,
399.830722891566,404.571114369501,376.710155857215,362.741787941788,369.285588364918,384.937864513235,380.95298013245,398.735370611183,386.005370929842,367.468085106383,389.385460420032,371.841358890447,355.092919115589,343.150289017341,350.553783614759,353.14131147541,343.004173622705,333.37417218543,,,,,,,,,,,,,,,,,,,
354.203500522466,364.477474514962,358.661301369863,343.523625310859,359.208580299182,356.087951807229,360.599135390057,357.172862957938,359.456278366112,360.165996151828,354.340111995284,322.392310096905,369.986432384342,377.066324251898,386.539180643387,396.248785565579,354.662369057212,334.629294755877,,,,,,,,,,,,,,,,,,,
160.969376979937,163.830939226519,171.632379248658,171.059695512821,170.708810572687,169.344577284372,158.470727580372,161.291789473684,160.649617398308,158.166165736368,163.010504201681,165.576490924806,162.354727132975,162.523636363636,158.335335689046,160.929673484033,156.465671641791,,,,,,,,,,,,,,,,,,,,
766.100328947368,764.765803108808,764.406283092128,747.557489878542,742.468661544683,749.971980676328,756.257936507937,751.478305432183,749.420112123336,751.510282328337,744.386683338543,745.639376218324,749.702816057519,747.993451824135,745.618691588785,751.237537638006,,,,,,,,,,,,,,,,,,,,,
512.951633432329,516.549478079332,507.903157894737,510.098319850653,511.310330747244,511.718608695652,514.59437423563,513.450887573964,509.00751622822,512.910862354892,510.123259762309,513.462686567164,511.218032786885,510.13382269904,,,,,,,,,,,,,,,,,,,,,,,
994.359845559846,994.198047419805,978.853523357086,972.438031161473,978.73,983.211296221048,984.880130597015,980.565541211519,984.639574468085,983.884708152436,983.560568603214,980.842748091603,983.110398860399,,,,,,,,,,,,,,,,,,,,,,,,
1264.53195020747,1252.48959136469,1270.27381745503,1265.58570437196,1265.19716832722,1256.79335071708,,,,,,,,,,,,,,,,,,,,,,,,,,,,,,,
1327.5942513369,1328.17782026769,1322.4341330919,1325.79247202442,1320.73850959393,1320.72918149466,1318.20046801872,1319.1221667307,1320.6356846473,1313.48131007476,1308.67215302491,1314.93112434847,1313.21943844492,1312.38189955246,1315.86272767659,1318.82801899593,1318.46343467543,1319.53688141923,1320.0609915199,1320.4927756654,1319.2001875293,1324.04377104377,1322.53711340206,1323.14222781624,,,,,,,,,,,,,
263.707187222715,265.487662337662,262.835555555556,266.206689536878,261.203062046736,,,,,,,,,,,,,,,,,,,,,,,,,,,,,,,,
98.0174854288093,111.683191690274,105.539986781229,117.818757192175,99.125748502994,102.792534722222,95.307651434644,111.693800084353,117.256278171281,,,,,,,,,,,,,,,,,,,,,,,,,,,,
14.6890581717452,14.1595667870036,15.2620221948212,15.1531127313517,16.1533626649906,19.5137795275591,36.6956693691912,45.358189575218,56.4578412524032,56.7913765399036,59.1268069997464,43.6742727747779,51.8259098316133,43.5660535117057,49.8563577790411,43.1235768991927,49.3486805165637,38.427674272556,36.1731156340863,35.0917082442385,45.8724154135338,45.0832207511483,39.1366937206322,,,,,,,,,,,,,,
153.311088810838,152.105046343975,154.022880386424,150.642671854734,151.226968942472,158.29416903254,147.904653802497,174.596531264263,143.690219732874,162.194752502029,166.351028216165,182.932954948563,171.78594544614,172.104549082203,155.663734506198,158.019235280319,162.330568431325,,,,,,,,,,,,,,,,,,,,
81.8738445737761,73.0995821727019,71.1860390650016,78.8996152500875,86.1857186638063,113.762936610608,,,,,,,,,,,,,,,,,,,,,,,,,,,,,,,
459.240542655883,459.671652173913,460.365137614679,437.628465530022,446.401376146789,474.091300602929,470.639388489209,470.613274336283,488.143667296786,472.387493845396,473.164874551971,471.38829787234,472.116497263487,468.765165165165,465.914016489988,,,,,,,,,,,,,,,,,,,,,,
543.706470980654,543.683250414594,542.625556004852,532.497698882314,534.528096557182,536.265364987797,539.065128315721,536.85247148289,537.962754555198,539.473743647657,546.176824680211,548.418138041734,543.259482758621,547.130528586839,,,,,,,,,,,,,,,,,,,,,,,
540.042399172699,529.320885657634,527.939536974601,535.047058823529,540.452007835455,538.662436548223,538.968553459119,552.370860927152,557.467317806161,541.851379550197,543.183511366749,534.589071704245,536.208987870352,535.422137242405,,,,,,,,,,,,,,,,,,,,,,,
1257.35927805979,1249.21699819168,1256.75451807229,1258.61145584726,1256.25214754927,1255.69271332694,1257.43622569938,1254.41670235546,1255.52239430724,1253.5112895133,1251.94376528117,1252.97211720227,1254.03547066849,,,,,,,,,,,,,,,,,,,,,,,,
1217.39033633349,1209.95242001641,1211.50643776824,1215.64670204701,1213.80063795853,1214.52797704448,1213.07045215563,1211.64224751067,1212.67041619798,1212.51650692226,1215.96363636364,1214.11369788847,1213.40768348624,,,,,,,,,,,,,,,,,,,,,,,,
597.5615640599,590.114704087858,586.512280701754,588.514176245211,588.175423728814,592.785784797631,594.222123104371,594.187551187551,595.611913357401,591.640840446487,590.72218476062,597.688229571984,596.709849587579,,,,,,,,,,,,,,,,,,,,,,,,
113.934017595308,104.912778904665,97.7724961308866,97.4710743801653,105.597050938338,108.13952765693,98.0869565217391,107.43878954608,110.847752808989,87.4041676207923,121.302726958923,,,,,,,,,,,,,,,,,,,,,,,,,,
93.3670252689517,118.62783171521,116.837658898305,104.405518553758,91.582424122198,103.72274225445,87.7751297328464,67.4394079555967,77.0617158358766,98.861985472155,83.1082068577853,,,,,,,,,,,,,,,,,,,,,,,,,,
1183.57032542747,,,,,,,,,,,,,,,,,,,,,,,,,,,,,,,,,,,,
556.27350693903,551.487482014388,527.852538836077,542.889570552147,548.139316897791,549.14234620887,559.435054021609,550.643875,551.937816044827,,,,,,,,,,,,,,,,,,,,,,,,,,,,
531.280099150142,518.650364650365,499.731649026972,495.519302615193,497.595344673232,511.945601851852,521.171734723429,530.705566012369,518.712868558832,,,,,,,,,,,,,,,,,,,,,,,,,,,,
438.671949685535,430.199656946827,446.194663167104,430.092827004219,429.06602059358,467.251556662516,439.076257861635,419.802235179786,429.5623885918,,,,,,,,,,,,,,,,,,,,,,,,,,,,
434.56633254717,438.850307145166,448.346703129748,438.55557885906,423.168427317363,442.514705882353,410.979341050757,433.375971093044,448.395519647448,,,,,,,,,,,,,,,,,,,,,,,,,,,,
98.3025601241272,100.234915526951,100.850941850942,109.096028154852,101.912224264706,92.7045871559633,100.209631728045,100.387189292543,98.253045923149,,,,,,,,,,,,,,,,,,,,,,,,,,,,
1020.97827071073,1008.66481687014,1022.91006233304,1026.13670081243,1026.81132075472,1025.81757188498,1023.90695261155,,,,,,,,,,,,,,,,,,,,,,,,,,,,,,
1013.32269503546,1008.3624535316,997.805038648726,985.419627749577,1003.59534548079,992.756961155036,1002.59651197162,,,,,,,,,,,,,,,,,,,,,,,,,,,,,,
