Var1_1,Var1_2,Var1_3,Var1_4,Var1_5,Var1_6,Var1_7,Var1_8,Var1_9,Var1_10,Var1_11,Var1_12,Var1_13,Var1_14,Var1_15,Var1_16,Var1_17,Var1_18,Var1_19,Var1_20,Var1_21,Var1_22,Var1_23,Var1_24,Var1_25,Var1_26,Var1_27,Var1_28,Var1_29,Var1_30,Var1_31,Var1_32,Var1_33,Var1_34,Var1_35,Var1_36
7.39944977099641,7.55669399046934,8.29323230968872,8.93844707639574,7.61424745305937,7.14954616457047,7.69421773586425,8.07905765277783,7.6290709241406,7.87161124635964,8.02832858306443,9.2830303086306,9.21407555698924,8.86191740755429,9.04443814909515,8.73188482889848,8.3916195833442,8.15081208767572,7.87211037930513,7.72156917515901,7.61659014988647,7.70508017542627,7.49868049624029,8.59572071454547,8.82927879142769,9.51701277772962,9.20421381310286,9.56812373927466,10.780820376543,10.9801418316362,11.3862801493443,11.2743839055786,12.0841959707211,12.4850751259179,12.8610975128681,12.5500971267776
1.94974329497372,25.1212984340136,30.8762354927044,31.3457880982694,26.4262915901002,24.842367345117,21.8991035419931,20.0583950554128,18.3816443271931,17.4416190301819,18.6268044799663,20.4238774005429,19.3074156550021,19.5026816779277,19.4396384228393,18.9209957551866,18.5311622999978,17.8744547247506,17.526288538872,17.3134890743981,17.0879646946965,17.2368771469349,17.8377438228195,18.047590943894,17.3515299827792,19.479520209446,21.129945003748,20.6933431555848,22.2484466844532,23.0967998047824,22.8781711738175,22.5741269446523,23.1968311170284,23.510846719262,23.2500793053518,22.8850678223821
2.20856565701291,1.52214131429173,1.03103122284136,0.989150598898747,1.04254529181789,0.924536732064124,0.847817504782768,0.77836271809668,0.736939108888465,0.903766484962824,1.03878400124576,1.06661657692482,1.10666712667946,1.09958264432857,2.67062607749862,3.87654347750628,3.78063234139846,4.68327189738188,4.77316989122272,5.08234434697823,4.99403690955899,4.80131026881665,4.81312776748837,4.76389541575325,5.18380401307752,5.26555559993787,5.35273070523224,5.41673364765723,5.30814522176146,5.24648060819924,5.32390768601763,5.37883133814892,5.43638920254152,5.56079787034177,5.59549626334696,5.53413119398529
12.0063680133663,23.6265496635792,25.5776205375331,24.6662644663158,22.6914361487014,20.947185281771,20.2817397076594,19.1256373448736,17.7506437871841,17.8248212055985,16.5876894033346,17.0335457805725,16.1502056477579,15.9903244424521,15.4691582148202,14.7548661074046,14.3937244192081,13.7535327532511,13.3204745475239,12.9533523443884,12.48233679602,12.3854723542779,11.9140371739566,11.7486349976733,12.1874265336345,12.2941372933326,12.3474665778483,12.2794807922779,12.2701239030999,12.0336165080255,12.3273773470026,11.9822713942449,12.3096496440117,12.5874928215911,12.9904764870659,12.6722383994419
18.1303141682744,15.3023071384505,11.2321760601651,11.1936955315373,11.0777349203456,10.7676468374665,10.6974009386525,12.1170681266998,13.1948807849829,14.1086704910534,13.4364517351425,13.1519792332415,12.9567739556157,13.6186663461868,13.1565732208858,12.6532630123011,12.7421679066595,12.9271400208203,12.3442047598016,12.7375920186118,12.823574597077,12.2668018284436,12.1424649287323,12.011444190694,11.6618534760509,11.4673539804573,11.3184728404832,11.7197539531655,12.1244142308687,12.04479549165,11.8094256697399,11.5744034734963,11.3400791146811,11.1591654373171,10.958116333907,10.6977878734711
6.0370688783119,10.8018447886014,11.1152116070649,9.28894979730114,7.70345413182378,8.43162633939494,8.75288724382869,9.16842320703339,9.07320664367506,8.75022339216948,8.05374223646467,8.90857847161389,10.4673757059882,10.2561920906428,10.0013263546257,10.1499265904739,9.6612701522259,9.54555597665692,9.7168047394999,10.1694436851629,10.0067451989728,11.1151661686487,11.1224767275643,13.1353891960253,14.8368014687873,16.4058402873715,15.93294335969,15.750585750827,15.3367761391499,15.6093369665836,16.095346099133,15.7670468159442,15.8141995618102,15.7013356388355,16.1157281418462,15.7999347612762
3.6433691411398,4.68628725454204,3.54085877627498,4.29975384673851,4.11014517844298,4.2564022180454,4.11015838934815,3.94175812953842,4.18219645248743,4.20412163695645,4.02807881799232,4.14592668164573,4.60031418996947,5.01803416305606,5.11194233410268,5.31531146121058,5.56861700216974,5.51968701181993,7.67365620066921,10.1743333941202,10.4100955712438,12.1812527099015,12.8300738609842,13.0364467500997,14.0265013882798,14.944384015693,15.0073334664154,14.9286760098822,14.4624830860921,14.1068107275524,14.5379067621106,14.5519615766921,15.3082680124167,15.3191799560696,15.4053911751658,15.0794325598323
3.73043340372279,9.62651423404543,6.65265942053568,7.02614784184689,7.40070249158302,6.68132137213885,6.87098594317692,7.23480244929278,7.37421326133309,7.49323741717618,7.61989445446249,7.81237173328656,8.57260409419623,9.71366717506561,10.1409065490918,9.69789170607195,9.45241988119122,9.13266246547271,9.14509342487663,8.75541260782894,8.66592332211078,8.56261449678089,8.72547333648571,9.04161983160744,9.05970948809523,8.85801407440336,8.91139427517506,9.56924763752557,9.68180854663185,10.4573185229692,10.6976474185938,10.4842408673508,10.3655765862503,10.3253728565129,10.2708321897921,10.2968652278373
1.81539445896263,1.89587701486807,1.75295238971742,1.41778879224785,1.33225823189043,1.24981655583267,1.17911491578823,1.09126100702345,1.01305181518265,0.998969289891445,0.955064880483063,0.901150455606983,0.849070265647552,0.941987624525095,1.03370211740724,1.00551466628045,1.01109998337421,0.997542683395048,0.980395296656777,2.54007051207433,3.0717190644915,3.87197464599556,4.2174123659954,4.34466104173059,4.40599742128044,4.42463370159722,4.74991697019287,5.30261864070987,5.73688116463008,5.6383398553539,5.97512688961084,6.23234064393173,6.22706599771173,6.55373874262069,6.88265803943871,7.02212369825919
2.18806289820093,4.26129681190925,5.09521900118974,7.41571515666356,7.00231061122409,6.06647571487762,5.72659561766471,6.3186828958633,5.94016049955969,6.13344653740881,6.12788820404955,6.32223147466739,6.55057190618387,7.39135976502306,8.41838914180863,8.14660143547638,7.91921582789706,7.53244707002239,7.61067125506326,7.44272197791975,7.22508708317042,6.99023689016308,6.87287325768391,6.69411904331158,6.6451518750027,6.70599616780543,6.74409213946842,7.2669700976155,7.16280975545572,8.09745341209544,8.10524495619865,7.94654817758039,8.04331143803238,8.1210140446932,8.08000018114679,8.10986876041889
12.0505654429081,12.4084978189482,10.1618779516036,9.38324990853094,8.3775688325889,8.1839084904298,7.61903908814982,7.03498117568421,6.79325105762956,7.86335781747376,8.54384413853446,8.2292854567018,7.94902341459365,8.70561446267599,10.9373837136037,11.8468408939967,11.6172266693017,11.7508481544228,11.291291411302,11.5533536422359,12.7663401452917,13.9204892481648,14.1136907301664,14.3106549025547,13.8313886455846,13.5616609860362,13.6373335656079,13.9871891614324,13.7581778757869,13.4351527001466,13.7961584752423,13.4759459645582,13.2600492709426,13.0357021367321,13.1948867916104,13.0725815959024
18.151798343602,16.7390660937225,12.7066231284097,11.4183504043956,11.2056186878561,10.3607607907167,11.6379521246697,12.5138077709588,12.5296437222463,12.1559373636611,11.9455423829661,12.0788559499004,11.5198136567374,11.9260005587164,12.1206504224666,12.5075564895993,12.909799531503,12.658558025962,12.1705522757911,12.635389642901,12.2858715394541,12.532046495244,12.5968111750583,12.8434299158096,12.4574246121028,12.6323120927702,12.3266323288784,12.1812926618906,12.1128394453866,11.9432554690042,11.9654211757276,12.8606301229775,13.6440826091043,13.3128317022476,13.4180901618921,13.7338489875009
23.6226369467958,15.4906457286901,14.8922927301414,12.050713860335,10.3890458524792,11.9136135483876,11.6474165201206,10.7836895840309,11.3464517951454,15.4573441042382,14.7204364292844,14.3294501280899,14.0418195772482,13.485274976443,15.5335845302304,16.1129017681995,15.8866515425894,15.4131377201047,14.9745536667106,14.6129820516172,14.6068149416117,15.4779132693899,15.2081954463528,14.9199302309905,14.6091236797585,15.7970894336227,15.7509003287647,16.195736142219,16.7628452722675,16.6060756614467,16.4152050410734,16.2514666318845,15.8951670767077,15.8097263209295,15.7176839658602,16.0845980184663
18.864892067309,12.2105779974445,13.5269248890411,15.8964357848886,15.0820025271542,14.3083476861661,12.5945677603781,12.9453049626148,13.3554393425312,19.0481476956019,24.9342170297387,24.1920903346558,23.0833110462167,22.2411181423036,23.6394977567898,24.735639258838,23.7505032957908,22.9042659726933,22.2293219705985,21.25638383126,20.5611936989552,20.3835685428425,19.9278618966893,19.2570729917018,19.6954114869685,19.424510906315,19.0585728748956,19.1042178675724,19.2221021874885,19.0609128949806,18.7877889421058,18.5934029669222,18.0627033025805,17.611647662473,17.2903603873789,17.0200982607921
15.0532607429343,9.65240164044159,12.1848009910389,10.2747081979947,11.251957929529,11.5353597700338,12.3804278262914,12.0946860333879,11.3594138786,10.9491348973188,10.1806619003081,10.1146746680352,10.080839877358,9.82706027242513,9.69273547327162,9.1491152970099,8.73434877273172,8.49808309779352,8.57990660996988,8.41228858241694,8.2765420980981,8.06269511429616,7.80896573114486,7.65316120915158,7.49058767624483,7.37264261674832,7.10909748248451,6.93377836539332,6.86584759753056,6.80015615661668,6.74352419222401,6.7656541550891,6.80706463984679,6.64484503974925,6.72143800568288,6.70589564946285
8.9948470322547,7.77895429266166,8.83544009005912,13.8940530690994,11.7298666379196,10.7011073237514,9.43762523954453,9.14125597373471,8.69892886857519,10.9579960912997,11.1535495727023,12.5264589799289,13.3924918459315,12.8376945679057,13.0976044720996,13.1840210587592,13.1657913019267,13.932988490736,13.4264085425975,14.3186290314176,14.4295419394495,15.4904004010689,15.0762871516633,14.557411864269,14.5395591277468,15.1171931128125,15.698001127751,15.5530083732941,16.4831364818765,17.5742790329619,17.1783825822806,17.1598330183925,16.7441460487455,16.4608237860416,16.7161655389696,16.7416089351693
25.2334599210395,26.3805728978394,20.0054282291218,16.3472179883208,13.7099964520017,13.2087643372236,12.2760546358122,11.6146840968861,10.7270851815496,11.1665926968182,11.5634629131105,11.2461172477077,11.1650172349682,10.7382394904576,10.2187077373317,9.90307485222201,9.72220061006955,9.7103524014122,9.29452156459969,9.47643517842771,9.47005164780456,9.94047867302196,9.63285808218234,9.340358474542,9.21088275671513,9.11854373566705,8.84444759093784,8.77459549392228,8.78868130532529,8.61687469669632,8.45719859051,8.92882984213874,9.30581458966801,9.30382090363571,9.4686250187068,9.77230626811958
8.42677182130113,5.68414961901298,5.71219666014164,12.5923390177243,11.7022725472768,11.9099568047403,11.3850177888843,11.8094570394697,13.1982510086173,17.293997948837,20.5023422725284,19.9882185639692,19.636595332666,19.5354338153723,19.9551819312333,20.0284043488434,19.8692488207954,21.4824009306199,20.6684359996888,21.4752141222111,20.7583218334399,21.8921849604384,21.0772146711855,20.4286549924724,21.5947327706627,21.0823889594255,22.0709284548062,21.4713714662282,22.5721140334797,22.5970495326464,22.1271700195032,21.9242009538361,21.4002031133816,21.7939525251897,22.3043477058479,23.0942664172019
25.9975518329163,19.5173168649987,13.7189807041052,11.8580256385319,11.8121833919828,10.8195076017248,9.58022526555368,8.90397724909303,8.42092839576468,8.0382865103735,7.56011434128983,7.25196044641732,7.15843856097807,7.12578095706587,6.74435246481539,6.6040712793031,6.43561413201236,6.18262741866781,6.27497446228527,6.25740847547622,6.28747356952707,6.20727625734327,6.49647864304096,6.37959367845361,6.68386562598848,7.02619570740871,6.86330872173224,7.11725167572884,7.14244136180193,7.25989888674886,7.32923306516636,7.33437337773582,7.71705520349369,8.11979800864736,8.53482038151645,9.06888044665821
6.90276133706997,4.60101561257345,6.36720981684635,5.66264481738529,5.18380112108742,4.74819513764563,4.31347947549543,4.23113945510679,4.24110673687592,3.94107494799292,3.87058081032128,3.66304014269235,3.94796003551774,4.03348877783932,4.68864909382141,4.49005779364915,4.68608927281882,4.89629690483406,5.20659352452503,5.71144965471272,5.72333168595498,5.9233365185942,6.01242071749406,6.07732538046479,6.09264022425817,6.38713660899391,6.58085358224263,6.5279496532522,6.44060772238689,6.27904173335838,7.41093943118673,7.40182676034478,7.39043124763178,7.3434866496836,7.34584726881697,7.25346381303401
4.25845030350997,5.67658526256577,6.399323411506,7.3925808866594,6.55913257883191,7.37400221718569,7.24612832574209,6.68651065344797,6.51977071716808,6.41527345038283,6.13217454378134,6.21936472811873,6.22760775034131,6.28143038287105,6.60442806283541,6.49188383377488,6.73825940100332,6.70566491984574,6.79022724790115,6.87040652447346,6.68465712898517,6.48418010994233,6.38079974454104,6.3042542562602,6.1586948828391,6.07240507504803,6.17094964073733,6.14467671562731,6.0974153899417,5.93216533753971,6.26495766453185,7.16305315544617,7.5906869630385,7.88838468610989,8.24704177996617,9.16967718884893
44.5752324204319,33.370770127557,43.5386413811763,33.0480249504735,35.4577303011088,31.9580776381883,29.6825474008775,30.2321511949943,27.391969371326,25.4319083049752,29.4016706536351,32.2556839287133,31.8884234483592,31.3780681364766,30.2384435664719,28.731543373667,27.3308794233328,26.3389287700833,26.0418165718527,25.4796680310031,24.6308689092807,23.787362190111,23.2315070598493,22.6317005125787,22.0436158135054,21.6148886889566,20.964492757193,20.2549478883724,19.9733512431663,19.6200271887718,19.2666414992366,18.7491085088104,18.2529830140641,17.8009199539336,17.293207842884,17.4715388048416
13.424787592609,12.0887027495747,20.8286559971491,17.2538741005964,16.8827454355579,15.0806430740747,13.8142312792701,14.1693431872763,12.9180267582899,12.2658848894184,13.0845633028763,13.4003270351574,13.1123628794729,12.4412351754486,12.2498182963786,12.2557043165894,11.9627851890114,12.7385295647815,13.3765090511648,14.3277985570138,13.7227648840456,13.5254191778193,14.0186927569579,14.1478373782662,14.5276554339823,14.5485264218627,14.1299188592136,13.8229142482544,13.6745120294055,13.4484042433487,13.101923064287,13.0886541732216,12.7363142567618,12.4542818320627,12.1786313084151,12.1740250413059
27.1382873813901,22.3901851759862,16.5692566168008,14.5019877270754,15.8698855131065,21.9512844013107,20.3056480781362,20.8562888205608,22.4124601282922,20.8557157181036,19.4387963727241,18.4213387384321,17.2251933405949,17.5972669455679,16.7180345306457,15.9489605970339,15.3857865441541,15.1055627413991,14.6386517577076,14.5500827901163,14.9647316836632,14.5046876184143,13.9609880607852,13.5555726363911,13.108243545488,12.714076965418,13.1039840602428,12.8913991380806,12.4996614294781,12.1995315613617,11.9080984740741,12.3219855861673,12.1424746550567,12.5305586280079,12.2122547574578,12.2939754629604
10.2037951096583,5.52587039094338,15.2144869894525,19.0647354789612,19.7127087014206,20.6090153030069,24.4871087572,23.5303764844975,22.1718329444187,20.7137156475411,19.1224030659201,17.889810645815,16.5955517399343,17.0224420424158,16.3066105689792,15.7246967343309,15.7226383359734,16.6694902231497,17.3115258934234,16.8485838084916,17.8549640165023,17.3625116330557,16.6310713773793,16.1703941044959,15.6247871098978,15.1842173537373,14.8851471299233,15.0623188913426,14.5796538988504,14.4927236769247,14.3324145898218,15.8103385832595,15.4634330260941,16.8304464416891,16.6260506396381,16.6726028245231
11.8663272773753,14.2141297920385,17.3360270027973,19.4181445887679,19.032058573786,18.3208925724824,15.9439739908807,14.2739794209418,13.6299586643389,14.2465690622495,13.2991594800696,13.8475419758163,13.4153063806041,14.2838224281219,16.2876052401312,16.5684405128794,16.5202727044425,16.218131745838,16.3673449998533,16.5627946420456,15.9745861198547,15.6162200668237,16.159968150748,16.084482267495,15.8449452102634,17.3514222295316,18.0330315976736,18.1215537680209,18.2614623913304,18.5131964913444,18.0688905993329,19.0871685323806,20.058927563837,19.7765492824914,19.4186327427915,19.0496252482124
6.76757244936413,11.6197847316539,11.5407007920358,15.9812430752442,18.6403241313095,16.3964907187798,15.3405735261163,16.5872089742009,15.2686438982464,15.9016133327842,15.0482966542077,16.3920224502511,16.3932434773949,16.8251388257848,17.7823645830235,18.1069529668501,17.4492070826974,17.551497625132,16.7174461038079,15.9817366536505,15.6831495125836,15.0720946583241,16.1535174630338,16.7782013883879,16.7707628901532,17.9453830182749,18.61483805735,18.896754222854,19.0188323671742,19.5256581246437,18.9357774764632,19.0130487674028,18.697672948327,18.2215595284042,18.1414676767154,17.9693799207053
7.08158068637365,33.2547870749465,24.6012804634616,21.7808188533925,18.4108208214778,18.8335568364091,16.5854682480015,15.3865252631123,14.1632292031755,13.43890946756,12.7970305584539,12.6574479115653,12.1140820308164,11.7729891565263,14.4305702464868,14.0955123875735,15.2888405877087,15.0988050579602,14.6085992799065,14.5442138779163,13.9977424844324,13.6246068225311,13.3618632856346,12.8757058380746,12.4749707293142,12.8625797994122,12.9910836204501,12.6270174806743,12.3979086110672,12.0950177184198,11.9517114985643,12.204005740114,12.3341458564458,12.0303399875834,11.8843051424214,11.8498359163929
6.43902583940128,8.59512982141844,6.83155343744838,6.14228930638285,6.05101546891903,8.45565432088112,10.9970350939551,10.1284657117078,9.8870793954761,9.64211103155703,9.31330300859496,9.02357610040417,8.46726816320899,8.51979249170569,8.31566860557942,8.03558743070553,8.64209484707446,8.7467408675542,8.9009161425259,9.11849577680365,11.8425211683355,11.9247715153994,12.4386906645752,12.854027552464,12.9233320026921,13.5597523120235,13.6806347966007,13.7289415942989,13.7058759563928,13.3647908273335,13.3629907930817,13.172513103637,13.0286067565606,13.143767093589,13.2368010507598,13.1168203631901
1.79903925192744,8.76832644938983,13.1611544328612,11.3846764699749,10.5143025892337,11.6382709413313,13.1013278657891,12.8411016211506,12.4063337639381,12.1610211387738,11.1995660926753,11.5632249599927,10.9252467453057,11.9640970666969,11.4656431928495,11.2608753693758,10.8821864455937,11.6126537865956,12.3027863344202,12.2520799514212,14.0665802764403,13.7590853861027,14.3789064724982,14.284942235217,14.1849694987304,16.6480587286648,16.7449584180397,16.6488852213192,16.6444799693049,16.6054063270664,16.2423348832888,16.6591538759966,16.93497313053,17.1253698210605,17.783437867218,18.548068774899
1.71642517509177,4.71984504959804,5.28225118875098,4.88027508508529,4.5890121013645,4.19851777040983,5.2005564376965,4.78100566134538,5.56009907201448,5.81848158934976,6.17379536272549,5.88181114954916,6.34965951052713,6.21989309721751,6.55487032737113,8.39639332106512,7.99009567348322,7.60472498385281,8.90527484271197,8.65300538399787,8.68831652250971,8.97169283525899,10.2808066024746,10.2432512257701,10.3188683306872,10.2671758437124,10.0438805813278,9.75591483479997,9.5084715362287,9.31853057378234,10.2331144914817,10.0737638436066,9.82755580061905,10.5041039955104,10.4197673467037,10.3747552999046
10.8895216868703,10.2792294168787,9.18860950805285,11.3564077415464,13.9461217426131,13.6137294310201,12.1710430238476,11.7907859158315,11.0869383608007,12.1877922210486,13.5259534922749,14.5592085196454,13.7403611013336,13.6855848292107,13.4827901687159,14.4874822786089,14.3848506026354,15.7157650010597,15.1840536085006,14.8676863712413,14.3537610625032,14.0860124328663,14.1505713576356,14.0378623666914,13.8040291597802,14.1036713712357,13.5892960791082,13.3909873762453,13.2608123613345,13.1184445276837,13.0130851164542,12.7324301908188,12.5359872169187,12.4371220294827,12.448854442071,12.5339278519269
8.56106738396558,7.36807363835074,6.14009640873284,8.44666715574576,7.94467450238548,7.07652571852133,7.29389683817528,6.81909568802551,7.17964652339406,7.01624377629653,6.8564128815637,7.5020206589386,7.17742494220487,8.2145138556835,7.93041030788936,7.90215001197509,7.74170666121538,7.63443530978011,7.64868206624987,7.41652019952666,7.30215509072696,7.26512587138219,7.20421636446111,7.11577133238057,6.90711832503862,6.76390043280054,6.69516001727541,6.66041972344768,6.70795705098218,6.75038243588438,6.71725807669984,6.53204468552015,6.54408083774561,6.58757997974562,6.47213200975347,6.33703142101769
34.6888984992396,21.9926902558227,27.6092004436849,24.4495643352159,20.4249666078722,18.9865689561699,20.0627775420445,19.7081223999542,17.7464366370891,16.7038065576339,15.7266062157442,15.631367583906,14.7391530713235,14.5644999626908,14.0824733212717,14.4720682263161,13.8773987905341,13.7261581616172,13.4430447043045,14.4220813057371,15.268640252604,14.9256195650802,15.2169562511621,15.9059998085585,15.9084838588604,17.7788139719232,17.9076310335285,17.7555382600916,17.7556484309635,17.7969306629205,17.5556858182412,17.9321824819322,18.2644186857507,18.6669465755148,18.3343508717222,17.9143764276145
5.75490374733538,16.2112786991919,12.8394200204069,11.1671323136328,11.1500740459476,13.6392743973687,17.1515230700685,19.7179153921796,18.5235242291853,18.7230094439636,19.7386266698279,19.8517319298865,19.9583141297058,20.8443254123557,19.8995358985244,18.9811553993389,18.0214385109378,17.7281318223771,17.332560810372,16.8915435651905,16.4792069290943,15.9370671470973,15.8395672278624,16.0398652133716,16.2031005676825,16.3309498642285,15.9378953967689,16.0240228145464,15.7626416496194,16.2803338809653,16.1668854704105,16.7094527182362,16.4955794691195,16.7836786897932,16.6408460454269,16.4964388506018
4.24457131322908,20.0221110146244,19.2718691693322,15.6604902146473,15.7562640992118,20.198600730981,23.7399292357062,26.9504358244345,24.4839774034802,22.3703557970011,21.5264791992763,20.3992500663603,19.6276643599263,19.6572231982837,20.7904934491863,21.383864744576,20.8252372532151,19.8925221529034,19.9029847240554,19.9131377105218,19.2604699681239,18.7767519694115,18.7754421917205,19.5384908510226,19.0540368857327,18.8577676810194,18.9371207155534,18.6081738104339,18.6629880569729,18.1670561937791,18.0088875283016,17.9258720274292,17.5584853833659,17.1767810588167,17.0586148728063,16.7408395301162
16.9341774674883,13.6906760660306,18.1794340454639,24.3159225630179,21.7681943678155,20.073407253631,18.3509883262145,17.3737024185152,16.8561060365676,16.1011525084464,15.4611197642367,15.4251870949074,15.8838766754578,15.5214525186003,15.3823278745617,15.2221631063675,15.3743651156222,17.7829236579932,19.7385759525695,21.5740835752903,22.5993913612594,22.479008172263,22.0327045720818,22.6201162558628,22.304302503173,22.0775319263739,21.3454655876084,20.8999781680022,20.6399838988815,20.3786744181187,19.860956228483,19.5525746781217,18.987392855552,18.8046148926112,19.1171667422821,18.636833493676
0.35050941012554,14.6505243894781,13.1372731490783,10.0874093148853,11.4241023167547,12.0092826727869,11.7948532656902,12.6219182754147,11.7548774924754,11.3196816326446,11.207539310816,14.769771372206,14.1613442053331,14.5851282901267,16.2672773561161,18.1394335925373,17.7568985046833,16.9747496710511,16.982462499695,16.9699440683771,18.712208334607,18.2625449202093,17.6360712209772,17.6657682186371,17.4158993601362,17.3067962240648,17.4282981093733,16.9505988884383,16.4659024972155,16.0304271980663,15.6141070762807,15.5319564537961,15.3346981611264,15.3659006768144,15.2375762067637,14.9245667613122
6.65834729178916,4.95401913001067,4.78256454903166,3.91266026978888,3.72994296477387,5.91953709131141,5.95508760069692,5.84432813607821,9.13722262211517,11.4626593071411,11.0806679845374,11.6434269229856,11.404250124095,12.953454634562,12.8296633768361,17.1739420636192,16.9140717461748,16.5987039426773,17.0292677442453,16.8150274261282,18.3205612570882,18.0039143928909,17.562612136278,16.897734215333,17.009873384041,16.6566526627472,16.3903351001371,15.8881201238774,15.3939554687138,14.905776962884,14.7568771154325,14.762497745837,14.9468280825597,15.1282905770478,14.9738815434149,14.9525669687593
8.68918846585539,5.93559520842191,5.81955602597795,5.74620774004999,5.85169688546746,5.21472535165702,5.17186111693274,5.27005137690257,5.23826751695352,5.52872795769864,5.36966437607033,8.75408765602517,8.19472112917378,9.22329385794886,9.02813059924557,10.0094263455251,15.0583778459654,17.1071858576154,20.0497086650495,19.577685939913,19.8013998035202,19.1907036385601,18.4764304588083,18.1149774027433,20.0906877202894,19.794599775284,19.5865941628295,19.0557032294264,18.5882726286791,18.1851267370017,18.0940984053797,17.8347019457347,17.8406076510486,17.9035987403545,17.5125525564487,17.2793814114328
8.47413300319621,9.33019722904032,8.93921427446953,10.2937091887738,11.3856379590027,11.4518841649645,10.6393580187807,10.178850822361,9.84062759187685,9.33480950276961,9.14510927171264,8.97196386555273,8.88660476628952,8.80132690357736,8.53287998151238,8.97732499141076,9.29088835444836,9.08110836881427,8.69222104836993,8.73728111979437,8.5844872423572,8.4507879389227,8.20381165598979,8.10033164995971,7.92899375125864,7.97926690579018,7.90924413163468,7.83526217923833,7.68417813927008,7.4751306349142,7.53444629140918,7.54699044459443,7.80356681615557,7.69271216246027,7.59426318559503,7.5243560181041
12.3704603667795,16.3635218892468,14.91599511106,16.0636115047356,14.8502234579893,14.6581248262441,14.5987971740971,13.5173421672298,12.8482839558262,11.9170848200843,11.7800058114422,11.7083652364685,11.1883903504417,10.4752394208734,10.0419960432975,10.1757894233324,9.73076345360626,9.43483133752886,9.59808278439494,9.87482302380959,9.71125826377222,9.72622896977967,9.77541748484832,9.50010378095894,9.49486611219812,9.68975939787456,9.99281218516338,9.79057559651159,9.60800799683251,9.38190847903331,9.41836573346243,9.36137583183281,9.23483488121524,9.0610866288446,9.02071362294016,8.97030088880416
12.4686227602113,7.6671179543486,7.89566266582906,9.16171717245732,9.69851850189219,10.9750804661314,10.6588119008886,10.1830311784944,11.8417072615281,13.0593694448056,12.5002766672949,12.0285975403197,11.5277665130814,10.8890329897117,10.6609087076561,10.7455546894575,10.5528725200377,10.1132915267273,10.285980478625,10.0406422781867,9.9751372571931,10.2353947672796,10.0923438266193,11.0645073457275,10.7471072033656,10.6914508275671,10.8241710389102,10.8757331358672,10.8678178387245,10.7839683141694,10.6421102806152,10.4696425151876,10.4177746940905,10.4665721886521,10.530027455566,10.8090788621298
20.3182237333955,17.5099523971474,19.0870963690518,17.2852914377755,14.7149122255003,13.5356999552285,14.1106861788081,14.1988297971652,13.9185774673223,13.0811128174733,12.0919947647472,11.655088343663,11.3020079610332,11.2505905835715,11.4575679462667,11.6645468583962,11.1668713303557,11.4674889085559,11.1684265872567,11.5417696923028,12.1538765944712,12.6322113253534,12.2148774327158,11.8964744046088,12.0753080325349,12.3206054169098,11.9329550168554,11.5618763492886,11.2879686253977,11.1249863008214,11.0602673505554,10.9097956461465,10.738716661831,10.6850850723326,10.42405065712,10.3905083216821
7.3111138135198,5.55845424726911,6.5621376353768,7.07962817883367,6.21008992994378,6.49684446465326,6.33541695571188,6.52429251942579,6.81650889982797,7.19085611332237,7.12578806619424,7.26930876327124,7.21965859660793,7.05048477564153,7.20542063081694,7.59123353918535,7.4365872021048,8.00780067067371,7.95214866702084,8.15560754452652,8.56840695818175,8.61547952175474,10.0736465084657,10.7589061681567,10.7193388689298,11.5827566669623,11.4580090916367,11.3914208911864,11.2851811012908,11.0472570399939,11.3003660272569,11.2229411530859,11.0150072363708,10.9618931474936,10.9980702291585,10.8012651273412
11.5809735697913,13.5345855646727,12.0455555684197,10.8684214079882,9.18941382553813,9.06849813711909,8.93343945518993,8.68045217630174,8.82692736751774,8.78810252290565,8.98715324735305,9.1893888107524,9.7179189867924,9.53914856275208,9.28978232361908,9.02247799565926,8.70167376469635,8.90330842126781,8.76427021345651,8.71228198296147,8.43020168958602,8.54610788336571,8.4785468142295,8.28127163348936,8.31808855296505,8.09279257171064,7.87870578975904,7.8988054786293,8.13074365344001,8.14716056598246,7.96018878600564,7.94301193293526,8.00885843970759,8.14349242489642,8.09551136078814,7.93577171269498
7.60882377217577,15.3144211851476,14.035437453018,13.4037665951608,11.8944420283397,10.2757445038261,9.44597693517431,9.62553821017993,8.97884994126986,8.61410737021697,8.83387814509476,8.94923936773442,8.89230153449939,8.64258460934666,8.81736164372322,8.5127589026428,8.20735096509748,8.07194421889611,8.12347930558701,7.93113005229534,7.62019017976423,7.46670284709099,7.26098185151813,7.09493669310524,7.21846174843708,7.1783522346892,7.03705013160145,6.85975620140063,6.86002596112128,6.70480965455267,6.68136773438145,6.49339528107354,6.40310942291293,6.38974389244152,7.3622773246064,7.88695609145066
3.01159735972767,5.93538021825284,7.73047913166617,8.0629695704673,8.85528259805449,9.13549285584411,8.12268146662185,7.44796756404536,7.81777095746239,7.5935137446521,8.2430266474531,8.5113380259251,8.71904880882825,8.76883051826083,8.97380201919927,8.90728615442736,8.55343711082143,8.60034048627925,8.94338574552485,9.04749349310425,9.35285494237605,9.39362488530531,9.80581991701944,9.59044295494874,9.77383417117851,10.1009008672102,10.3907614280114,10.4401395612608,10.6514771148751,10.7340380246185,10.5040575924203,10.52899167292,10.3309112308194,10.2686430098385,10.1282387751108,10.0495244800728
6.44198382488737,7.7508517180285,7.4238805886721,6.00760320224622,6.00806690268362,6.59723427775697,10.2072091192321,10.2336426875538,12.0975059391805,11.6105895828121,11.1122923292688,11.4594824680937,11.8055491986659,11.1008458414686,10.5653996317342,10.0956181272095,9.69215802468348,9.31809821295952,9.10107662420672,10.4152926059909,10.0503345600778,10.1155749184841,10.3098738766291,10.0172651890371,10.1354477669827,9.86830388620869,9.65348223751205,9.49506628419051,9.43693404349425,9.34101135893834,9.21051054148529,9.19361782959182,9.30627988105225,10.0186515411306,10.5901925757298,10.505382515494
17.0647041593738,30.84935022967,35.5396387405713,36.6534599462326,37.3080202001157,34.1215153206184,37.8286898319781,33.4088360269403,31.8259372510107,29.829422425325,29.7090732057776,27.6533940817792,27.9027702714072,27.9891597885142,27.2726305044888,25.941340894213,25.4405506530668,24.6839269164576,23.8049884502542,24.0291775786729,23.3644591272946,22.4432120720763,21.685701990771,21.6585348177068,21.3237205502677,20.7416036073824,20.2353062952576,19.7901952528937,19.3656956898151,18.8505520538428,18.4115379516928,18.0479260821113,17.593950429292,17.1862944183885,18.3196447066448,19.3145004148318
21.5399158253242,17.9814770795174,15.5254408127805,18.3674230597214,19.3166456371933,16.706241129019,14.8878037903996,13.9707846141445,13.6470199531074,12.9394863247166,13.4334658806441,13.3897088138441,14.6752192892874,14.3252837017757,13.8289344038587,13.1719104043495,12.9858210204868,12.5243406531561,12.0455354129983,14.3010503777966,16.3401914660298,16.2249282986251,15.9488374998656,16.8793893397268,17.3907549109276,17.3105101060843,16.9902758066312,16.6767272035952,16.1807139568498,15.8016072760957,15.4299562135165,15.6854880490527,15.5788419169787,15.6376576596975,15.4199971576519,16.4403587252575
11.9083330609357,18.3181424413716,28.563471944397,22.4814110194155,23.9146662587616,21.4559266755648,20.8078864432981,19.2567822269226,17.6056256180776,16.5734246852194,15.4363505567539,16.6230650290059,17.0401070604055,16.7232770133965,18.4134026348994,19.929953828121,19.9130115283618,19.5368585990768,18.8406337494204,18.3072045272981,17.8299512221899,17.3665883247385,17.2418625255729,16.8828242595517,16.5568765419218,16.2056066056758,15.8803448557887,17.35693792789,16.8912792929702,16.7567091784891,17.2192867755405,17.0835419979705,17.0486240455522,16.6498191898612,16.8808542386965,17.6105977362549
2.25062605106038,7.32321415531377,9.14254163016154,7.90361844629144,7.41562660395446,12.7202350500565,13.5879288371203,17.5243800927137,19.6788765268746,21.8747485826545,21.0501782767636,19.7546658330584,19.3077245782357,18.8270040911978,18.4309920104467,20.529373697657,22.2852272223736,21.9724396495944,22.3436882066735,21.4340637983125,20.8668921707015,20.2599890978724,19.3932211259452,18.8794069224287,19.1759925453333,20.3298513208079,19.709439061791,19.841691202118,21.8335750414846,21.6495998237465,21.3549316443485,21.4344811662633,21.2674743352503,21.2267832757207,20.9327435368167,20.6279941299503
0.56393762244613,14.2580119208884,23.2610345921108,18.9062684118116,18.9547325415882,17.4505675763913,24.5095195684523,28.3617581047476,26.8516863286498,25.4109689668499,23.1556228481459,22.6416315895532,21.1203583011733,19.9009148108254,21.306832602563,20.7794987612371,21.3653666868683,21.0978064400625,20.9867159374314,20.003888489113,19.8949412357061,19.3131758159714,18.9573064133461,19.1079962457526,19.5452623894859,19.5358792444393,19.6561823940912,20.6098378616197,20.3094629588707,19.7969588874976,19.7531940897718,20.0146137122187,20.001875799658,19.7773679427381,19.2818536877593,19.6120670097299
10.9103683890792,13.3348223058481,14.1430804259229,13.4277068478616,13.4407549561385,13.5208646161083,13.2573936784003,14.7011658793655,13.4271931378478,13.2362432176055,12.5369523614643,12.7216124529536,12.8516956691651,12.6115991756579,11.9891944891549,12.5699284242001,12.2089442372523,11.9576389583098,11.9082407106157,12.3309074298369,11.9073484262824,11.5590437594443,11.3720968549184,11.3430135694627,11.6472190167812,12.3761633826832,12.377568249655,12.6993177953516,12.6807441103726,13.49914734437,13.7162106238648,14.5500630950387,14.2171414991315,13.9791974798923,14.1202307491526,13.9575397048375
31.8567643934564,30.7973143235394,23.2738081255741,18.4252990201263,17.1480088813712,16.8061308772811,16.2305692901909,14.775216034184,14.0636839989221,17.8999543789663,16.8718589786553,17.6514969583111,19.5352368041817,19.8255942157363,19.1817378303921,18.0664203361705,17.1946325879602,16.5766500415726,15.8735067783245,18.3420263945911,21.9624150604744,22.1829916143612,21.3883058065141,20.8654443806996,20.2118316320609,20.3241564856616,20.4379515281537,20.5837012231735,20.6843563483371,20.2238944010565,19.7060726900836,19.2910146563856,18.774560516481,18.4548389370147,18.624653745119,18.5551021995895
11.2966753784545,10.5451534632337,12.5060414598949,13.0958828605518,13.0021009005174,11.4372380941513,10.5676722598621,12.6979960273914,14.3986996353457,14.2660129638007,17.2224167766962,18.949476610098,18.1933407792912,17.7358522454088,19.1210459939446,22.0633723850399,24.4506604345961,25.6468405728934,24.6409366110707,25.435362928569,24.4906662061132,23.6446012591916,24.1446522470007,23.5941077066954,23.6178532585437,22.9480237669986,22.227670341259,21.5367684994841,20.9316422564564,20.7061436865203,20.3987755830196,20.4315044080726,20.4784285007024,20.5962826416439,20.8424010986637,20.6014304698948
19.4175506903602,22.8696326818957,18.3204440525213,14.24535950755,13.9807764702122,14.0609789371058,13.0946304546147,11.5387909666217,10.9305718329871,10.8699920439616,10.3031157479752,11.6880255284521,12.7250894660157,13.1087047687499,12.728185456939,13.2960685399423,13.0199169715943,14.025147412636,14.5129347034328,14.6744048208483,14.1514760195368,14.0511116388048,13.8073150127528,13.4322729681156,13.1844063903656,13.226141881547,12.9668605350451,12.9408494710199,12.9406742427538,12.8721543126337,12.6460489853236,12.3067443467787,12.2103048433594,12.0769362395186,11.7852843670709,11.4865241439541
7.43698592460612,12.3656624256247,13.6345476912262,13.9416761606385,11.7491171265421,13.4049935399999,13.2083023064109,11.816743115007,10.8530318752635,10.1949129640826,9.33200057404134,8.96028853336214,9.25863576348126,9.8638915989181,9.67873897067298,10.6055381263478,10.4258210978898,10.2413306974573,10.2780770091625,10.3365925309258,10.2228040279981,10.4102124789426,10.1291695937295,9.91627302792644,10.5811037737924,11.2927179556821,11.044936194297,10.7836486995675,10.6542973777543,10.6315076116729,10.6472596713777,10.5718520919808,10.7671000618716,11.2608284103513,11.3201535556475,11.1821331529264
4.68389327405019,5.12967001783983,5.04815885182181,5.2571911776052,5.0786650535357,4.71706267256007,4.45780909555537,3.99027487490593,4.31773122994062,5.08947635725776,4.67247212125732,4.69383638546545,5.29762746522611,5.77301781930295,6.43237657068916,6.71795219841295,7.14158691893013,7.38925653743372,7.79086488035132,7.86068281036422,7.82685375109687,7.60475411643155,8.09208795816702,8.31745790838791,8.33255820608854,8.05302157546706,7.876380521454,7.99745317997835,8.24895495379419,8.29173998576588,8.33060313347913,8.39893370534956,8.2031969281314,8.25841596803166,8.38919857708886,8.50662510252232
8.83817376593823,12.3916573761926,11.4223430270714,9.86806229739734,10.8887633678159,10.9413347149515,10.2594459975222,11.7295595886116,11.8244739071272,11.166055396989,10.8886344090601,10.4467624791617,10.2927855537422,11.9114283196615,13.1506021492089,14.7465324094583,16.965768021997,16.3592254114742,15.6655831508389,15.5152503931963,15.2787770804114,15.1662192009292,15.2463954472528,16.3113171802178,16.2980598968057,18.3597410629632,18.221054290468,17.7101408232969,17.5946390824242,18.2314230569708,18.6620115320595,18.4600309993875,18.3122467792042,18.7023295688141,18.6224727516627,18.7335152698837
9.30285624586264,15.7458267880912,18.8388189065276,19.2417103995875,19.4966022294661,17.2625676449721,19.2634878598461,17.2048857004546,16.395241996522,16.5918144361456,16.584937011232,17.0314078547718,18.6848531050173,23.1456892570258,22.6992074227922,22.7071409155178,21.5015053769965,20.5238446501161,19.7463579378862,19.5293651226271,20.15567196267,20.28840320198,19.5096599796704,18.8326886832831,18.2655340380457,18.6174926804749,18.8289569267482,19.469972690296,19.8826209485467,19.2965297334789,19.2464120907665,18.8155933968193,18.3408654276114,17.8681970955117,17.4237516491937,16.9985939156277
0.662847469132237,1.50152209923701,1.54933578090356,1.78091542505712,1.88182664269596,1.92157993483131,2.5937678345675,3.33485344582381,3.96292617831183,3.62890563804188,6.05891418854979,7.32625364120289,7.28273175478179,8.605270708624,8.17730508912402,9.04006829473543,8.92119412860139,9.30022454662512,9.62762316146304,10.0725045230314,9.99864313403307,10.1278678906081,10.3505046959503,10.5173230202865,10.7478055745653,10.9477348573534,11.5017232817865,11.3122970260999,11.1811495888801,11.2198648221353,11.1882390708031,11.1122616428932,11.0789287703108,10.9417807006276,11.0643842323367,11.4484480023432
3.64520408243459,4.90580262409063,4.39100327248121,6.9344969093742,6.47397454650617,6.21606085177213,6.91621226843779,6.5105121169787,6.51161617645075,6.10142863769752,6.05707191812912,5.97162968373953,8.16477910601658,8.75621077007737,8.82808751128283,8.55311896767311,8.44617156397983,8.43555077139148,8.11770842104765,8.10982282492217,8.1035201090737,8.18361745932537,9.79883597187809,10.528200812612,10.9934319863878,10.8637338652473,11.0739086461611,11.0696472739272,11.0568043619123,10.9216073973175,11.2945156604081,12.5720412835553,13.6046502586953,13.4345767206667,13.3365984937883,13.3802928102402
5.74688017789834,6.55911661055515,6.63924721685961,9.75252632678735,8.66287167323419,8.49218147560536,11.1242797157588,10.0462004299487,9.0477808129074,9.97961500212893,9.83846401707727,9.92348307407226,9.92707496408044,10.166180849613,9.86036044885545,9.89878222120864,9.69499519048069,9.59028445701205,9.36975744117177,10.1478265488968,10.1560561545305,10.5477408426764,11.659442511279,11.6056313023751,11.691858142212,11.4301331903876,11.3570303265234,11.9831602922342,12.2171216760719,12.4207570558973,12.6710330395618,12.8586172963314,13.6740489722859,13.4264364732408,13.1913543328554,12.9644889644351
5.4476101470182,7.0087126439374,7.85750412099546,8.70146716818353,8.16127286391819,11.6153075256572,13.6291862885081,12.6958046982488,11.9530250665331,11.6366618994958,11.3259632461036,10.5991144285862,10.4214940600429,11.1034142712066,11.7549487657625,11.06388994194,10.5991570645475,10.1094252541313,9.94152122468928,9.5206099273479,9.2698759372842,9.09241440893182,8.92403021686388,8.68066784800096,8.778675372304,8.76105912422876,8.50111835870436,8.32037692152031,8.20395881343577,8.14825602096439,7.97407428696443,7.85000538860921,7.74830257698719,7.65339566681977,7.60000913381477,7.64078246643374
21.1282550587838,14.2876312560719,11.7873741777032,10.7795497207563,10.7305782374497,12.9155653417737,13.3455089088788,12.9395319394834,12.2869779325918,11.3957531199371,11.1052140087949,10.4138142232798,10.2447146326198,9.81435125617269,10.1948259587172,9.85779996246927,9.57898835002949,9.79518423754212,9.45291101286944,10.371968669673,10.7555348473468,10.5157724975579,10.134139838097,9.92695006799615,9.81263835026953,9.62060784015338,9.54503261609859,9.35489303848867,9.35919243660664,9.32060226832386,9.16018007469408,9.07453785405177,9.04293905229367,8.82236062640423,8.82661086577426,8.64384878418907
4.4270559994751,6.08384640809947,5.85824549615712,6.87871893021086,7.85129147369765,7.74017899908872,7.78999154491364,8.41630322597739,8.33263570712238,8.65228513330805,9.1057608987725,8.67257666252544,8.0648892650874,8.12280599846156,7.99923276871565,7.79526984901653,8.05730822636613,7.64201243199302,7.46158637780201,7.42704149500001,7.11245416981556,7.04782764797954,7.09086442155263,7.34310397984868,7.36782349066403,7.69183688558971,8.0945609697115,8.31803498640383,8.21556132943482,8.31779590638891,8.39171894191877,8.43878837692887,8.47184398340924,8.3363626558917,8.44047725598733,8.66152718538708
27.4183743651164,18.8050215044295,15.2672245125174,12.8210385766809,10.7315058628931,9.67789078682189,9.53887957941528,9.02310971471723,8.99130452141661,8.31717836580523,8.08602353880138,9.13818911017057,10.8935548782918,10.4925413026944,10.2739129559843,9.88155529187481,9.48245587663743,10.3605786896003,11.5459324246658,11.8415345330578,11.3892652931758,11.155142673287,10.8006330025307,10.511907976928,10.6056327520562,10.9034852882587,11.4246285098078,11.5621981201155,11.5996388560774,11.5070474481767,11.1800707972423,11.4147035209806,11.1218394442651,10.8341508832272,10.7536863108669,11.216330959576
7.90286446044951,12.3367773022747,9.92816010190578,8.66231017690104,7.52950439880481,8.38290333781985,12.9645518775565,12.3025899031683,11.5582183369849,10.9214802317937,10.0722680992231,10.2244744813495,11.9419286461746,12.5492347712041,12.3250739583837,11.9976305957044,11.669620211763,11.3003610764534,10.8300541838781,11.6157085455187,12.2858733681446,12.406709612813,12.9531030294753,12.7905937804748,12.4987346533113,12.9455767908829,13.0232962714775,13.0116650835382,12.7807151341245,12.8267806039937,12.7861173501584,12.5730476760435,12.5805337731606,12.3249277150574,12.2981080805438,12.230624349931
9.10147537352433,6.11611155492413,7.19940447372235,6.0608681127002,5.33748696888083,11.2714666517741,13.417536012432,12.1628062297716,11.0537149019261,10.1363197186485,10.4023523482471,12.2601189005663,12.6642610583959,14.9636833377644,16.6892443884053,15.9877204166916,15.2806129751377,14.4904584044949,14.056577241742,13.8259439209161,13.4554703710321,13.2956369000204,13.3151086076157,12.8036185331536,12.5650965351668,13.3479474197539,13.166330201338,12.870041803538,12.6489529508401,12.7313638950478,12.7670185363622,12.5094995440765,12.6013158415041,12.6041923412195,12.7594996249138,12.5070761707036
39.6231400281565,29.9927493708108,22.9439271591388,17.8774442345773,15.2306100863887,13.2894278748479,12.2925254374819,11.5958208242566,13.4297212484855,12.9856217138483,14.025254499926,16.6596312671575,18.3982228429701,18.5041277172983,17.6610656635252,17.1605896693331,16.5710465276962,16.320933498954,16.4173302338185,16.5590353909827,17.0803879330023,17.2245079958448,17.8036442119367,17.3807023761295,17.1727140379998,16.8134740072316,17.3521936476858,16.9243794792746,16.7142189666064,16.8549292467944,16.9353308804934,17.3427881937837,17.5305936664217,17.1168246027381,17.5256137025981,17.3460672241223
22.8311000899027,24.0216811685942,22.0950889555613,18.0492819943361,15.7885038807196,15.2943519332874,17.6349492843059,16.5844443831909,16.3354630559839,14.9738855964021,14.2844850938522,13.7248912883725,13.1782780218835,13.4300730634472,13.4268304486481,13.2334400087642,13.1821390838655,12.6885001054821,13.1442489774698,13.3762672801334,13.2776458957345,13.1821395594849,13.2105221798217,12.7948732688281,12.5473506466259,12.6670192307188,13.0496248212627,12.6572819724885,12.3540661822553,12.5467422798897,13.2219367985506,13.8533109876209,14.2342657420577,14.1185808552773,15.2481234226555,14.9430594520931
8.33924390001894,9.55044782910834,10.6718396772079,9.48867777984453,8.90592095978245,9.07788391057901,9.74070718392016,9.74936760229748,9.34948783974608,10.1333797876683,11.1299987395517,12.3550713560251,11.8396222398902,11.9555159179586,11.8891618727846,12.483475369105,12.8861146330952,13.14327014219,13.336762345922,13.8297857137463,13.6117574552978,15.2428657855755,16.8818643348835,16.9860393486955,16.6328078959802,16.3011719890591,15.8696973342398,15.4587383876682,14.9845398752713,14.7066478325037,14.4300609386439,14.0337190331193,13.7023426712376,13.3279266905517,13.2138465611887,13.2776477390584
43.968624559903,42.4601812841702,40.630595866011,31.8622793011847,25.8048614007635,22.6417408235077,20.615241115077,18.5536322575124,16.7972690282542,15.4818024918875,15.1749663364904,13.9974774292985,12.9963719797358,12.1190500658672,11.3356546175129,10.8860363016352,10.5363433093319,10.048964763087,9.73760204115934,9.45958185585961,9.19508659187728,8.99890750975161,9.28424449466574,9.29141658118625,9.09183329479479,9.07089479517231,9.02874044077638,8.89221512941096,8.73569124382958,8.70861868673527,9.05387877738453,8.98559809453896,9.48368220100109,9.49683199650472,9.32778314801399,9.28637493242102
5.99428154624507,5.61759690173078,15.1410413025834,20.3001024891378,17.7483593591116,16.4460875103895,16.2011815930209,15.8638465432589,14.9474888984134,14.669942836375,14.8438744954651,15.9491759894878,15.1300721127873,14.1744237184405,13.8459294639008,13.7803293273875,13.5863634735284,13.2732099732183,12.8298330902262,13.1969474721685,12.9390221190696,12.555661732268,12.4992706824196,12.1248088924307,11.9374079673728,12.0595526364024,11.6954944275902,11.5040299947889,11.281014733309,11.0610179701926,11.2258819171652,11.0148948363743,10.8519746216602,11.0703955026535,11.6509420292239,11.5808341226024
15.6934506300704,20.8443950588269,20.6538864684382,26.9386585616351,32.2868190240825,31.2100018663879,27.1277962536419,26.3593984600505,24.3916662869681,26.3326561590195,28.347648414387,26.9818851595113,25.5423523479243,24.0984453589387,24.1329884518466,24.0873887837336,23.3870519938721,22.9522320620038,22.6855721433311,24.0939352949716,23.0688847907921,22.4926453872764,22.6952345925847,22.0111737061792,21.3026208417374,21.230344681903,20.7930641634259,20.4214910136061,20.244972197184,19.709605409493,19.5902904897799,19.5711594089982,19.2315203570992,19.3132901042084,19.1724314313099,18.9868062398002
4.24873922761709,4.43394217778188,6.41293816779477,6.72137195805273,8.11018239293769,12.5291544787689,12.1185517864366,11.3827472593566,11.1449497478877,11.7645537804547,11.4798711242631,12.031400555461,11.7517275335714,13.0835941931397,12.7876876687877,12.7987817535459,12.7595511013957,12.9050871209263,13.3222794689678,16.4010076389693,16.7599038031578,17.0946222946174,17.1402317059301,16.8362886617816,16.3117770127551,16.4220730285826,16.9372267216653,17.4717586977073,17.0690481918366,17.0443644008082,17.1267042169733,17.0366184436408,16.785297823144,16.8043178619656,16.8443969918153,16.8990292143304
116.823691129986,141.081756594188,101.277188130657,77.1797638701151,64.6784749197884,55.0135671157171,49.2535575934056,44.1945776606963,40.1008003127211,38.0979599342943,35.9932401534067,33.5481823096232,31.3330055363126,29.226525753784,27.3659608150782,26.3792076054681,25.2228460131251,24.1006579723878,23.1493072364184,22.5297354822657,21.6061908807442,21.2725266324169,20.5321303827016,20.117070549012,19.4980669717969,19.4275076662386,19.1050588856334,18.6377500161635,18.1599065620872,18.1596950011402,17.977380425835,17.8318945282178,17.5658772504464,17.3402031359989,16.9817452485756,16.6344202685781
3.96651250826506,9.21655886517675,8.55456927719638,9.57185361104805,9.48456888780759,8.92858448395692,8.87272866133781,11.7346408065156,13.321037351633,13.2010273896617,13.3963524513715,12.8939149202374,12.7143326634495,12.5814285059169,11.9214728376821,11.3535376788234,12.6001804761866,13.3038468227392,14.3002993490056,14.3053496660614,14.288212473404,15.2841208295933,16.0682613077288,16.5153187964217,17.3086138636807,16.8744021790696,16.4052462109782,15.9893078435464,15.7359293039598,15.2861665007624,14.9704367829404,15.5214246119167,15.8475858069805,15.9882342296821,15.6338845941555,15.651216288278
9.2648308229259,5.7249680743679,5.60922626497087,6.22574378817036,6.15457823091444,6.64212856158759,6.20637661373948,7.51744374185292,6.84107052553522,7.21314002481201,7.32873531867265,7.10346491409372,7.40827149520841,8.07144037183319,7.95521298292908,8.44296446115364,9.46412925461024,9.75522072440206,9.78218494186232,9.50927387170227,9.91047226955854,10.5259458289367,10.9336205394962,10.7031912877001,10.8250666417653,10.73810924175,10.7874750866069,10.5030928196247,10.2677747227455,10.1143623148865,9.84525474191331,10.1560640810992,10.4765172231068,10.8372541045642,10.6272850775751,10.7595834384213
7.49531543061927,10.0613924383833,7.29678226219405,8.1369675752687,7.39011812302622,7.93125810916063,8.42499387657442,9.03587057334256,9.55707563806967,10.335786998844,10.7024177844393,10.2349259562215,10.2757046710422,10.1438279025611,9.64602666130478,9.86590912323998,10.3901147467737,10.5177473199943,10.6678095083967,10.4701526430323,10.6272929326784,10.8957036041091,11.3696516858707,11.3793361898181,11.3578563855032,11.0216810676788,10.6897134255588,10.3978655628984,10.1654915320739,10.0191691289107,10.2429035946754,10.5627589986219,10.5919149282716,10.7458466967602,10.499964487155,10.4917596542284
4.74703799430686,9.23079773231082,7.72251288107848,9.18622840863711,7.77583217463873,8.20338929990687,7.71561544971463,7.34279595898826,6.95738870968757,6.84647164798264,6.89073588310312,6.37194143013956,7.0366928681748,6.73662022128054,6.54581726969462,6.44460530723998,6.51834071357458,7.32128610180698,7.66290262586192,8.04055935703973,9.24284413229293,9.55513611797993,10.2431808100103,10.2102907492909,10.2257800748704,10.4934696152482,10.5995555388904,10.623844249681,10.6466748366719,11.1372799713864,11.1594385072178,10.8928411805192,10.5849499480329,10.3274917181204,,
3.87851547851027,4.52845565612211,7.63960549870468,13.7881840448121,20.447791347368,17.6480313593486,15.3517714445748,13.6901525100367,12.7347433846105,12.2849820888959,12.7580387052207,13.3796690613068,13.8210800621245,13.3756506936669,13.5735257878681,13.728625447957,13.9298788569199,13.3195478727092,13.5597695797256,13.9042188377164,13.4276116856008,13.1425646769882,12.8862512006049,12.6965260514293,12.4023685109986,12.2054592885978,11.9882393820931,11.8367320263741,11.6645427638794,11.4192653961949,11.2183333825409,11.1552902162955,,,,
7.17478448445424,9.18269214030924,9.07430869800041,7.84459720227633,8.85264926817867,9.98440907189097,10.8090512304723,10.4842023766281,9.35560512262079,9.10848572676531,9.28599962432218,9.3530719761611,8.85979846731541,8.29740443823496,8.0802165082521,7.89185516841172,8.1806288483931,8.3842486691641,8.23294537336461,7.90811910529097,7.60403944180347,7.53588357790158,7.71822398280834,7.90905983418507,7.86903024176058,7.77835814304002,7.94844416636762,7.8895288213043,8.06179611044819,8.05878091388936,8.11064614063982,8.3836337428295,,,,
18.5194827736333,26.1847337581173,20.4866137976194,16.5415923364765,13.9746734631042,12.5097073181702,11.4467478184404,10.5829549725591,9.98028142059052,9.18243774971443,9.46974623540857,9.37625280629866,9.0205070341864,8.89239273986513,8.70660355518378,8.8403990432603,8.78111979111935,8.50058397235737,8.77491754953072,9.1180397604967,8.95558143776553,9.42480390620905,9.3989652783604,10.3533490180929,10.9259317640276,10.5982045486176,10.9562586145127,12.347143246026,11.9649138045846,11.9245164473877,,,,,,
3.94464142360724,2.72276449916794,3.35277771171101,3.65422505494346,3.37368932062129,2.81524540302834,3.23590684188351,3.92971483864956,3.80888426667912,3.94578649336292,4.57108299852351,4.96601534413105,5.78391032107993,6.00733265703521,7.16842969680421,7.15763954842165,7.24684708003739,8.31337755722063,8.71796593139116,8.88775504875591,8.63623738659579,9.28261430263484,9.06020105762562,8.80210072866803,9.89082392504839,9.84598881358229,10.6786782387701,11.0276977270265,10.8563235656992,,,,,,,
5.79314433460828,10.9628899453279,14.2388460320684,14.0717186534919,12.5453991676655,11.4676305935816,12.1317970269012,11.0582790988269,10.5329067781812,9.67870343093302,9.31568856149452,11.6828698931854,12.249731332392,12.3574969278752,11.6841647016565,11.366205912228,11.0254531433088,10.5238524810215,10.073577531119,9.86528800069095,10.3573670490432,10.4664242739429,10.4611853542034,10.8965025898029,10.6116926116849,10.497840204282,10.5123333108109,,,,,,,,,
3.23005883012071,10.0686290357122,12.8960600746815,13.9863810565494,11.6891064044768,10.1596982687813,9.59194078926244,8.69611081232952,8.06726808990973,8.20813008635993,7.80307392326254,9.49805960020404,10.7532389475725,11.2831401691305,11.1211586964359,11.3573444030442,11.1095451325879,10.9798937429897,10.7234277613805,10.4814992194909,10.2497519699458,9.95095548340012,9.81074561143857,9.52493158775119,9.28843408788945,9.33337982860234,9.5396339872351,,,,,,,,,
3.48265930632523,18.4598118112017,16.634904648779,15.1805094364406,14.5207375907041,12.6234190059327,12.4072482032922,11.0010923419834,9.8034939515205,9.39727025523288,9.04453154918145,10.0767404241542,12.9857063956085,12.8962129474436,12.5957657269667,12.6650555993424,12.433370048678,12.2985170654184,11.8217833088981,12.2265087553023,14.0141970697166,14.9765858509434,14.3679567499241,13.8350514901824,13.5454536537523,13.429062650484,13.3532774440054,,,,,,,,,
13.5705381318332,8.76872346854291,8.18817226420967,7.02318978048046,7.90374849218771,7.44661643240251,6.76401959130712,6.95599565621685,7.99290151518987,8.68993068610012,9.56076625430696,9.2076397105095,9.74515793917822,9.99167262682212,9.67524051888029,9.89696448064342,10.224140997348,10.2025740916458,9.87302932460774,9.48265415033656,9.46389890766739,10.968144321789,11.0509835569099,10.8774232598283,12.0883637447685,12.6907794075517,14.4135386529716,,,,,,,,,
28.5626713762836,19.4992587914638,15.8804344401795,16.6198369779313,17.7000706277499,16.7008174390801,17.4256951656534,16.2385007345096,18.3380735269103,16.9931383983672,16.6211700128656,16.7263418294086,16.9196279641918,16.4922329982996,15.5487268738283,15.1974373519619,15.2528823915062,15.4854450139875,15.2339241730895,18.3502162964175,17.85635184172,17.3906444974432,17.1310330667498,16.8957855481497,16.7197932611149,16.7639494817838,17.2930847199405,,,,,,,,,
8.71402944501112,6.44056022145056,7.28063269601934,6.452769286385,7.51146508098846,7.89023792363729,7.48431799120347,8.1278792224441,10.0021390391213,10.0778867025472,9.64752126513272,9.145408743089,9.2196864736493,9.06103611721356,8.96509156972374,9.49968034678749,9.77291504515576,10.1037064405356,10.1730581571729,10.2738245449067,10.9438066361672,11.9840385482073,13.2963425968454,12.8141318536041,13.2453035623124,12.9678392469255,12.8680546808901,,,,,,,,,
20.0882349152354,13.083248554585,12.155810151705,14.1447927063213,15.895054095822,15.2597114710046,17.8754823655528,16.3363521568729,21.0329413005876,20.1382459503532,20.6569248081327,21.2237349513439,21.7114548453605,20.9205419735701,19.6189237444335,19.2315458693767,19.3569416270443,18.4983284167491,17.6075050197796,18.5709692230864,18.0236620811206,18.657168975549,18.1238031491896,17.8527337153027,17.8327726400407,18.1562526858671,18.9599826666717,,,,,,,,,
9.85290330453622,6.78464052899693,7.21394598818818,8.07010454324472,10.8979121522743,12.0903058032343,14.4240234680453,14.9277978516431,19.1503618862327,18.1068323071132,18.9992138547967,20.2829214860705,22.7046517221682,22.5149950678328,22.0526371164743,22.398193078559,22.9908813796057,22.7826033229221,21.7479867775911,22.8386949114305,22.7644572960278,22.470191636634,23.5919794668404,22.8248615469925,23.1720858006785,22.3355076945488,21.829752200524,,,,,,,,,
35.5217779046459,22.0414037647633,17.1633821563177,14.7685804917588,14.8281918397602,14.062057388921,12.5734811822821,15.1709708324756,17.2441984923146,16.1236555020625,14.8489853428402,13.8889665925937,13.8820546413956,13.46907342388,13.5885357771065,14.3412818579458,14.7544881302686,15.4830670422785,14.7539456652893,15.0000756618492,16.2529771812319,16.2218663470179,15.6573029066098,15.1259174021682,16.6098640847824,17.2376807659648,17.317038957369,,,,,,,,,
11.3858858906041,19.7608118045633,16.4422498306261,13.5599494364849,11.8297483591947,12.0567107042176,13.3730041522141,13.5040780513295,13.9023918533528,15.8081860283642,17.4356240929362,16.7614085774839,18.0294972661713,18.9256811134411,18.4871286232256,17.5117808470747,16.6751844946189,16.1691967237498,15.8319981642705,15.915367420188,15.5850133240854,15.0072788818159,14.8590131431158,14.4824934851492,14.2461403703571,,,,,,,,,,,
5.62511290314707,7.70097926741441,8.29438870285184,22.8030343403672,30.5838774778226,27.6396589986159,24.1122758453929,24.0132349129205,21.843458779794,20.8978714593897,20.897471393529,21.1145868033188,19.7035581078959,18.9281319651296,18.2113066173528,17.7682471420326,16.9203320176597,16.1108450171257,15.5117541478768,15.0091708609856,14.6946178923918,14.3135419496668,14.3594882111663,14.1903006833045,,,,,,,,,,,,
3.23802654113967,10.5077211081221,12.1272045712305,12.5153270322677,11.1119220176777,11.2993093873277,10.3817810090888,11.8724608982881,12.0701341793725,12.5425106666002,14.269856564778,14.6991779693324,14.0978850229281,15.1313351512869,15.3170963325561,17.2828142085404,16.7923075987399,16.7815836781234,17.233979901755,17.4322095526998,16.7368949003487,16.3405652271423,16.5480033741796,16.9382704101722,,,,,,,,,,,,
0.217506105666656,4.18025438378686,5.04838485927258,4.7394686545015,4.21385484738678,4.47224676732885,4.92592477509554,5.01650086839219,4.83488396118607,6.18289031270734,6.02610308668499,7.52438754374202,7.1660787999794,7.88301977296042,8.82648085357344,11.3942583047254,12.8079143776836,12.601727161311,12.8311011678534,12.7893588239586,12.3570721315686,12.4131683410087,13.3598412930041,14.3066518839057,,,,,,,,,,,,
0.750553029491974,1.86040129919936,3.48047078603607,4.4390630528477,4.10565222623467,5.94408082730605,8.44190065248906,9.43433179006476,11.0175662485337,11.7943800113468,11.7177631440752,12.178101581826,12.1426231925645,12.020256458394,11.9881706362887,11.4931942667964,11.2530014678773,10.7608766817115,10.6735640084939,10.1655944207203,10.1546101647486,10.0236745815776,9.99136790743643,,,,,,,,,,,,,
15.8956212331766,14.1743343260419,10.6634350758825,8.69307974840453,7.16191218124209,6.48415063921215,5.6668206872319,5.62739148744058,5.98119722830613,6.5354531204865,6.03229968632001,5.97094189160759,5.91131031188371,6.10036217320458,7.60044303492398,7.32099580276425,8.48025350846765,8.18157398511747,7.84564573011313,7.6969722760512,9.17328918128471,10.1713971899404,11.0194053423674,,,,,,,,,,,,,
10.0832726002824,10.1129394338352,9.89794520182459,9.19624122030264,8.55659561506217,8.09059752956674,8.91617494295277,9.12387455862437,10.3786173155659,10.0340548854306,9.62963801728177,10.1908956152114,9.94176960785895,10.0964953643036,10.0372902035445,10.1439715907496,9.8099985376145,10.8963020168043,11.8717073530377,12.8264117978989,12.9774017730458,13.0435540218705,13.8269774944355,,,,,,,,,,,,,
20.1421700889773,15.9448219769618,12.4314698463722,10.3215953180761,9.14402266606477,8.04471480842159,11.4221947547702,12.1572036765637,11.2947152877077,11.380998138711,10.4242908808488,10.3358507300437,9.88784367085429,9.54872510300116,9.12522731871083,8.71738504504892,8.28636810915515,8.01472213582935,7.68501677875536,7.4383445003777,7.16266951887731,6.97901910095722,,,,,,,,,,,,,,
72.2919636040607,39.2995519535087,28.6422448524201,24.2921739719158,21.7440713450214,19.8301308683783,25.6574311262672,29.9889756054188,29.2266697663331,28.416776130527,26.2071859031204,25.0149827754998,23.395151150899,22.3639376544128,21.6047317580259,20.6572071614104,20.3867052322343,19.6434204498005,18.8139294845925,18.0134091415953,17.5572780045681,17.2501711080503,,,,,,,,,,,,,,
6.34290088010363,12.9606995034667,18.8604615106687,20.7682381498731,20.5478252400319,18.5904028120669,16.7868624369107,15.8120630236664,14.9717951490014,13.820784914309,14.24421738005,14.808027473382,14.2873115021406,13.997356209799,13.8497248588862,13.6599933385876,13.3810966575928,13.1120651911346,12.8087815606628,12.2544780236468,12.3198243222055,,,,,,,,,,,,,,,
11.4081884436151,11.4877636964164,9.79478826773444,8.20399984572576,8.1945709742464,8.79598025528298,9.57699695369381,11.3181767778821,12.6030700112903,12.3305840051266,11.8919576024991,13.4782028984639,14.8930793733891,15.4985702196153,15.1672871206081,14.886744260191,14.1959142083654,15.5930412986756,15.1205215206063,,,,,,,,,,,,,,,,,
15.1424348505066,14.2920033794969,12.8588895019171,12.4272754469275,12.2502893504051,10.3886481188009,9.42704578561935,8.53944460806791,8.01865298322484,8.66715756498234,8.85111052861052,8.44087956288697,8.22695419561381,7.80461656515106,7.85482899116097,7.80528529150194,8.17637147224003,7.89330075248803,8.60891180357266,,,,,,,,,,,,,,,,,
72.4494608927956,68.9617339149498,49.777195915253,40.5071943142732,34.368608490965,30.0409816949311,27.59049074579,25.0041620769658,23.2483800455534,21.6901291573965,20.3873554395835,18.997844631827,18.1265970036942,17.0979926736032,16.576823343798,16.056672142162,16.1459313327988,15.861907127846,16.4370675374511,,,,,,,,,,,,,,,,,
51.9671967769074,85.1671483126717,77.7092354571978,60.9173071191032,50.7438862151693,43.5663984473207,38.2946890871616,35.2713397196194,32.6300404817512,30.1808639240819,27.9785352348558,26.3484447278653,24.357001170303,23.2376263942385,22.4265515571025,21.3811943182628,20.9853832463362,20.4568603714808,20.3140904011621,,,,,,,,,,,,,,,,,
42.0032606390794,37.0436798228337,35.8614717718571,37.3793365348888,38.0616555313477,36.8387203923491,38.5238210711853,42.3823039623085,39.1641174813173,39.6936920870384,39.9037511860929,37.3644460924369,34.8318353773705,34.9063059140326,34.4049061786652,32.7728507539031,31.7253977017799,30.4774896922662,30.4832306293693,,,,,,,,,,,,,,,,,
133.06877731759,102.860492978396,89.0619567839283,76.5856895978303,69.3712519029542,58.1039483995589,57.3489093209242,50.5947604659086,45.9838778192097,44.1978873081264,42.1287390994361,40.1447471125765,38.0211751113654,37.4242260607647,36.9488673788314,35.1462876516963,33.9720835417544,32.4451378845125,32.9053660460796,,,,,,,,,,,,,,,,,
13.9846728775938,14.8025107979287,11.6002172382091,9.18819969863308,7.75495236204823,11.7820174255645,12.8531435202557,15.739842646126,14.4883071434229,17.7318734629975,19.6490209992638,18.5001769927936,17.8095325443304,17.0407663223073,17.7948582973464,17.0746774327344,16.8304225875992,16.2422318013347,15.6823473601182,,,,,,,,,,,,,,,,,
9.47853084310185,19.1236185182999,17.4244452412555,14.7543874305691,15.467614224228,19.7675154021223,22.6354422535836,21.4495758590023,24.3095042950526,27.3548790696324,27.4935610419822,27.398713855962,26.7830525662412,25.6834973801438,24.5685400042395,24.317215275445,23.647680554348,,,,,,,,,,,,,,,,,,,
10.3511985324741,33.4524126616919,27.6495672827817,24.7440147088535,21.6752864599694,21.178411970407,18.8311603927933,17.6296235524553,18.1666131240505,17.9875143734964,21.9090471052511,24.0744342404046,22.8175649605151,22.1056217500372,21.409867339592,23.5070171340183,23.3701111798539,,,,,,,,,,,,,,,,,,,
3.30833632036971,6.87335233717204,7.00667698551471,5.34354005273893,4.67204442877583,6.02746978581797,6.17725413500415,5.85897609798129,5.59258530802159,5.52276728230071,5.44204735986743,5.28796933473964,5.10907349903089,5.28239929079998,5.4659093990066,5.46148375719371,,,,,,,,,,,,,,,,,,,,
1.46811284971878,1.51521301726662,7.04945007015168,6.89418625638969,7.02325298285701,7.37141213241009,7.01121331789563,6.63672767661769,6.1316482835807,6.24946501354092,5.99402664942182,5.8565616932685,5.57517471221047,5.34668316858697,5.40292533286748,,,,,,,,,,,,,,,,,,,,,
3.61076839975483,7.45151479658574,5.97722194655292,5.20047571554802,5.30545045464825,5.54878167540452,5.33893594087663,5.24857384343867,5.36678554503908,5.10956840709723,5.41486334992953,5.70625671194391,5.72080606603159,,,,,,,,,,,,,,,,,,,,,,,
2.52588496465591,11.907438648793,10.1033913009209,9.53050362864618,8.70803574138291,7.72668982480202,7.2392511395329,6.84779910500589,6.18025157485652,5.5949316842433,5.38142915405335,5.22305255007548,,,,,,,,,,,,,,,,,,,,,,,,
25.8418903369106,26.6992001466973,19.3756347463437,16.7161617903495,15.9476820351643,,,,,,,,,,,,,,,,,,,,,,,,,,,,,,,
13.1075105390735,14.3042952668994,12.9182840038132,11.3247841108001,9.80018096942707,8.59963595529064,7.62378041979332,6.86910343461763,6.96019571854152,6.87988068908521,7.06495054612866,6.89285017993926,6.55253918551094,6.77072602199726,7.28004025937181,7.32919031458536,7.08453631976726,6.94292321011447,7.01573500523299,6.96108339669324,7.8842746822567,8.5482680032363,8.3197847694979,,,,,,,,,,,,,
7.64056386161558,5.26562155944732,4.8701997024657,4.92067991608693,,,,,,,,,,,,,,,,,,,,,,,,,,,,,,,,
15.5962708964118,12.5640043410352,12.7864318978207,14.3321615526215,14.4030241282006,13.8807588972679,14.243791853252,13.3753319458998,,,,,,,,,,,,,,,,,,,,,,,,,,,,
1.08034156076817,1.62782199502651,2.68243968951346,2.96512145183904,4.26999049630765,7.18286416448338,7.4011537868277,9.22834473373996,9.18994459469646,9.31152000129036,10.1235291153598,10.5855894688211,11.2362304558379,10.8830244883138,10.6614200257155,10.5434751903305,10.7823439907209,10.5315614062075,10.5044802922405,10.7879014340074,10.3194195754698,10.1923110251371,,,,,,,,,,,,,,
8.8623770269189,5.67090902757486,5.02696351550392,4.83372622228488,8.53257831768437,10.1996774553394,12.5854991093803,15.231554250439,15.9419512592892,15.0467253461471,15.3778769972306,15.0256503808243,14.4705291434637,14.6832224733405,13.8934551689073,13.3169782885127,,,,,,,,,,,,,,,,,,,,
29.3628672712307,16.5018323922752,14.3480638089649,14.2772761572326,17.040732133569,,,,,,,,,,,,,,,,,,,,,,,,,,,,,,,
3.13306529696091,3.81732807694789,11.8600500242717,12.2919223562107,16.9311969317087,15.0353985056495,15.3456142140601,15.7235782793343,15.8282486607557,14.3656162236226,14.4273442138325,14.2225228219811,13.3982473752524,12.6531138333049,,,,,,,,,,,,,,,,,,,,,,
9.03908559525173,10.2121952159661,16.1721148557813,13.2310045957884,11.865696451171,10.5820097008822,10.2205298454912,10.2211239925261,9.58710237787488,9.29893758935857,8.68092239960285,8.41365385694835,8.21878580553588,,,,,,,,,,,,,,,,,,,,,,,
17.7652875215775,14.4200040626647,19.1562424193907,16.4640977174582,14.805129053166,12.6863194437121,12.9783290897427,12.6555058640194,13.4336976047046,12.2396050031171,11.9997367910591,11.8275431856055,11.1363398938928,,,,,,,,,,,,,,,,,,,,,,,
8.15332769258603,8.00175670513045,6.15115019620549,5.58732320207601,4.80578524247286,4.31914835228945,4.20870529933194,3.89225859196032,3.75449244520571,3.5496284799045,3.323541493692,3.20781648718745,,,,,,,,,,,,,,,,,,,,,,,,
8.02610173824055,7.46751813457787,7.87386985181255,6.8700727168563,6.36691236001336,5.6599742280242,5.12074716102702,4.64159785547299,4.22303085651222,4.64511644016453,4.77541515144397,4.45723076806868,,,,,,,,,,,,,,,,,,,,,,,,
7.74771019218706,5.67873383736966,4.45386939504356,3.93180295401209,4.08863547358975,3.65572763504895,3.1910154299467,3.14791871091174,3.28999737337449,3.51987456327648,3.84004093688445,3.60694493187408,,,,,,,,,,,,,,,,,,,,,,,,
14.1093057478862,11.7976456412261,11.2801317718788,12.2679676102352,10.9408264304319,11.2371622639685,16.0328591054281,14.5188420293936,15.5264532665422,17.7473729831524,,,,,,,,,,,,,,,,,,,,,,,,,,
43.1225464637273,33.5176830178203,26.8484496192457,23.8496720438208,22.076061325612,21.373119317892,21.2734827960545,20.0888719651791,21.1276232031838,21.3488898241882,,,,,,,,,,,,,,,,,,,,,,,,,,
,,,,,,,,,,,,,,,,,,,,,,,,,,,,,,,,,,,
5.60096111044672,14.6456545797954,14.8812975115548,13.0983244446001,11.5002606527605,11.3285792200555,10.9682022182741,9.78110085382325,,,,,,,,,,,,,,,,,,,,,,,,,,,,
12.9591605189277,16.120981680642,12.3175374051832,10.0131592861728,12.4194593249875,11.9715557788086,12.1880787470114,12.1856816334367,,,,,,,,,,,,,,,,,,,,,,,,,,,,
8.87234271887619,13.5701948018148,14.4251006646659,12.2745644224545,17.7248160269253,19.5400420991076,19.5022153873704,18.5069680186965,,,,,,,,,,,,,,,,,,,,,,,,,,,,
5.61629969817528,7.72078143702957,8.72174768689275,10.3913423590252,14.5902103306506,17.9754214712069,18.9217776955302,18.4445466483033,,,,,,,,,,,,,,,,,,,,,,,,,,,,
2.3239297114946,5.53516072541377,6.59401280940938,6.75113826223601,7.51255112197385,7.57196123336932,7.11130966985507,6.52385845136868,,,,,,,,,,,,,,,,,,,,,,,,,,,,
24.4944126802471,22.8859877385929,17.3416110769151,13.7207764142545,11.8341611035387,10.7297734444708,,,,,,,,,,,,,,,,,,,,,,,,,,,,,,
6.2421756244103,9.17611150429309,13.297583686808,21.4092323796807,20.4903505579252,19.6448992018167,,,,,,,,,,,,,,,,,,,,,,,,,,,,,,
