Var1_1,Var1_2,Var1_3,Var1_4,Var1_5,Var1_6,Var1_7,Var1_8,Var1_9,Var1_10,Var1_11,Var1_12,Var1_13,Var1_14,Var1_15,Var1_16,Var1_17,Var1_18,Var1_19,Var1_20,Var1_21,Var1_22,Var1_23,Var1_24,Var1_25,Var1_26,Var1_27,Var1_28,Var1_29,Var1_30,Var1_31,Var1_32,Var1_33,Var1_34,Var1_35,Var1_36
7.39944977099641,7.71393820994228,9.76630894812748,10.8740913765168,2.3174489597139,4.82603972212592,10.9622471636269,10.7729370711729,4.02917709504282,10.054474146331,9.59550195011236,23.0847492898584,8.38661853729289,4.28386146489995,11.5997285306671,4.04358502594842,2.94737565447575,4.05708466131161,2.85547962863444,4.86128629638281,5.5170096444357,9.56337071176204,2.95788755414878,33.8276457355645,14.4346726366009,26.7103624352779,1.07144073280718,19.3936917459133,44.736326220057,16.7604640293396,23.5704296805876,7.80560034884023,37.9981820552813,25.7140872474111,25.6458586691777,1.66508361361007
1.94974329497372,48.2928535730534,42.3861096100862,32.7544459149642,6.74830555742353,16.922746120201,4.2395207232495,7.17343564935124,4.96763850143531,8.98139135708072,30.478658977811,40.1916795268856,5.9098747085123,22.0411399759607,18.5570328516007,11.1413557403961,12.2938270169767,6.7104259455486,11.2592971930576,13.2702992493945,12.5774771006641,20.3640386439414,31.0568106922815,22.8740747286068,0.646066916023388,72.6792758761153,64.0409896556001,8.90509325517989,65.791345492768,47.6990402943278,16.3193122448707,13.1487558405331,43.1233646330619,33.8733615929712,14.3839872324048,10.1096659184439
2.20856565701291,0.835716971570553,0.0488110399406247,0.8635087270709,1.25612406349447,0.334493933295286,0.387502141094632,0.292179211294063,0.405550235222744,2.40521286963205,2.38895916407507,1.37277490939448,1.58727372373519,1.00748437376705,24.6652341418793,21.9653044776212,2.24605416367332,20.0281443491001,6.39133378035768,10.956659006333,3.22788816117421,0.75405081322747,5.07311273826632,3.63155132584554,15.2616103488598,7.30934527144686,7.61928344288582,7.14481309313191,2.26766929668,3.45820681489478,7.64672002056917,7.08146455421883,7.2782408631049,9.66628390774992,6.77524162552365,3.38635376632668
12.0063680133663,35.246731313792,29.4797622854408,21.9321962526641,14.7921228782436,12.2259309471192,16.28906626299,11.0329208053729,6.75069532566796,18.4924179713284,4.21637138069578,21.9379659301889,5.55012405398239,13.9118687734775,8.17283102797261,4.04048449617044,8.6154574080646,2.87027443198326,5.52542684443383,5.97803048481253,3.06202582865352,10.3513190776931,1.54246320688808,7.94438494315688,22.718423396703,14.9619062857853,13.7340279752569,10.4438645818767,12.0081310061166,5.17490205086906,21.1402025163148,1.2839868587567,22.7857536365472,21.7563176817117,26.6919211132104,1.53390533260209
18.1303141682744,12.4743001086266,3.09191390359438,11.0782539456539,10.6138924755786,9.21720642307087,10.275925545769,22.0547384430309,21.817382051247,22.3327778456879,6.71426417603379,10.0227817123309,10.6143106241056,22.2232674236115,6.68726946667118,5.10360988353182,14.1646462163932,16.0716659615546,1.85137006146459,20.2119499360045,14.5432261663822,0.574573687141737,9.40705313508429,8.99796721581204,3.27167632461724,6.60486659061764,7.44756320115595,22.5543439955884,23.4549020065562,9.73585205430797,4.7483310124392,4.28871538994223,3.84169963259557,5.18901408430618,4.12244681796265,1.58629175821637
6.0370688783119,15.5666206988909,11.7419452439918,3.81016436800995,1.36147146991435,12.0724873772507,10.6804526704312,12.0771749494663,8.31147413680842,5.84337412861922,1.08893067941666,18.3117770582553,29.1729425184798,7.51080509115296,6.43320605038623,12.3789301281965,1.84276714025801,7.57841499198433,12.7992824706736,18.7695836527606,6.75277547516973,34.3920065318424,11.2833090237091,59.4323759706273,55.6706960150759,55.6318107519767,3.63762323996907,10.8269303115268,3.75010701219159,23.5136009621602,30.675620075615,5.58976903709041,17.3230874295247,11.9768261806706,30.2050732442094,4.74716644132579
3.6433691411398,5.72920536794428,1.25000181974087,6.57643905812912,3.35171050526083,4.98768741605749,3.23269541716467,2.76295631087034,6.10570303607946,4.40144829717761,2.26765062835106,5.44225318183328,10.0529642898543,10.4483938131817,6.42665672875546,8.36584836782909,9.62150565751624,4.68787717587319,46.4451015999562,57.687200069689,15.1253391137149,49.3755526217132,27.1041391848052,17.7830231997557,37.7878127046029,37.8914497010214,16.6440191851998,12.8049246834858,1.40908121996673,3.79231232990181,27.4707877988575,14.9876608287169,39.5100739556048,15.6792740966174,18.3365726244344,3.67088102315902
3.73043340372279,15.5225950643681,0.704949793516193,8.1466131057805,8.89892109052754,3.08441577491802,8.00897336940534,9.78151799210381,8.48949975765558,8.56445481976394,8.88646482732562,9.92962180035127,17.6953924251124,24.5474872263675,16.1222577854587,3.05266906077383,5.52487068309962,3.69678639825792,9.36885069414728,1.3514770839229,6.87613760774758,6.39312916485315,12.3083678099918,16.3129892194073,9.493861243802,3.8156287321066,10.2992794952394,27.3312884209893,12.8335140016077,32.9471078367528,17.907514287332,3.86863777881703,6.56831959103474,8.99864977517941,8.41644952128351,11.2080215594196
1.81539445896263,1.9763595707735,1.46710313941613,0.412297999839151,0.990135990460735,0.837608175543883,0.754905075521561,0.476283645670015,0.387378280456233,0.872226562270606,0.516020786399242,0.308091781970113,0.224107986134373,2.14991328993315,2.31770501775724,0.582702899378592,1.10046505687438,0.767068583749332,0.671742335367887,32.1738996050078,13.7046901128349,20.6773418575808,11.8170422059919,7.27138058364013,5.87807053047683,4.89054070951655,13.2072819536798,20.225563744669,17.896231834396,2.78064188634467,16.0787379173191,14.2059670278791,6.05827731867166,17.3339393246166,18.0659141312513,11.903421756976
2.18806289820093,6.33453072561756,6.76306337975073,14.377203623085,5.34869242946624,1.38730123314525,3.68731503438727,10.4632938432534,2.91198132913076,7.87302087805089,6.07230487045703,8.46000745146356,9.29065708438162,18.3216019299325,22.7968004168066,4.06978584049259,4.28104610662805,0.957378186152927,9.01870658579905,4.25168571219306,2.87238918818376,2.05838283700885,4.2908733431422,2.58277211274801,5.46993983558955,8.22710348787382,7.73458740270609,21.3846749675866,4.24632017498192,35.2021194546474,8.33899127929497,3.02694804041434,11.1397357724961,10.6852000645002,6.68552882056864,9.15526903494263
12.0505654429081,12.7664301949883,5.66863821691446,7.04736577931294,4.35484452882072,7.21560677963429,4.22982267446993,2.94657578842498,4.85941011319238,17.4943186560715,15.3487073491415,4.76913995654259,4.58587890929586,18.5412980877464,42.1821532265916,25.4886985998912,7.94339907418242,14.0224134014819,3.01927003512776,16.5325360299796,37.0260702064064,38.1576204085004,18.3641233342008,18.8408308674856,2.32899847830299,6.81846949732722,15.6048206344702,23.4332902486959,7.34586187771133,4.0674226065792,24.6263317281131,3.54935813335137,6.35135507524207,5.63224670778759,18.6071650574702,8.79189974612255
18.151798343602,15.3263338438431,4.64173719778406,7.55353223235344,10.3546918216982,6.13647130501957,19.3011001283877,18.6447972949821,12.6563313325469,8.7925801363943,9.84159257601532,13.5453051861786,4.81130613878037,17.2064302844435,14.8457485149691,18.3111474965897,19.3456882019625,8.38745243176637,3.3864487727134,21.46729961799,5.29550947051502,17.7017205668322,14.0216341309726,18.5156609530893,3.19329732313983,17.0044991094558,4.37895846769121,8.25712165322102,10.1961493832731,7.0253201539157,12.6303923774294,40.6121074877233,38.7145621651636,2.38155177597755,16.9968777898029,24.7854078838079
23.6226369467958,7.35865451058447,13.6955867330438,3.52597725091587,3.74237382105575,19.5364520279297,10.0502343505189,4.73760103140272,15.8485494840614,52.4553748860731,7.35135967974624,10.0286008149507,10.5902529671481,6.25019516597523,44.2099182832543,24.8026603377361,12.2666479328275,7.36340273786526,7.08004070561691,7.74312136484165,14.4834727415024,33.7709781527311,9.2744033395368,8.28983027765775,7.14976645019104,45.4962332802267,14.5499836024584,28.2063031054849,32.6419009136262,12.0597569476408,10.6890864298742,11.1755759470313,4.49358131105048,12.9901813802456,12.5882438935064,28.9265898596793
18.864892067309,5.55626392757997,16.1596186722344,23.0049684724309,11.8242694962169,10.4400734812256,2.31188820564978,15.4004653782719,16.6365143818623,70.2825228732383,83.7949103711062,16.0286966887438,9.77795958494854,11.2926103914328,43.2168123595962,41.177761789561,7.98832788703619,8.5182314800355,10.0803299328917,2.77055918382894,6.65739105285823,16.6534402644772,9.90231568131814,3.82892817699013,30.215535373368,12.6519963899774,9.54418405799142,20.3366326698458,22.5228631451393,14.3864234122527,10.5940703558604,12.5674377362325,1.0803140436442,2.72681153892659,6.36659303417924,7.56092383025572
15.0532607429343,4.25154253794892,17.2495996922334,4.54442981886211,15.1609568556663,12.9523689725581,17.4508361638366,10.0944934830631,5.47723664029721,7.2566240657875,2.49593193020113,9.38881511303421,9.6748223892313,6.52792540829757,7.81218828512258,0.994812653084075,2.0980843842808,4.48156662384418,10.0527298291444,5.22754605891105,5.56161241172132,3.57190845445539,2.22691930181622,4.06965720330618,3.58882288648276,4.42401612933577,0.256923991625379,2.20016220393109,4.96378609737332,4.89510437011426,5.04456526044387,7.45168300390691,8.13220015209278,1.29159823653049,9.32559884742642,6.16191318176169
8.9948470322547,6.56306155306861,10.9484116848541,29.0698920062204,3.07312091320025,5.55731075291045,1.85673273430327,7.06667111306593,5.16031202729902,31.2896010958203,13.1090843867285,27.6284624594209,23.7848862379637,5.62532995356934,16.7363431308145,14.4802698586539,12.8741151926064,26.9753407004938,4.30796947610481,31.2708183189997,16.6478001000881,37.7684280950753,5.96579566474097,2.62328025419886,14.1110934512136,29.5580427394549,30.7990095161528,11.6382040029582,42.5267235221845,49.2174130144385,5.30148906184077,16.5847965378616,3.44216302004193,7.11118911681111,25.3977851385215,17.6321278021604
25.2334599210395,27.5276858746392,7.25513889168664,5.37258726591801,3.16111030672492,10.7026037633335,6.67979642734361,6.98509032440376,3.62629385885684,15.1221603342359,15.5321650760337,7.75531492827688,10.1918170820945,5.19012881181951,2.94526319356909,5.16858157557649,6.82821273563031,9.50893285423724,1.80956650197445,12.9327938411601,9.34238103534159,19.8194462025873,2.8652050837108,2.61286749881421,6.10346552887024,6.81006820946504,1.71794782797827,6.88858887450217,9.18308402460958,3.63448304645608,3.6669154049204,23.5493986426297,21.3693265106048,9.23802926456991,15.071964931124,20.4011499975666
8.42677182130113,2.94152741672482,5.76829074239897,33.2327660904721,8.142006665487,12.9483780920579,8.23538369374835,14.7805317935672,24.3086027617986,54.1557204108136,52.5857855094431,14.3328577698174,15.4171165570278,18.2203340905548,25.8316555532863,21.1267406129962,17.322760372026,48.905986797637,6.0170672429299,36.8039984501338,6.42047605801651,45.7033106274062,3.14786830762172,5.51178238207194,49.580599447229,8.27379367849702,47.7729553347031,5.28333277462108,53.3929059165242,23.3201790084803,8.03078462520703,15.6321599181539,4.63227221883934,34.7876831148558,39.6577838482268,50.7414213145914
25.9975518329163,13.0370818970812,2.1223083823181,6.2751604418119,11.6288144057866,5.85612865043448,2.14453124852723,4.17024113386851,4.55653756913791,4.59450954185279,2.77839265045322,3.86226760281973,6.03617593570694,6.70123210620736,1.40435357330861,4.49985349661881,3.74029977536053,1.88185329181045,7.93722124739962,5.92365472610413,6.8887754505442,4.52313270148334,12.8589311283901,3.69123949294464,13.9863923668252,15.5844477429146,2.62824709414396,13.973711433637,7.84775257184855,10.6661671102098,9.40925841769125,7.49372306738921,19.9628736277454,21.4103105787185,22.6455810590655,27.7609827266197
6.90276133706997,2.29926988807693,9.89959822539215,3.54894981900211,3.26842633589595,2.57016522043666,1.70518550259423,3.65475931238633,4.32084499102894,1.24078884804594,3.16563943360485,1.38009279877415,7.36699874942246,5.14536242801981,13.8608935175707,1.51118829106523,7.82259293953355,8.46982664909313,10.7919326789626,15.3037161282788,5.9609723108,10.1234380040179,7.97227309329095,7.57013262879163,6.46019647529946,13.7495462273873,11.6174948867093,5.09954357051047,3.99503365815827,1.59362805153179,41.3678703660372,7.11933396424415,7.02577484081581,5.79431491739368,7.42610831935176,4.02004286063022
4.25845030350997,7.09472022162157,7.84479970938645,10.3723533121196,3.22533934752197,11.4483504089546,6.47888497708053,2.76918694738914,5.18585122692891,5.47479804931555,3.30118547776644,7.17845675583005,6.32652401701232,6.98112460575766,11.1263955823364,4.80372039786698,10.6802684766583,6.15155874016694,8.31234915289862,8.39381277934729,2.96966921921937,2.27416271004264,4.10643170571269,4.54370802580078,2.66526992073272,3.91515988027147,8.73310834865902,5.43530773765664,4.77409827074465,1.13991381788212,16.248727474296,35.0040133737901,21.274968805993,17.7124095474658,20.4413829710796,41.4619164997455
44.5752324204319,22.1663078346822,63.8743838884148,1.57617565836519,45.0965517036501,14.4598143235853,16.0293659770128,34.0793777538122,4.67051478197973,7.79135870781738,69.0992941402349,63.6498299545731,27.4812976841103,24.7434490820027,14.2836995864066,6.12804048159313,4.92025621798459,9.47576766484222,20.693797003702,14.7988457548599,7.65488647483318,6.07372108754853,11.0026941940921,8.83614992535453,7.92958303574521,10.896710575238,4.0541985313386,1.09723643021654,12.0886451773962,9.37362961133003,8.66507081318159,2.70558580559779,2.37696718218294,2.88283896962574,0.0309960671995536,23.7131224733567
13.424787592609,10.7526179065404,38.308562492298,6.52952841093839,15.3982307754036,6.07013126665889,6.21576051044255,16.6551265433193,2.90749532639898,6.39660806957478,21.2713474374559,16.8737280902494,9.65679301125832,3.7165750231335,9.56998198939802,12.3439946197513,7.27607914776373,25.9261839528734,24.860139806063,32.4022991681456,1.62209142468251,9.38115934706533,24.8707114980085,17.1181636683568,23.6432887711675,15.070301118874,3.24612223033633,5.53378975235526,9.51924990163776,6.89127844770118,2.70748769243606,12.6773185501944,1.46143693004692,3.14721181699197,2.80651350439674,12.0128056924837
27.1382873813901,17.6420829705823,4.92739949842979,8.30018105789923,21.3414766572312,52.3582788423314,10.4318301390893,24.7107740175333,34.8618305901433,6.84501602640644,5.26960291892863,7.22930476122005,2.87144856654821,22.434223810218,4.40878072173436,4.4128515928571,6.37500169807786,10.341758094563,6.2342540512602,12.8672724058822,23.2577095546004,4.84376224818854,1.99959779294511,4.23101787532611,2.37234536381435,2.85991246366781,23.2415685256875,7.15160623970086,1.53100558860889,3.49576538598697,3.16510585544573,25.1524860610556,6.39812485951745,25.3373297353974,1.38992315875331,15.1542001555519
10.2037951096583,0.847945672228456,34.5917201864708,30.6154809474873,22.3046015912584,25.0905483109383,47.7556694823588,16.8332505755798,11.3034846237884,7.59065997564292,3.20927724970939,4.33129402465884,1.06444486936673,22.572015974675,6.28496994086725,6.99598921460531,15.6897039622534,32.7659723051477,28.8681679583504,8.0526841947865,37.9825681767161,7.02101158067809,0.5393857524987,5.57481682817581,2.5302192395452,4.16997344972338,7.10932131075899,19.8459564496635,1.06503410907127,11.971747241079,9.52314197673449,61.6259823798274,4.36245519680173,61.941889156325,9.67659336990217,18.301929295497
11.8663272773753,16.5619323067016,23.5798214243148,25.6644973466798,17.4877145138582,14.7650625659644,1.68246250127086,2.58401743136977,8.47779261151553,19.7960626434446,3.8250636582708,19.8797494290297,8.22847923805851,25.574531045853,44.3405646082609,20.7809696041026,15.7495877694515,11.0817354495618,19.0531835721293,20.2763378436984,4.21041567603779,8.09053295317167,28.1224259970838,14.3483069526761,10.0960558367046,55.0133477112363,35.7548751693645,20.5116523673982,22.1789038439964,25.8134853917511,4.73971383898772,50.6537844568588,51.1552165704433,10.4580659980862,7.24947039299366,6.13436293794381
6.76757244936413,16.4719970139437,11.3825329127996,29.3028699248691,29.2766483555708,5.17732365613146,9.00507037013523,25.313657110793,4.72012329061002,21.598338243625,6.51512986844204,31.1730062067286,16.4078958031211,22.4397783548529,31.183525184365,22.9757787242491,6.92527293625492,19.2904368465194,1.70451871997554,2.00325710066001,9.7114066912438,2.23994271887485,39.9448191666471,31.1459316715324,16.5922389325218,47.3108862213161,36.0206690733028,26.508490691463,22.4370204081379,34.2236050912592,1.23935803105046,21.4084587865303,8.6056467379008,2.50981667095302,15.4183447192965,11.946308460351
7.08158068637365,59.4279934635194,7.29426724049192,13.3194340231851,4.93082869381924,20.9472369110653,3.09693671755583,6.99392436888822,4.37686072368129,6.92003184702012,6.37824146739336,11.1220387957903,5.59369146182923,7.33878179075471,51.6367055059338,9.06964450387395,34.382091789873,11.8682010522355,5.78489527494015,13.3208912401019,3.06831461475465,5.78875792260441,7.58150547391168,1.6940845441947,2.85732811906336,22.5528065518616,16.3321829674364,2.79723170672882,5.98286026206751,3.31118183164362,7.65252490290015,20.0251272281541,16.4986295790646,2.00474631512453,6.9191204069121,10.6434130053959
6.43902583940128,10.7512338034356,3.30440066950825,4.07449691318628,5.68592011906375,20.4788485806916,26.2453197323991,4.04848003597673,7.95598886562234,7.43739575628532,6.02522277897427,5.83658011030552,1.79157291686677,9.2026087621629,5.45793419981163,3.83436980759706,18.3462135089774,10.5257232157098,11.6760710920166,13.2525088280808,66.3230289989717,13.6520288037421,23.7449119464425,22.4067759739062,14.5866388081672,29.4702600453086,16.8235793956072,15.0332251321499,13.0600380950223,3.47332208461555,13.3089897655278,7.26770473085028,8.42360365011669,16.9440582155236,16.3999555945675,8.91749629825241
1.79903925192744,15.7376136468522,21.9468103998038,6.05524258131627,7.03280706626901,17.2581127018188,21.8796694125365,11.0195179086805,8.92819090623808,9.95320751229568,1.58501563169036,15.5634725004842,3.26950816906133,25.4691512447821,4.48728895898587,8.18935801727035,4.82316366507972,24.0305985836282,24.7251721952633,11.2886586744395,50.3565867768237,7.3016926890134,28.0149703731981,12.1237647777498,11.7856238230508,78.2252894770248,19.2643503417889,14.0549089098647,16.5211329129049,15.472270702151,5.35019156995889,29.5805426499397,25.7611892755996,23.4084606085663,40.1577514365706,45.3101505437369
1.71642517509177,7.72326492410432,6.40706346705686,3.6743467740882,3.42396016648134,2.2460461156365,11.2127884414165,1.84415022688754,11.7928463573673,8.14392424536725,9.72693309648284,2.66998480460954,11.9638398422627,4.53292972419239,11.2445515495219,36.0192382264748,1.48933331217283,1.05342326013591,32.3151723021769,3.85988566842992,9.39453929274656,14.9225954029938,39.0813094812169,9.37947756156813,12.1336788486966,8.97486366934263,4.23820375932758,1.9808396785496,2.58005917623307,3.81024266283797,37.6706320224611,5.13389375948067,1.94889842501647,32.8301944269267,7.55232128727583,8.79933366193632
10.8895216868703,9.66893714688716,7.00736969040107,17.8598024420268,24.3049777468802,11.951767873055,3.51492458081255,9.12898615971866,5.45615792055439,22.0954769632797,26.9075662045376,25.9250138207211,3.91419208159187,12.9734932916132,10.6436649217888,29.5578639270038,12.7427437870592,38.3413097742727,5.613248542438,8.8567088633133,4.0752548877417,8.46329121049191,15.5708677025597,11.4455555749755,8.1920321939102,21.5947266576224,0.215538483793193,8.036652398949,9.61591194383102,8.98977735181,9.85230277957007,4.03212749612095,6.24981205211554,9.17457084409465,12.8477564700748,15.5114971968832
8.56106738396558,6.17507989273591,3.68414194949704,15.3663793967845,5.93670388894432,2.73578179920062,8.59812355609899,3.4954876369771,10.0640532063425,5.54561905241877,5.2581039342354,14.6037062100625,3.28227634140009,21.6966697309056,3.95296063877138,7.47824557326111,5.17461304906005,5.81082233538051,7.90512368270561,3.00544473178551,5.01485291473313,6.4875122651419,5.8642072121973,5.08153559452828,1.8994461488319,3.18345312684843,4.90790921362191,5.72243179009897,8.03900222194829,7.98071859804807,5.72352730116365,0.790429558949791,6.92923770896038,8.02305166574584,2.54690103002059,1.60851081526531
34.6888984992396,9.29648201240581,38.8422208194092,14.970656009809,4.3265756984974,11.7945806976586,26.5200290572922,17.2255364053218,2.05295053416858,7.32013584253735,5.95460279684638,14.5837426336867,4.03257892033297,12.2940095504657,7.3341003414047,20.3159918019816,4.36268781802161,11.155067470031,8.34700247267482,33.0237767329563,32.1998191899436,7.72218512707986,21.6263633449641,31.7540016286762,15.9681010661062,64.5370667984917,21.2568746352679,13.6490333772933,17.7587332153761,18.994115389676,10.31834047786,29.6035790563527,28.8959772079434,31.9503669377314,7.0260969427745,3.21527088384462
5.75490374733538,26.6676536510485,6.09570266283678,6.15026919331075,11.0818409752068,26.0852761544742,38.225015106267,37.6826616469577,8.96839492523091,20.5183763769677,29.8947989284714,21.0958897905308,21.2373005275374,32.3624720868045,6.67248270488661,5.2054479115563,2.66596829651994,12.7419181168458,10.2122825942787,8.51221590674378,8.23247420717013,4.55213172515943,13.694569004695,20.6467188800827,20.1207490711431,19.5271822778803,5.71847924281999,18.3494630945369,8.44396903166438,31.2934085899976,12.7634331537657,33.5290374008323,9.65163549738485,26.2909529720254,11.7845361369713,11.4421870317233
4.24457131322908,35.7996507160197,17.7713854787479,4.82635335059267,16.1393596374697,42.4102838898268,44.9879002640575,49.4239819455327,4.75231003584594,3.34776133868916,13.0877132220281,7.99972960428397,10.3686358827191,20.0414880969294,36.656276961823,30.2844341754211,11.8871973914414,4.0363654476048,20.0913110047914,20.1060444533825,6.20711512016646,8.61867399645108,18.7466270825173,37.0886100149719,7.42714171877402,13.951037563187,21.0002996134394,9.72660737220502,20.197786960066,3.78503216115977,13.2638275639772,15.3523915003828,5.80211277334122,4.58053834869247,13.0409645484534,5.61870253596145
16.9341774674883,10.447174664573,27.1569500043304,42.7253881156799,11.5772815870061,11.5994716827083,8.01647476171552,10.5327010646198,12.7153349809874,9.30657075535483,9.06079232214065,15.029927732285,21.3881516420622,10.8099384794535,13.4345828580205,12.8196915834544,17.8095972636972,58.7284188783009,54.9403172549428,56.4487284069854,43.105547080642,19.9509612033376,12.2140253680955,36.130584982825,14.7247724386178,16.4082675063981,2.31174077970392,8.87181783863562,13.3601443635027,12.8006994759958,4.32941053941366,9.9927466169214,0.901574533320894,12.7729421155653,29.7439296310908,1.82516979246278
0.35050941012554,28.9505393688307,10.1107706682787,0.937817812306125,16.7708743242326,14.9351844529476,10.5082768231103,18.4113733434861,4.81855122896111,7.4029188941675,10.08611609253,53.9543240474964,6.86021820285745,20.0943213924441,39.8173642799669,46.2217771388552,11.6363370990194,3.67821949930473,17.1212934152848,16.7320938733361,53.5574936592052,8.81961321785733,3.85364983787296,18.3487991648148,11.4190467561137,14.5792178222791,20.5873471273944,4.05271992319337,2.89440354297813,3.40164352273983,3.12450342271107,12.9852871567746,9.02243279569664,16.3955836945161,10.8745442250398,3.96923617051016
6.65834729178916,3.24969096823218,4.43965538707363,1.30294743206055,2.99907374471386,16.8675077239991,6.16839065700994,5.06901188374722,35.4803785104108,32.391589472374,7.26075475850097,17.8337752459155,8.53412853740781,33.0931132706326,11.0965857686741,82.3381223653652,12.7561466670649,11.2374512832195,24.7794161724692,12.7444613819041,48.4312378762871,11.3543302447484,7.85396249079489,1.60554203359795,19.7012134330325,7.82613463040057,9.46607847227455,2.32831576486669,1.55734512413157,0.748600293822104,10.2898816918869,14.936737288376,20.8453988576859,21.1165528951565,9.72397439989358,14.206556855814
8.68918846585539,3.18200195098842,5.58747766109004,5.52616288226611,6.27365346713733,2.02986768260483,4.91467570858706,5.95738319669134,4.98399663736112,8.14287192440476,3.77902855978722,45.9827437355284,1.48232280695712,22.5947393320248,6.29584497739957,24.7288625397184,95.8416018530104,51.9369220556647,73.0151191988629,10.6092541623191,24.2756770756644,6.36608417439834,2.76242050426923,9.80155711324752,67.5077353413973,12.392401150149,14.1784482390114,4.72164802754178,5.50021580775701,6.4938958783572,15.3632484567181,9.7934116967386,18.0295902210938,19.982304687449,4.21698230365429,9.11839133587344
8.47413300319621,10.1862614548844,8.15724836532796,14.3571939316867,15.7533530399182,11.7831151947734,5.76420114167776,6.9553004474235,7.13484174800356,4.78244670080437,7.24810696114297,7.06736439779376,7.86229557513097,7.69271468831929,4.77462307260262,15.6440001398865,14.30790216305,5.51484861303472,1.69224928037189,9.5934224768587,5.52860969361371,5.64310256679818,2.77033343146574,5.72029151126787,3.81688418243302,9.23609576907874,6.08865200359175,5.83774946453689,3.45382502015905,1.41275300859347,9.31391598625883,7.93585919333712,16.014010706112,4.03450859051544,4.24699797217695,5.07760515592139
12.3704603667795,20.3565834117142,12.0209415546863,19.5064606857627,9.99667127100377,13.6976316675185,14.2428312612152,5.94715711915798,7.49581826459816,3.53629259840633,10.4092157250219,10.9203189117578,4.94869171812038,1.20427733648516,3.97658875723492,12.1826901238564,2.61034793798736,4.40398536421302,12.5366088279844,15.132887572688,6.43996306302485,10.0406137959361,10.8575648163585,3.16788859150324,9.36916206193843,14.5620915397855,17.8721846546727,4.33018770291326,4.49611520581849,2.82502246285647,10.5120833663359,7.5946888813147,5.18552446145297,3.32739430061351,7.64803142218907,7.2058551940443
12.4686227602113,2.8656131484859,8.35275208879,12.9598806923421,11.8457238196317,17.3578902873277,8.76120050943119,6.85256612173544,25.1111159257976,24.0183290943035,6.90934889218786,6.84012714359216,5.51779418622238,2.58549718590471,7.46716875887786,12.0152444164784,7.46995780932178,2.64041464044932,13.3943816127847,5.37921646985848,8.66503683732098,15.7008024790956,6.94522313209224,33.4242682852183,3.12950378667961,9.30004143260341,14.2748965338313,12.2679097537065,10.6461895187287,8.35233210207237,6.38636927398826,5.12314178693075,8.75800441898555,12.0768895091842,12.6875065306367,20.5758780918645
20.3182237333955,14.7016810608993,22.2413843128606,11.8798766439465,4.43339537639942,7.6396386038698,17.5606035202855,14.8158351256647,11.6765588285797,5.5439309688317,2.20081423748671,6.84911771173703,7.06504336947449,10.5821646765697,14.3552510239997,14.7692305403394,3.20406288170717,16.5779877379596,5.78530480387101,18.6352886881789,24.3960146378378,22.67724067388,3.03353179468803,4.57320475814825,16.3673151027629,18.4530400262814,1.85404461544105,1.54275232498534,3.61855235645149,6.39849888810986,9.11869884257517,6.24517280946886,5.26418916373785,8.9152426188844,1.54888053989249,9.21652658135468
7.3111138135198,3.80579468101843,8.56950441159218,8.63209980920428,2.73193693438423,7.93061713820063,5.36685190206362,7.84642146542319,9.15423994304535,10.559981034772,6.47510759491291,8.84803643111828,6.62385659664825,4.85122510307836,9.37452260327261,13.3784271647114,4.96224580881609,17.7184296363452,6.95041260126905,12.0213262171345,16.8243952312864,9.60400335678741,42.1533202161066,26.5198783410503,9.76972368748509,33.1682016177727,8.21457213317144,9.59353947902932,8.31046698421369,4.14745926238456,18.893635645146,8.82277005378627,4.36112190148667,9.20912821454636,12.2280910057645,3.91308656373655
11.5809735697913,15.488197559554,9.0674955759138,7.33701892669356,2.47338349573799,8.46391969502386,8.12308736361498,6.90954122408441,9.99872889724572,8.43867892139686,10.977660491827,11.4139800081453,16.0602810992724,7.21513305022789,5.79865497575706,5.01291307626202,3.56880606928973,12.3310975829826,6.26158247285307,7.72450560355588,2.78859582207686,10.9801379527394,6.99220329323293,3.74394247646593,9.20169462038176,2.46039304035035,2.31244945901737,8.44149707812634,14.6250125481401,8.62325102971334,2.35103538670107,7.41052948775354,10.1159466564221,12.586413936128,6.46415518110644,2.34488402943429
7.60882377217577,23.0200185981195,11.4774699887586,11.5087540215893,5.85714376105522,2.18225688125818,4.46737152326362,10.8824671352193,3.80534378998929,5.33142423074099,11.0315858938727,10.2182128167706,8.20904753567912,5.39626458236113,11.264240124995,3.94371778643654,3.32082396437235,5.77002953347285,9.05111086602328,4.27649423975355,1.40139272914193,4.24346886095289,2.73511994891523,3.27589804960892,10.1830630764013,6.1756143909921,3.36319545132002,2.07282008597837,6.86757923329962,2.20353676406281,5.97811012924491,0.666249228528259,3.51396196177336,5.94868138688501,40.4284140182122,26.2507129310001
3.01159735972767,8.85916307677802,11.3206769584928,9.06044088687068,12.0245347084032,10.5365441447923,2.04581313128828,2.72497024600993,10.7761981047986,5.57519882935951,14.7381556754631,11.4627631891171,11.2115782036661,9.41599274088435,11.8434030323375,7.90954818284871,2.89185241312654,9.39769786906222,15.1182004119456,11.0255406971129,15.460083927812,10.2497936868199,18.8741106147301,4.63677282732284,14.1752233606929,18.2775682680013,17.9271360088439,11.7733491589941,16.5689286160745,13.1283044071787,3.60464462647304,11.3019481684132,3.99233708360027,8.21379171746868,5.35449479436923,7.29452415374295
6.44198382488737,9.05971961116963,6.7699383299593,1.75877104296857,6.00992170443323,9.54307115312372,31.867058168083,10.4186776658052,27.0084119521947,7.22834237549651,6.12931979383596,15.278573995167,15.9583499655324,1.93970219790407,3.06915269545278,3.04889555933837,3.23679638426743,2.95908141365214,5.1946880266563,35.3853962598905,2.75117364181622,11.4856224450156,14.5844509558196,3.28726537441985,12.9718296376784,3.18970686685808,4.06811937139944,5.21783554450886,7.80923130399879,6.55925350681703,5.29548601789373,8.66994376089448,12.9114655277858,33.5269163237172,30.0225877521027,7.53703040724109
17.0647041593738,44.6339962999662,44.920215762374,39.9949235632166,39.926261215648,18.1889909231321,60.0717369001362,2.46985939167544,19.162747043574,11.8607889941536,28.5055810103036,5.04092371779705,30.8952845469428,29.1122235109051,17.2412205281336,5.97199674007556,17.4279067947274,11.8213233941011,7.98409605859451,28.2887710186272,10.0700900997277,3.09702391249263,5.02048020205475,21.0336898372295,13.2881781317303,6.18868003525031,7.07157618001248,7.77219710906858,7.47970792361362,3.91138661064581,5.24111488719446,6.77595812508454,3.06672953907204,3.73364605857539,56.8535545073564,54.1344502013787
21.5399158253242,14.4230383337107,10.6133682793067,26.8933698005441,23.1135359470806,3.65421858814759,3.97717975868333,7.55165038035902,11.0569026648107,6.57168366919917,18.3732614399192,12.9083810790438,30.1013449946074,9.77612106412302,6.88004423302073,3.31655041171246,10.0083908786824,4.67917440853419,3.42704109015868,57.1558347089635,57.1230132306949,13.804401783126,9.87483992715556,38.2820816565358,29.6635286197454,15.3043899850037,8.66418402084884,8.21091492162519,2.29234304797878,4.80751353422421,4.28042433614307,23.6069749506726,12.1661656906132,17.5785771694158,8.01954008810157,52.1530135914537
11.9083330609357,24.7279518218074,49.0541309504478,4.23522824447098,29.6476872161461,9.16222875958104,16.9196450496977,8.39905271229409,4.39637274731759,7.2836162894952,4.06560927209947,29.6769242237782,22.0446114371999,12.6044864022805,42.0751613359398,42.678221726445,19.6419347322137,13.1422588012319,6.30858645560614,8.17204930697402,8.28488512002604,7.63596747825821,14.497894943931,8.62494414106392,8.73413131880427,7.4238581995256,7.42353935872389,57.2249508746243,3.85283751521706,12.8541758585374,31.0966146870819,12.8754538932995,15.931249568169,3.48925895205677,24.7360458990976,43.1516201507995
2.25062605106038,12.3958022595672,12.7811965798571,4.18684889468115,5.46365923460655,39.2432772805669,18.7940915595028,45.0795388818673,36.9148480001622,41.6375970846732,12.8044752178543,5.50402895230139,13.9444295203633,12.5776377597061,12.8868228799303,52.0050990058124,50.3788836178389,16.6550509123473,29.0261622340973,4.15120003945447,9.52345961848106,7.51502456846157,0.324325743547438,7.06168024154895,26.2940474950421,49.1763207076742,3.57872032735233,23.4124989909455,77.6063225437502,16.3143185093427,12.5148862624074,23.9005163456227,15.923255742832,19.8839783112438,10.9353924140821,9.96176488962494
0.56393762244613,27.9520862193307,41.2670799345556,5.84196987091392,19.1485890606947,9.92974275040656,66.8632315208186,55.327427858815,14.7711121198666,12.4445127106516,0.602161661105754,16.9877277450332,2.86507884061439,4.04814943630225,40.9896816868896,12.8694911413486,30.7392534969686,16.5492822443627,18.9870868900718,1.3301669710646,17.715996167567,7.09610200154381,11.128179555588,22.5738623911031,30.0396498390837,19.3013006182763,22.7840642850392,46.3585354848886,11.8989656818984,4.93434081768059,18.4402501579953,28.1186220080729,19.5942625977162,12.3686086643811,2.43436901847884,31.1695332787036
10.9103683890792,15.7592762226171,15.7595966660724,11.2815861136778,13.492947389246,13.9214129159572,11.6765680521525,24.8075712861216,3.23541120570671,11.5176939354248,5.54404380005204,14.7528734593365,14.4126942637028,9.49034476006456,3.27552887811222,21.280937449879,6.43319724608666,7.68544921628828,11.0190722521216,20.3615750950395,3.43616835519279,4.24464575584273,7.2592649553502,10.6740980039809,18.9481497524263,30.5997725302316,12.4140947909212,21.3865555291596,12.1606809309616,37.2328411302939,20.2281090087111,40.3994897014289,3.56365043010001,6.12704484499815,18.9153619040022,8.26335315381078
31.8567643934564,29.7378642536223,8.22679572964371,3.87977170378257,12.0388483263509,15.0967408568309,12.7771997676493,4.58774324213563,8.37142771682711,52.4263877993643,6.5909049755449,26.227514734525,42.1401149546284,23.6002405659469,10.1677484355725,1.33665792284723,3.24602861659556,6.07094675298229,3.21692803985961,65.2438991036558,94.3701883781403,26.8150992459856,3.9052180338778,8.83963158696625,4.52512566473073,23.1322778256805,23.3966226329462,24.5189429887078,23.5026998529198,6.87049792991734,4.17142136089736,6.42421561174948,2.2480280395336,7.90402681462733,24.3983572206652,16.1207981060544
11.2966753784545,9.79363154801296,16.4278174532172,14.8654070625224,12.62697306038,3.61292406232085,5.35027725412708,27.6102624000964,28.0043284989796,13.0718329198962,46.7864549056512,37.9471347775175,9.11971080960922,11.7885013049377,38.5137584734455,66.19826825147,62.6472692274955,45.9819029239476,6.53466529826231,40.5294629610367,5.59673175699736,5.87723737383639,35.1457739788031,10.9315832796725,24.1877465029027,6.2022864783706,3.49848127202948,2.88241877156195,3.98810745168207,14.1666851583714,11.1777324779993,21.4460979847143,21.979999464856,24.4854692927148,29.210428637336,12.1674584629833
19.4175506903602,26.3217146734312,9.22206679377257,2.02010587263602,12.9224443208607,14.4619912715741,7.29653955966813,0.647914550670758,6.06481876391001,10.324773942732,4.63435278811095,26.9220331136979,25.1698567167801,18.0957037042942,7.40091509158599,21.8143147849924,8.60149187802518,31.114064910345,23.2931059377755,17.7423370517431,3.69289999330626,11.9434596434325,8.44378923960864,4.8063059414598,7.23560852436777,14.2695291610813,6.22554552599527,12.2385507423383,12.9357678513041,10.8850763391508,5.8628891660222,1.78830055188557,9.12424073394125,7.67577231277247,1.86912070385014,1.02991633486537
7.43698592460612,17.2943389266433,16.172318222429,14.8630615688756,2.97888099015634,21.6843756072892,12.0281549048764,2.07582877518004,3.14334195731534,4.27184276345464,0.702876673628678,4.87145608589091,12.8388025249106,17.7322174595971,7.08660217524135,24.5075254614695,7.55034864256306,7.10499389010499,10.9395106198556,11.4483874444285,7.94703396944295,14.3457899487775,3.9462261190408,5.01965201445709,26.5370416745746,29.0830725029265,4.60261039828205,3.72888634187136,7.03246036698634,9.97060439531269,11.1198214625218,8.23421713067677,17.0150350983747,27.5538639101832,13.3372084957163,6.35141905768905
4.68389327405019,5.57544676162948,4.88513651978578,5.88428815495535,4.36456055725773,2.90905076768189,2.90228763352718,0.717535330359855,6.93738207021815,12.035182503112,0.502429761252959,4.92884329175481,12.5431204223542,11.9530924223018,15.6633990900962,11.0015866142698,13.9197424472051,11.5996400519947,15.019815052868,9.18722348060933,7.15027256574999,2.94066178845966,18.8134324763474,13.5009667634686,8.69496535090354,1.06460580993007,3.28371311711438,11.2664149601358,15.2910046206378,9.53250591294476,9.49649756487678,10.5171814333329,1.93962005715007,10.0806442847403,12.8358072850339,12.6165534926933
8.83817376593823,15.9451409864469,9.4837143288291,5.20522010837515,14.9715676494899,11.2041914506298,6.16811369294612,22.0203547262372,12.5837884552528,5.24028880574444,8.11442452977129,5.58617125027896,8.44506244870844,32.9537842766123,30.4990357628731,38.6854863131992,52.4735378226156,6.0480010325876,3.18002245940296,12.6589279979874,10.5493108247138,12.8025037318025,17.0102728663724,40.8045170384113,15.9798850949169,69.9017702169011,14.6151982055903,3.91547720967829,14.3605903379893,36.6981583188217,31.5796657847196,12.1986344865552,13.5831517333405,31.5750616259395,15.9073409685155,22.6200034076181
9.30285624586264,22.1887973303198,25.0248031434004,20.4503848787673,20.5161695489805,6.0923947225021,31.2690091490902,2.79467058471387,9.91809236506165,18.3609663927575,16.5161627620965,21.9425871337089,38.5261961079634,81.1365592331372,16.4484617435209,22.8261433064025,2.21133676065471,3.90361229314917,5.75159711774831,15.4065016327055,32.6818087635277,23.0757592274883,2.37730908885926,3.26234886637631,4.65382255234899,27.4164587412026,24.3270273298546,36.7773983060862,31.436772179568,2.29988449651128,17.7428828093961,5.4602138844552,3.14957041295992,2.27014213622189,2.3126064743802,2.1180732408166
0.662847469132237,2.34019672934179,1.64496314423667,2.4756543575178,2.28547151325131,2.12034639550804,6.62689523298462,8.52245272461801,8.987508038216,0.622720775612328,30.3589996936289,21.266987620387,6.76046911772852,25.7982771085728,2.18578641612425,21.9815163789066,7.0192074704567,15.7437416530285,15.5207982285456,18.5252503928295,8.52141535406713,12.8415877786839,15.2485144134798,14.3541444800192,16.2793868772562,15.9459669270548,25.9054223170484,6.19778812255941,7.50902134672685,12.3426065865372,10.2394665308367,8.75696137768557,10.0122768476736,6.41589440108358,15.2329043104458,24.8906799525714
3.64520408243459,6.16640116574666,3.36140456926238,14.5649778200531,4.63188509503408,4.92649237810193,11.1171207684318,3.67061105676507,6.52044865222717,2.4097407889184,5.61350472244518,5.03176510545402,34.4825721733411,16.4448224028677,9.8343618881592,4.4285908135274,6.73501310488725,8.2549972973895,2.39654611485868,7.95999649853816,7.97746579210434,9.86566181461029,45.3336432480381,27.3035921494917,22.1589801570065,7.62128083673638,16.53845294992,10.9545902236101,10.6972028254946,7.00089542406866,22.481763553127,52.1753356011186,46.6481374631751,7.82214996572404,10.005338779922,14.909593886058
5.74688017789834,7.37135304321195,6.79950842946854,19.0923636565706,4.30425305902152,7.63873048746123,26.9168691566792,2.4996454292784,1.06042387657681,18.3661227051227,8.42695416656063,10.8586927010172,9.97017764417856,13.2745573615362,5.57887483824985,10.4751088065065,6.43440269883349,7.81020198804519,5.40027115604673,24.9311395956732,10.3206482672036,18.7731192937397,36.1168792205358,10.3679734975868,13.761302298296,4.88700939477783,9.45635586605393,28.8886693664279,18.7680404235267,18.3261830708334,20.1793125494986,18.673729256188,39.767862602831,5.25522400475097,5.19856155975186,5.02420106972594
5.4476101470182,8.5698151408566,9.55508707511159,11.2333563097477,6.0004956468568,28.8854808343525,25.7124588656131,6.1621335664336,6.01078801280823,8.78939339615924,8.2189767121824,2.60377743589428,8.2900496375234,19.9683770163345,20.8764316895449,0.698007584602351,3.1634310262677,1.78398447705579,6.91924869473354,1.52329527786166,4.25519613601028,5.3657223135317,5.21957799136913,3.08333336415392,11.1308559555769,8.32065292234771,1.74265845506991,3.44035811755111,4.9442517870687,6.53287503929422,2.74862226696573,4.00386953959741,4.49381260508237,4.521467631295,5.78486701164498,9.06784910809744
21.1282550587838,7.44700745335998,6.78686002096593,7.75607634991558,10.5346923042231,23.8405008633937,15.9251703115095,10.0976931537156,7.06654587745897,3.37472980604501,8.19982289737257,2.80841658261346,8.21551954470059,4.21962736235987,15.5214717943402,4.80241001875045,5.11800255099296,13.4705143252568,3.29199296876119,27.8340641489415,18.4268584008227,5.48076315199114,1.73822132995525,5.16158535567752,7.06915712483072,4.81984508724966,7.58007679067413,4.22112444302087,9.47957558390969,8.20148738812322,4.34751426580072,6.41962901414003,8.03177739603444,1.54327257205308,8.97111900435503,2.24717592870733
4.4270559994751,7.74063681672385,5.40704367227243,9.94013923237208,11.7415816476448,7.1846166260441,8.08886681986314,12.8004849934237,7.66329555628228,11.5291299689791,13.640518553417,3.90755006380771,0.772640495830937,8.87572353232572,6.2692075522728,4.73582605352985,12.2499222639596,0.581983927650155,4.21391740236387,6.77068872176192,0.820707666126572,5.69067068942315,8.03767344016071,13.1446138206577,7.96109175023259,15.7921717587318,18.565387156878,14.3518334370968,5.34629893430253,11.2825986380573,10.6094100078148,9.89794086224176,9.52962339078129,3.86547884781268,11.9803736592388,16.3982747143785
27.4183743651164,10.1916686437426,8.19163052869306,5.48248076917157,2.37337500774207,4.40981540646558,8.70481233497563,5.41272066183089,8.73686297501169,2.25004296530276,5.77447526876287,20.7120103952317,31.9579440957466,5.27936481992754,7.21311610204299,3.99619033023311,3.09686523283927,25.2886665099699,32.8822996558439,17.457974592505,2.34388049553778,6.23856765562189,3.00142024589045,3.87123238806709,12.8550273551324,18.3497986933204,24.9743522700842,15.2765775984245,12.6479794630119,8.82189661905569,1.37077126921084,18.6883179568685,1.75018898936906,1.34042836897379,8.01789085061856,27.4088936643926
7.90286446044951,16.7706901440998,5.110925701168,4.86476040188682,2.99828128641989,12.649898032895,40.4544431159766,7.66885608245029,5.60324580751832,5.19083728507303,1.58014677351707,11.8987446847391,32.5513786240766,20.4442143965872,9.1868225788984,7.08598015551414,6.42145406870101,5.0229557761902,2.36453011752188,26.543141416692,25.6891698206621,14.9442707508479,24.9737581960475,9.05288105346236,5.4941156013888,24.1166302301708,15.0440027669374,12.6976230091783,6.31411655053954,14.1626792302028,11.5662197350992,5.96788777848097,12.8200888809061,3.88992779765374,11.3862405070822,9.86869377848181
9.10147537352433,3.13074773632393,9.3659903113188,2.64525902963372,2.44396239360334,40.9413650662403,26.2939521763799,3.37969775114852,2.18098427916245,1.87976306914925,13.0626786442341,32.6955509760773,17.5139669523504,44.8561729695554,40.8470990973774,5.46486084098597,3.96689391027549,1.05783070356708,6.24671631219092,9.44391082522374,6.04599937335234,9.93913400877459,13.7434861747113,1.03934682052489,6.84056858348405,32.9192195344312,8.44428252252452,4.87025506293893,6.45846507529887,15.1212812770717,13.8366577757932,4.52641078322095,15.5394373591855,12.6991168318298,18.0399472705194,3.67225527334756
39.6231400281565,20.3623587134651,8.84628273579483,2.67799546089277,4.64327349363417,3.58351681714386,6.31111081328584,6.7188885316796,28.1009246423171,8.98872590211285,24.4215823607032,45.637775706704,39.2613217527211,19.880891083565,5.85819691070272,9.65344975645174,7.13835626150476,12.0690120103372,18.1524714613784,19.2514333771033,27.5074387733951,20.2510293155361,30.5446409659587,7.65304015256537,12.1809939228871,7.83247323802406,31.358904299495,5.37339693217398,10.8297246118962,20.9355273722459,19.3473798914645,29.9739649057816,23.5403687908391,3.46244550117811,31.4244430978397,11.0619404774674
22.8311000899027,25.2122622472858,18.2419045294956,5.91186111066041,6.7453914262536,12.8235921961261,31.6785333904173,9.23091007538544,14.3436124383279,2.71968846016579,7.39048006835358,7.56935942809651,6.6189188240144,16.7034086037764,13.38143384146,10.332583410506,12.3613242854866,4.29663747296335,21.347728673249,17.784615030741,11.3052182077565,11.1765064982438,13.8349398272306,3.23494831597514,6.60680771377324,15.6587338330419,22.9973701754036,2.06402505558469,3.86402405572587,18.1343491112897,33.4777723583753,33.4259108488022,26.4248178840348,10.300979591522,53.6525707135175,4.26582048240721
8.33924390001894,10.7616517581977,12.9146233734071,5.93919208775434,6.57489367953413,9.93769866456178,13.7176468239671,9.80999053093869,6.15044973933486,17.1884073189679,21.0961882583861,25.830870137233,5.65423284627066,13.462133732848,10.9602052403494,21.3981778139098,19.328342856939,17.514913796801,16.8196220130982,23.1972297024073,9.2511922863297,49.4961407214067,52.9398324196594,19.38206466637,8.15525303081375,8.01027431603298,4.65135630893732,4.36284683023403,1.70698152815921,6.64777859224153,6.13245412285086,1.74711996185573,3.09829909102593,0.972199327915992,9.33512216284632,15.5106889644986
43.968624559903,40.9517380084375,36.9714250296924,5.55732960670594,1.57518979907883,6.82613793722875,8.45624286449241,4.12237025456064,2.74636319418801,3.64260366458745,12.1066047825189,1.0450994501884,0.98310658498282,0.713865185575142,0.368118340552521,4.1417615634697,4.9412554324804,1.76352947692336,4.13307304646118,4.17719833516467,3.90518131223079,4.87914678511243,15.5616581627768,9.45637457115802,4.30183442139951,8.54743230461034,7.93272722648232,5.20603172254445,4.35302244755105,7.92351453100042,19.4116814968624,6.86889692632602,25.4223736077892,9.93077524812459,3.58012229932904,7.83708738666722
5.99428154624507,5.2409122572165,34.1879301042885,35.7772860488012,7.54138683900683,9.93472826677881,14.731746088809,13.5025011949248,7.61662773964945,12.1720282780301,16.5831910863662,28.1074924237373,5.30082559238163,1.75099459193204,9.24700990034449,12.7963272796875,10.4829098117831,7.94960046794636,4.84904919636826,20.1721207290729,7.78051505709186,4.50509360943358,11.2586675857563,3.51218772268477,7.43978576598429,15.1131693621421,2.22998099847193,6.33449030915349,5.03658741187211,4.68111183981743,16.1718003263438,4.47429533185496,5.63852775080887,18.2782845754344,31.3895239326165,9.12705739085148
15.6934506300704,25.9953394875834,20.2728692876609,45.7929748412258,53.6794608738719,25.8259160779152,2.63456257716565,20.9806139049108,8.64980890230853,43.8015650074827,48.4975709680615,11.9584893558789,8.2679586088806,5.32765450212566,24.616591752557,23.4033937620392,12.1816633560878,15.560293220243,17.8856936072217,50.8528351761413,2.56787470720275,10.3916179134453,27.152197109367,6.27777331885474,4.29735209513316,19.4234406860428,9.42377068302279,10.3890159684691,15.3024453373671,4.18396856645321,16.0108428983878,18.9780959047659,8.3630706963284,22.0116917588131,14.383236552762,12.4899245369597
4.24873922761709,4.61914512794667,10.3709301478205,7.64667332882661,13.6654241324775,34.6240149079252,9.6549356324423,6.23211556979699,9.24256965613668,17.3409900735571,8.63304456234701,18.0982242986378,8.39565127089636,30.3978607675277,8.64499632785933,12.9651930249192,12.1318606669932,15.3791994529457,20.8317417337158,74.8968428689966,23.9378270869282,24.1237106152701,18.1436387548074,9.84559864636609,3.72349743612,19.1794734242713,30.3312227418156,31.9041220508408,5.79315402745676,16.328534460985,19.5968987019268,14.2439594703337,8.7430379672447,17.4319791430795,18.2070874067052,18.8111570023565
116.823691129986,165.33982205839,21.6680512035961,4.88749108848855,14.6733191184813,6.68902809536069,14.6935004595365,8.78171813173166,7.35058152891925,20.0723965284526,14.9460423445313,6.65254602800484,4.75088425658504,1.84228858091212,1.31805167319751,11.577909461317,6.72106053563575,5.0234612798547,6.02499398896846,10.7578721533641,3.13529885031404,14.2655774175442,4.2434128889649,10.570694374152,4.64198111863477,17.6635250272808,10.7213905898967,6.02041054047637,4.78028984795206,18.1535597336781,12.5079431666789,13.3218317020843,9.05332436176206,9.89295735922954,4.79417707618236,4.47804596866699
3.96651250826506,14.4666052220884,7.23059010123566,12.6237066126031,9.13542999484574,6.14866246470356,8.53759372562318,31.7680258227602,26.0122097125724,12.1209377319196,15.3496030684693,7.367102077762,10.5593455819956,10.8536744579929,2.68209348239535,2.83451029594263,32.5464652339974,25.2661747141341,32.2364448217995,14.4013056901222,13.9454686202558,36.1981963095697,33.3193518267098,26.7976410363583,36.3476954778949,6.01911006379287,4.20719104060235,4.75897192288636,8.64133019553737,2.24304520803523,5.49854524828074,32.6020473101827,26.2847440490225,20.6296321788333,3.58599698625209,16.2578255825666
9.2648308229259,2.1851053258099,5.3777426461768,8.07529635776885,5.86991600189074,9.07988021495336,3.59186492665079,16.694913638647,1.4300847949937,10.5617655183031,8.48468825727908,4.62549046372543,11.0659504685848,16.6926357679553,6.32802953827148,15.7592366345222,25.8027659499157,14.703775710863,10.267540856147,4.32396353866135,17.9344402266839,23.4508905758771,19.9024641718052,5.40331849638982,13.7500751393311,8.56417424136623,12.0709870528869,2.82477161110672,3.67886801012545,5.66540248697588,1.77202755271881,19.7911535958601,20.7310177673501,22.7415711926607,3.48833815994541,15.3900260680363
7.49531543061927,12.6274694461474,1.7675619098155,10.6575235144926,4.4027203140563,10.6369580398327,11.3874084810572,13.3120074507195,13.7267161558865,17.3441892458126,14.3687256403925,5.09251584582576,10.7650492488901,8.42942991230667,2.67680928371698,13.164146052268,18.7774047233132,12.6875010647445,13.36892889964,6.71467220110761,13.7700987256018,16.5323277041534,21.7965094846267,11.6020797806068,10.8423410819463,2.61729812206815,2.05855473044067,2.51797327106697,3.65901866898687,5.77581943717746,16.9549375676183,20.4782765209615,11.5249046770627,15.8255950568847,2.13996936057903,10.204590501797
4.74703799430686,13.7145574703148,4.70594317861382,13.577374991313,2.13424723864521,10.3411749262475,4.78897234856124,4.73305952390365,3.87413071528205,5.84821809263827,7.33337823430796,0.665202447540381,15.0137101245977,2.8356758116551,3.87457594749172,4.92642587042038,7.69810721492821,20.9713577017578,13.8120000588509,15.2160372494181,33.288539637357,16.1132678174069,25.3801640346795,9.453819352743,10.5975238887782,17.1857081246953,13.3577895535863,11.2796394410273,11.2859312724167,25.364828878108,11.8241945821593,2.62832405286328,0.732430508469211,1.83137013100822,,
3.87851547851027,5.17839583373394,13.8619051838698,32.2339196831343,47.0862205575917,3.64923141925133,1.57421195593202,2.05881996826983,5.09147038120129,8.23713042746463,17.4886048684688,20.2176029782541,19.1180120719365,7.58506890371764,16.3437771066852,16.0551203492904,17.1499334003271,2.9439211411274,17.88376030602,20.4487547395422,3.89546864328872,7.15657749612258,7.2473547201734,8.33284762039026,5.34258754066185,7.28272872857653,6.34052181297075,7.74603342196162,6.84324341402991,4.30622173334196,5.19037297292325,9.20095206268606,,,,
7.17478448445424,11.1905997961642,8.85754181338275,4.15546271510411,12.884857531788,15.6432080904525,15.7569041819605,8.21026039971878,0.326827090562047,6.88441116406601,11.0611385998908,10.0908678463893,2.94051636116713,0.986282060189124,5.03958548849193,5.06643507080613,12.8010077280951,11.8457856222712,5.50948604897366,1.73642001189179,1.52244617205356,6.10461043596189,11.7297128907571,12.2982844158497,6.90832002357277,5.51155567502622,12.370680772885,6.29881450459482,12.885280206477,7.97134021368346,9.66660294315361,16.8462494107094,,,,
18.5194827736333,33.8499847426013,9.0903738766235,4.70652795304801,3.70699796961512,5.18487659349991,5.06899082006181,4.53640505139002,5.15889300484172,2.00184471182965,12.3428310923499,8.34782508608967,4.75155776883932,7.22690691368861,6.10555496964486,10.8473313644081,7.83265175686422,3.73147505340361,13.7129219386511,15.6373617688505,5.70641498314211,19.2784757435229,8.83051546569019,32.3041750319415,24.6679176664604,2.40502416336655,20.2656643277859,49.901028296884,1.26248944422467,10.7529930886777,,,,,,
3.94464142360724,1.50088757472864,4.61280413679715,4.5585670846408,2.25154638333261,0.0230258150635911,5.7598754750145,8.78637081601197,2.8422396909156,5.17790653351707,10.8240480501294,9.31027114581398,15.5986500444665,8.91182302445382,23.4237882535703,6.99578732268318,8.67416758588936,26.4443956693356,16.0005566664609,12.113748278686,3.60588414339349,22.8565295394549,4.16710966742275,2.86579316264348,36.0201806381769,8.72511102692995,32.3286032936535,20.4512239099502,6.05784704853408,,,,,,,
5.79314433460828,16.1326355560475,20.7907582055493,13.5703365177626,6.44012122435996,6.07878772316195,16.1167956268189,3.54365360230665,6.32992821301566,1.99087330569927,5.68553986710958,37.7218645417851,19.052068602871,13.7584496691567,2.25751353459555,6.59682407079944,5.57340884060281,1.99664122213713,1.96862843287333,5.90778692255821,20.1989480160883,12.7566259968373,10.3459291199329,20.9087990085908,3.77625313685354,7.65153001921025,10.8891540805609,,,,,,,,,
3.23005883012071,16.9071992413037,18.5509221526202,17.2573440021531,2.5000077961865,2.5126575903038,6.18539591214908,2.42530097379908,3.03652631055143,9.47588805441166,3.75251229228867,28.1429020465605,25.8153911159934,18.1718560493856,8.85341807871093,14.9001300021687,7.14475680528761,8.77582011982022,6.1070400924153,5.88485692358691,5.6148069790439,3.67622926594164,6.72612842828461,2.95120904294136,3.61249409120771,10.4570233464247,14.9022421116867,,,,,,,,,
3.48265930632523,33.4369643160782,12.9850903239335,10.8173237994253,11.8816502077583,3.13682608207536,11.1102233874493,1.158001312822,0.222706827817243,5.74125698864434,5.51714448866712,21.4310380488542,47.8932980530601,11.7327981213008,8.38950464028891,13.704403684978,8.72640123804841,10.0060163500048,3.24057569153288,19.9162922369813,49.7679633580025,35.1867502567067,0.97811652749919,1.57823051612337,6.59510557943031,10.5192875687776,11.3828620755604,,,,,,,,,
13.5705381318332,3.96690880525262,7.0270698555432,3.52824232929282,11.4259833390167,5.16095613347651,2.66843854473474,8.299828110585,16.2881483869741,14.9631932242923,18.2691219363754,5.32324772873743,16.1953766832029,13.1963635661928,5.24519100769473,13.2228239070904,15.4589652646211,9.83593669470927,3.94122351792196,2.0655258391841,9.08879405428393,42.5572980183436,12.8734467295683,6.88553642695121,41.1509353833345,27.7511709771305,59.2052790338889,,,,,,,,,
28.5626713762836,10.435846206644,8.64278573761079,18.8380445911867,22.0210052270245,11.7045514957308,21.7749615250934,7.92813971650261,35.1346558661162,4.88872224147903,12.9014861578502,17.8832318113814,19.2390615815901,10.9360984417015,2.33964113122954,9.92809452396605,16.1400030242148,19.4390095961693,10.7065490369255,77.5597666396506,7.97906274776866,7.61079026762989,11.4195815914964,11.4850926203479,12.4959783722783,17.8678549985061,31.0506009120158,,,,,,,,,
8.71402944501112,4.16709099788999,8.96077764515692,3.96917905748199,11.7462482594023,9.78410213688144,5.04879839660054,12.6328078411285,24.9962175725392,10.7596156733799,5.34386689098802,3.62217100060809,10.111019240373,6.99858148354889,7.62186790486629,17.5185120027438,14.1446702190479,15.7271601619935,11.4213890566441,12.188385911848,24.3434484613772,33.8289087010494,42.167031666884,1.72328475905478,23.5934245713105,6.03123136225351,10.2736559639694,,,,,,,,,
20.0882349152354,6.07826219393472,10.3009333459448,20.1117403701705,22.8960996538248,12.0829983469172,33.570107732842,5.56244069611401,58.6056544503054,12.0859877982435,25.8437133859272,27.458646526667,27.5640935735597,10.6386746402952,1.39626853652061,13.4208777435254,21.3632737497267,3.90190384172966,1.57268387432807,36.8767890859166,7.07751924180402,31.9608137585465,6.38975496928174,11.6181367359046,17.3537068337536,26.2432538315269,39.8569621675916,,,,,,,,,
9.85290330453622,3.71637775345764,8.07255690657069,10.6385802084143,22.2091425883924,18.0522740580344,28.4263294569113,18.4542185368275,52.9308741629497,8.71506609503774,27.9230293316312,34.4037054300832,51.7654145553405,20.0494585614722,15.5796257974547,27.58153250983,32.4738941963523,19.2418763593014,3.12488896163357,43.5621494543788,21.2797049879728,16.2906127893659,48.2713117313805,5.18114939049013,31.5054678891435,1.42105504130611,8.68010935587903,,,,,,,,,
35.5217779046459,8.56102962488064,7.40733893942656,7.58417549808199,15.0666372317659,10.231385134725,3.64202394244833,33.3533983838304,33.8300197710267,6.03876858979363,2.1022837506173,3.32876033988155,13.7991112270193,8.10031759617721,15.2610087222777,25.6324730705342,21.3657884874334,27.8689085464475,1.62976087948298,19.6765455964868,41.3110075688872,15.5685388285245,3.23690721763095,2.90405080001183,52.2245844675235,32.9330977955247,19.3803519338781,,,,,,,,,
11.3858858906041,28.1357377185226,9.80512588275159,4.91304825406132,4.9089440500341,13.1915224293319,21.270764840193,14.4215953451371,17.0889022695397,32.9603336034662,33.710004738657,9.34503790750785,33.2465615304208,30.5760711279485,12.3473937602086,2.88156420481027,3.28964285532686,7.56740461897522,9.76242409364368,17.4993832826193,8.97793140203461,2.87485559415654,11.5971668917123,5.82254135191688,8.57366561534857,,,,,,,,,,,
5.62511290314707,9.77684563168175,9.4812075737267,66.3289712529131,61.7072500276446,12.9185666025822,2.94797692605498,23.3199483856133,4.48524971478248,12.3875855757512,20.8934707349215,23.5028563110065,2.77121376282162,8.84759210916708,8.17575174847784,11.12235501223,3.35369002769245,2.34956600804744,4.72811850139793,5.46008841005143,8.40355852051585,6.3109471524416,15.3703059641573,10.2989875424816,,,,,,,,,,,,
3.23802654113967,17.7774156751045,15.3661714974474,13.6796944153792,5.49830195931746,12.236246235578,4.8766107396554,22.307220122683,13.6515204280482,16.7938990516489,31.5433155465559,19.4217134194317,6.88236966607605,28.5661868199511,17.9177528703255,46.7685823483041,8.94420184193226,16.5992770276435,25.3771119271235,21.1985729206515,2.8306018533266,8.01764208980798,21.1116426090004,25.914412238,,,,,,,,,,,,
0.217506105666656,8.14300266190706,6.78464581024402,3.81272004018827,2.11139961892791,5.76420636703918,7.64799282169568,5.65053352146874,3.38194870353712,18.3149474763988,4.45823082646141,24.0055165713694,2.86637387482802,17.2032524217136,22.0349359821558,49.9109200720054,35.4264115450138,9.09654448297807,16.9598332856166,11.9962542899563,3.71133828376826,13.5911887392521,34.1866462369024,36.0832954746412,,,,,,,,,,,,
0.750553029491974,2.97024956890675,6.72060975970947,7.31483985328259,2.77200891978256,15.1362238326629,23.4288196035871,16.3813497530947,23.6834419162853,18.7857038766641,10.9515944713593,17.2418243970846,11.716882521427,10.4294889141771,11.5389691268144,4.06854872441306,7.40991668517113,2.39475531689201,9.101935890577,0.514172253022595,9.93492504531382,7.27402733498708,9.28062107633113,,,,,,,,,,,,,
15.8956212331766,12.4530474189072,3.64163657556374,2.78201376597058,1.03724191259235,3.09534292906243,0.762840975350384,5.35138708890133,8.81164315523053,11.5237561501098,1.00076534465509,5.29600614977103,5.19573135519716,8.55803637037582,28.6015750989956,3.12928732036842,27.028376799722,3.10402208816449,1.79893714003487,4.87217664887451,38.6996272859549,31.1316653717104,29.6755846957611,,,,,,,,,,,,,
10.0832726002824,10.1426062673881,9.46795673780333,7.09112927573677,5.99801319410029,5.76060710208957,13.869639423269,10.5777718683256,20.4165593710984,6.93299301421252,5.58546933579356,16.3647291924378,6.95225751962908,12.1079301980841,9.20841795291711,11.7441923988258,4.4664296874531,29.3634611630304,29.4290034052397,30.9657962502615,15.9972012759846,14.4327512471876,31.0622938908665,,,,,,,,,,,,,
20.1421700889773,11.7474738649464,5.40476558519298,3.99197173318783,4.43373205801936,2.5481755202057,31.687074432862,17.302266129118,4.39480817685967,12.1575437977404,0.857218302226918,9.36300907118756,4.51175896058176,5.14018372091037,3.19625833864626,2.5997509401203,1.3900971348548,3.39674058929081,1.75032035142349,2.75157121120212,1.64916988886953,3.12236032463542,,,,,,,,,,,,,,
72.2919636040607,6.30714030295674,7.32763065024286,11.2419613304027,11.5516608374437,10.2604284851632,60.6212326736003,60.30978695948,23.1282230536479,21.127733408272,4.11128362905466,11.9007483716725,3.95717165568918,8.9581622000929,10.9758492086098,6.44433821217678,16.058674365418,7.00757914842506,3.88309211084836,2.80352262464804,8.43465526402498,10.8009262811769,,,,,,,,,,,,,,
6.34290088010363,19.5784981268298,30.6599855250726,26.4915680674863,19.6661736006672,8.80329067224182,5.96562018597367,8.98846713095627,8.24965215168092,3.46169280207749,18.47854203746,21.0099385000347,8.03871984724337,10.2279374093586,11.7828859461068,10.8140205341079,8.91874976167701,8.53853026134415,7.34967621217138,1.72271082034188,13.6267502933791,,,,,,,,,,,,,,,
11.4081884436151,11.5673389492176,6.40883741037058,3.4316345796997,8.15685548832897,11.8030266604658,14.2630971441588,23.5064355472002,22.8822158785562,9.87820994965304,7.50569357622399,30.9269011540769,31.8715970724918,23.3699512205553,10.5293237345077,10.6786013539348,3.14263337915452,39.3442018339494,6.61516551535842,,,,,,,,,,,,,,,,,
15.1424348505066,13.4415719084873,9.9926617467573,11.132433281959,11.5423449643153,1.08044196077994,3.65743178652998,2.32623636520787,3.85231998448029,14.5036988007998,10.6906401648924,3.92833893992788,5.65984978833594,2.31422736913522,8.5578029552998,7.06212979661635,14.1137503640495,3.08109851670411,21.4899107230959,,,,,,,,,,,,,,,,,
72.4494608927956,65.4740069371041,11.4081199158594,12.6971895113339,9.81426519773194,8.40284771476181,12.8875450509437,6.89986139519643,9.20212379425401,7.66587116398439,7.35961826145303,3.71322574650592,7.67162546610103,3.72613638241996,9.28045272652449,8.25440411762251,17.5740783829881,11.0334956436479,26.7899549103424,,,,,,,,,,,,,,,,,
51.9671967769074,118.367099848436,62.7934097462502,10.5415221048192,10.0502025994339,7.67895960807779,6.6644329262065,14.1078941468242,11.4996465788053,8.13827490505909,5.95524834259455,8.41744915096925,0.459678479555565,8.68575430540063,11.0715038371988,5.70083573566703,14.6524060955095,11.4719714989399,17.7442309354255,,,,,,,,,,,,,,,,,
42.0032606390794,32.0840990065881,33.4970556699039,41.932930823984,40.7909315171834,30.7240446973556,48.6344251442029,69.3916842001704,13.4186256333884,44.4598635385284,42.004342176637,9.43209006222119,4.44050679657333,35.8744228906401,27.385309883522,8.29201938247165,14.9661488678093,9.26305353053234,30.5865674972256,,,,,,,,,,,,,,,,,
133.06877731759,72.6522086392031,61.4648843949922,39.156888039536,40.5135011234498,1.76743088258246,52.8186748491161,3.31571848079949,9.09681664561796,28.123972708377,21.4372570125334,18.3208352571207,12.5383110968316,29.6638884029561,30.2938458317646,8.10759174467085,15.1848177826831,6.48706171140152,41.1894729542867,,,,,,,,,,,,,,,,,
13.9846728775938,15.6203487182636,5.19563011876979,1.95214707990511,2.02196301570886,31.9173427431459,19.2799000884031,35.9467365272176,4.47602312179839,46.9239703391691,38.8204963619269,5.86289292162161,9.52179916277193,7.04680543600604,28.3521459478943,6.27196446355408,12.9223450654358,6.2429884348381,5.60442741822258,,,,,,,,,,,,,,,,,
9.47853084310185,28.768706193498,14.0260986871666,6.74421399851011,18.3205213988634,41.2670212915941,39.8430033623515,13.1485110969332,47.1889317834545,54.7632520408513,28.8803807654792,26.3553948097407,19.395117089591,11.3892799608775,8.9591367415793,20.5473443435271,12.9351250167972,,,,,,,,,,,,,,,,,,,
10.3511985324741,56.5536267909097,16.0438765249612,16.0273569870691,9.4003734644329,18.6940395225948,4.74765092711125,9.21886567008921,22.462529696812,16.37562561851,61.1243744227974,47.8936927270934,7.73513360184138,12.8503600138241,11.6693055933592,54.964264050413,21.1796159132233,,,,,,,,,,,,,,,,,,,
3.30833632036971,10.4383683539744,7.27332628220004,0.354129254411602,1.98606193292344,12.8045965710287,7.07596023012121,3.63102983882132,3.46145898834396,4.89440505081283,4.63484813553464,3.59311105833389,2.96232347052584,7.53563458379816,8.03505091389927,5.39509913000037,,,,,,,,,,,,,,,,,,,,
1.46811284971878,1.56231318481446,18.1179241759218,6.42839481510372,7.53951988872628,9.11220788017549,4.85002043080886,4.01532818767214,2.09101313928482,7.30981558318285,3.43964300823079,4.34444717558206,2.19853093951412,2.37629310148145,6.19031563279458,,,,,,,,,,,,,,,,,,,,,
3.61076839975483,11.2922611934167,3.02863624648726,2.87023702253334,5.72534941104918,6.76543777918586,4.07986153370931,4.61603916137291,6.31247915784234,2.79461416562063,8.4678127782525,8.91158369410215,5.89539831508369,,,,,,,,,,,,,,,,,,,,,,,
2.52588496465591,21.28899233293,6.49529660517667,7.81184061182211,5.41816419232986,2.81996024189756,4.31461902791819,4.10763486331679,0.839871333661538,0.32705266872433,3.24640385215385,3.48090990631891,,,,,,,,,,,,,,,,,,,,,,,,
25.8418903369106,27.556509956484,4.72850394563651,8.73774292236666,12.8737630144237,,,,,,,,,,,,,,,,,,,,,,,,,,,,,,,
13.1075105390735,15.5010799947253,10.1462614776407,6.54428443176072,3.70176840393513,2.59691088460844,1.76864720680942,1.5863645383878,7.68893398993268,6.15704542397837,8.91564911656314,4.99974615185586,2.46880725237115,9.60715489631943,14.4104395826155,8.06644114278868,3.17007240267756,4.53550034601711,8.32634731736629,5.92270283443793,26.348100393526,22.492127743808,3.29315362725294,,,,,,,,,,,,,
7.64056386161558,2.89067925727905,4.07935598850247,5.07212055695063,,,,,,,,,,,,,,,,,,,,,,,,,,,,,,,,
15.5962708964118,9.53173778565858,13.2312870113918,18.9693505170238,14.6864744305172,11.2694327426042,16.4219895891564,7.29611259443474,,,,,,,,,,,,,,,,,,,,,,,,,,,,
1.08034156076817,2.17530242928485,4.79167507848736,3.81316673881576,9.48946667418209,21.7472325053621,8.7108915208936,22.0186813621258,8.88274348234848,10.4056986606355,18.2436202560548,15.6682533568952,19.0439223000393,6.29134691050097,7.55895754933899,8.77430265955509,14.6042447969676,6.26825746947903,10.0170202408357,16.1729031275773,0.949782404718828,7.52303146814904,,,,,,,,,,,,,,
8.8623770269189,2.47944102823082,3.73907249136203,4.25401434262776,23.3279866992823,18.5351731436146,26.9004290336253,33.7539402378499,21.6251273300915,6.9896921278678,18.6893935080654,11.1511576003548,7.80907429513661,17.4482357617389,2.83671290684306,4.66982508259375,,,,,,,,,,,,,,,,,,,,
29.3628672712307,3.64079751331975,10.0405266423441,14.0649132020359,28.0945560389146,,,,,,,,,,,,,,,,,,,,,,,,,,,,,,,
3.13306529696091,4.50159085693486,27.9454939189194,13.5875393520278,35.4882952337004,5.55640637535342,17.2069084645238,18.3693267362534,16.6656117121269,1.20192428942521,15.0446241159308,11.9694875116158,3.50694201450874,2.96637778798668,,,,,,,,,,,,,,,,,,,,,,
9.03908559525173,11.3853048366805,28.0919541354116,4.40767381580988,6.40446387270134,4.16357594943807,8.05165071314549,10.2252830217704,4.51492946066487,6.70545449271184,2.50077050204564,5.47369988774881,5.88036918858624,,,,,,,,,,,,,,,,,,,,,,,
17.7652875215775,11.0747206037519,28.6287191328427,8.38766361166051,8.16925439599752,2.09227139644216,14.7303869659266,10.3957432839563,19.6592315301861,1.49277158883026,9.60105467047825,9.93341352561623,2.8419003933409,,,,,,,,,,,,,,,,,,,,,,,
8.15332769258603,7.85018571767486,2.44993717835557,3.89584221968756,1.67963340406029,1.88596390137237,3.54604698158692,1.67713164035897,2.65236327116886,1.70585279219361,1.06267163156699,1.93484141563736,,,,,,,,,,,,,,,,,,,,,,,,
8.02610173824055,6.90893453091519,8.6865732862819,3.85868131198758,4.35427093264158,2.12528356807842,1.88538475904395,1.28755271659479,0.874494864825993,8.44388669303532,6.07840226423836,0.957202550940583,,,,,,,,,,,,,,,,,,,,,,,,
7.74771019218706,3.60975748255226,2.00414051039135,2.36560363091771,4.71596555190038,1.49118844234496,0.402742199333215,2.84624167766703,4.42662667307649,5.58876927239431,7.04170467296414,1.04288887676012,,,,,,,,,,,,,,,,,,,,,,,,
14.1093057478862,9.48598553456608,10.2451040331842,15.2314751253045,5.63226171121844,12.7188414316516,44.8070401541857,3.92072249715241,23.5873431637309,37.7356504326443,,,,,,,,,,,,,,,,,,,,,,,,,,
43.1225464637273,23.9128195719133,13.5099828220965,14.8533393175462,14.9816184527766,17.858409279292,20.67566366503,11.7965961490512,29.4376331072209,23.3402894132278,,,,,,,,,,,,,,,,,,,,,,,,,,
,,,,,,,,,,,,,,,,,,,,,,,,,,,,,,,,,,,
5.60096111044672,23.6903480491441,15.3525833750737,7.7494052437357,5.10800548540224,10.4701720565305,8.80594020758583,1.47139130266723,,,,,,,,,,,,,,,,,,,,,,,,,,,,
12.9591605189277,19.2828028423563,4.71064885426561,3.10002492914167,22.0446594802464,9.73203804791401,13.4872165562278,12.1689018384144,,,,,,,,,,,,,,,,,,,,,,,,,,,,
8.87234271887619,18.2680468847534,16.1349123903682,5.8229556958201,39.5258224448085,28.6161724600192,19.2752551169471,11.5402364379789,,,,,,,,,,,,,,,,,,,,,,,,,,,,
5.61629969817528,9.82526317588386,10.7236801866191,15.4001263754225,31.3856822171523,34.9014771739883,24.5999150414703,15.1039293177152,,,,,,,,,,,,,,,,,,,,,,,,,,,,
2.3239297114946,8.74639173933295,8.71171697740058,7.2225146207159,10.5582025609252,7.86901179034665,4.34740028876961,2.41169992196392,,,,,,,,,,,,,,,,,,,,,,,,,,,,
24.4944126802471,21.2775627969387,6.25285775355958,2.85827242627281,4.28769986067552,5.20783514913095,,,,,,,,,,,,,,,,,,,,,,,,,,,,,,
6.2421756244103,12.1100473841759,21.5405280518378,45.744178458299,16.8148232709031,15.4176424212739,,,,,,,,,,,,,,,,,,,,,,,,,,,,,,
