Var1_1,Var1_2,Var1_3,Var1_4,Var1_5,Var1_6,Var1_7,Var1_8,Var1_9,Var1_10,Var1_11,Var1_12,Var1_13,Var1_14,Var1_15,Var1_16,Var1_17,Var1_18,Var1_19,Var1_20,Var1_21,Var1_22,Var1_23,Var1_24,Var1_25,Var1_26,Var1_27,Var1_28,Var1_29,Var1_30,Var1_31,Var1_32,Var1_33,Var1_34,Var1_35,Var1_36,Var1_37
96.7951146560319,103.091198979592,103.690618762475,107.652605459057,98.1263213530655,96.4897745149449,99.9787135585377,89.5,99.7179361179361,103.696691176471,95.4930203045685,86.0189054726368,106.754048582996,98.5740826753367,94.8679245283019,106.161996943454,109.823416506718,109.283446712018,105.226385224274,102.375,105.72942206655,103.196361355082,112.759572072072,113.733309784528,147.560810810811,158.32582322357,134.67158931083,134.397970687711,153.373803307224,108.712460063898,125.442156003506,148.130025353133,148.971635485818,121.865690916918,137.73583906829,120.966338880484,119.456666666667
121.058685446009,120.440210249671,155.07789640174,120.550458715596,141.885422575156,136.129381771829,152.673924050633,148.498226051698,155.361909650924,158.22091503268,149.366357069143,119.199174406605,159.225419664269,154.156879929886,132.115975422427,150.508553654743,161.620675105485,150.868617021277,155.729326513214,144.47002967359,155.480129390018,144.483183856502,163.558755225267,190.901421800948,210.371717171717,209.915758176412,142.089743589744,202.228346456693,210.324640588432,144.551475409836,191.692218798151,198.869368007257,204.227591904172,161.133609958506,194.691252955083,182.559094125973,191.721185510428
1049.40300107181,1051.47491821156,1052.27078774617,1052.30421052632,1051.45195920558,1052.70786516854,1052.518767507,1052.31425364759,1052.37751677852,1052.16381278539,1051.76526054591,1052.29577464789,1053.26249247441,1051.96709425544,1051.16890080429,1063.3032148076,1049.08374384236,1051.2154123479,1044.65783246569,1039.35601909139,1050.09907784688,1049.9737725556,1049.55300068981,1048.35062460301,1049.77292899408,1061.56275086968,1061.55493372607,1067.34193918531,1068.97868439147,1069.32265606734,1065.86747745859,1062.54173452769,1068.49446766658,1070.57593915649,1061.70911752405,1068.35245514636,1065.88555803119
85.5892748324192,88.892505677517,121.023128185025,96.9860788863109,113.301678908709,128.093708165997,136.765133171913,122.822389666308,132.400302877335,131.83061129258,118.608317815022,114.561115668581,134.095337873232,134.994802944998,121.778723404255,127.924709449217,127.15440464666,118.613310384395,117.193092621664,122.410749834107,125.576062639821,122.518539646321,132.230810810811,133.330581613508,125.556341348421,111.96719390744,112.054269752594,125.548987854251,117.441767068273,122.448217317487,126.658047086067,107.439062994619,106.564520510731,104.995543672014,90.1010698198198,108.949469058953,107.457603844833
35.9146102624363,49.3415398388541,37.0534140969163,40.0196078431373,31.2032938754503,30.8967136150235,30.6961394769614,38.0108864696734,34.4444889779559,51.473594548552,31.4973262032086,29.8450939457203,39.7166491596639,38.1465968586387,49.3701754385965,45.6964994586792,41.891664542442,54.8364696527962,39.4789207419899,41.1258631512869,60.1863262910798,46.6744859542427,47.2234359483615,37.8351938895417,46.6760716223549,43.4997369805366,37.4754659566375,34.2456839309429,55.8351126927639,44.5973711518506,43.7970779220779,39.5113447703376,36.6057142857143,40.3926619828259,45.4015444015444,47.7101910828025,48.3225255972696
960.031617647059,965.694100509832,971.412604456825,969.366537300561,970.851729818781,969.493029581775,980.928731343284,979.751726519337,974.528071602929,981.371229698376,975.547101449275,975.726371681416,968.952433628319,985.544983339504,980.326315789474,981.336581709145,989.689925119129,987.944824961948,993.293755496922,980.946645109135,972.712344811431,966.288327057558,931.949264332826,929.343773303505,980.850544498686,932.272847682119,981.39842567363,978.915053763441,977.94818470215,976.327448367755,987.299068322981,986.527370304114,991.227924768887,996.634600465477,987.085930543188,963.495939086294,967.859879584018
977.526023594726,979.361730899256,977.2144,977.691481481481,972.214452214452,975.483748271093,971.331983805668,970.391378720493,972.474048442907,967.159134067604,971.485243388271,969.568574721475,974.712311557789,970.251312335958,975.477390180879,975.555167597765,979.446740292127,978.216807909605,979.989959209288,988.290441176471,982.74081401922,975.51314368023,964.347250509165,949.623272727273,945.590666666667,907.823024054983,945.703789412786,962.335426777048,949.57523561911,950.926730828935,952.020721925134,962.234864618193,976.614466815809,959.977954971857,946.119815668203,936.206804281346,937.049335049335
560.522555474275,563.985170538804,552.206146709191,551.506120527307,559.006459627329,550.124857338507,547.73775671406,540.285049833887,550.037475888675,547.232244126384,555.338821490468,547.239135833126,542.259570264263,559.954959883297,541.442020665901,553.103242320819,555.492866653985,550.522894795622,554.206368646663,551.72192513369,552.221465849784,554.523894709941,548.131156175928,555.141652960526,569.52120974077,569.152432658175,571.814848762603,564.633052631579,545.615539858729,547.83731138546,523.798185941043,541.529467232438,539.970651912437,545.881732687375,539.037776412776,532.557841303767,536.394138453765
84.4370753801359,85.0339476236664,84.4413685847589,82.9990473166085,82.6129140180662,83.2908496732026,83.5907258064516,82.8431028431028,83.2008689839572,83.5713319810683,83.3511826544021,83.7361020274689,83.7128105840594,83.8410469198851,85.2762535477767,86.6416926812348,86.2212573810351,86.3925872616049,86.8329306178806,86.8653914275593,92.8674652975851,100.039513242663,88.4461628246279,95.2048367593712,98.0927302100162,103.790534618755,101.84974271012,99.9412751677852,93.1770422107501,93.3691446028513,96.1461643213799,109.095370113668,98.7887266828873,104.641759776536,87.5961383748994,105.660594439118,98.7716684723727
529.495187829866,530.858260607884,535.659782608696,531.067722371968,544.555775708342,548.661880188468,547.300899769826,547.01847262897,547.71146560319,546.929133858268,543.183908045977,546.409409822534,539.278184826282,533.633434650456,549.839501206758,555.214440956291,554.714633552471,554.504347826087,554.756310922269,563.241542839077,560.49155860044,563.333333333333,561.399598896967,557.126401869159,558.976705023856,564.061431469139,561.960444324031,555.106433301798,572.77036310108,576.623880597015,552.316542014958,549.061230769231,552.05406993829,546.234478601567,536.287467134093,537.606535511837,528.964900206469
81.1542540926908,69.7608650010498,81.4619108280255,86.5935796486978,79.5840371621622,83.8116134751773,90.6728098290598,86.5612175873732,87.833621434745,85.3922954182813,80.42,88.1184944237918,85.7809641532756,89.6482186869818,108.028069319014,143.958509829478,123.848766868311,120.399225520929,108.538870431894,106.570159565718,111.269676388334,74.5276292335116,108.748246674728,93.1825063078217,112.012472885033,109.797045790251,116.252516778523,131.718341219037,131.586942257218,124.54557700943,120.676923076923,104.455939849624,103.013376383764,97.5327944572748,101.430466085638,84.4954221770092,76.9824790794979
856.724545164379,841.757469802924,846.093515358362,841.738754840631,842.121045972164,851.055502085339,856.05792,840.561381074169,851.866643454039,860.609134211264,857.422013274336,867.200715563506,854.021780909673,854.453898514852,871.34389593062,856.506075013207,874.529345794392,890.645897079277,889.199920031987,885.813471502591,864.351205806603,859.850588964662,877.339403332042,863.318980169972,881.212979351032,878.559780955278,861.562520511979,859.066502463054,866.155992141454,872.04877281309,878.590543583146,866.082519685039,874.503417772417,867.948596427269,866.944218477629,878.871212121212,866.130970724191
177.102985720467,197.533570475767,200.884435190005,188.060520094563,191.578414096916,189.899505138942,182.501397205589,181.484057971014,178.970085470085,187.168067226891,164.254677754678,169.606366697276,167.349194167306,175.81183777859,175.71813890762,215.830125523013,191.447163515017,203.65141187926,204.679038159958,211.48629795715,206.226748971193,213.797370456303,183.649210903874,174.462846347607,182.110780669145,176.243444055944,220.407567567568,211.061946902655,183.014937106918,212.761306532663,213.606044538706,223.30457113508,226.739833843463,228.671043293116,215.68574908648,203.195577055978,222.270926517572
176.031104921077,178.242524916944,174.892347600519,159.581162324649,182.580218068536,174.766484517304,175.044133476857,177.287897310513,169.234752084247,162.999039385207,97.1807051909892,175.64173365956,176.26723142087,186.011186576109,175.537195749057,218.555555555556,177.462483545415,173.281644281644,168.381642512077,166.20921000397,166.98854120758,172.381308411215,164.235598705502,166.598968407479,163.880403458213,193.005365853659,188.180309101317,178.80387409201,161.206636500754,180.355773327652,170.593810444874,181.112507480551,177.892525913803,176.872195121951,174.251963746224,170.336448598131,164.788226299694
575.266564729867,590.060606060606,593.38690237043,584.994555971419,581.794166208035,590.738798370672,577.804020100502,590.327151335312,580.4379683597,582.431904761905,587.948705179283,585.705342237062,583.416705771938,588.614309906859,595.141326188881,587.342583076396,588.159829838955,586.159090909091,586.777005685407,591.921961752005,594.546757434611,595.317202622541,592.194839192221,593.612251547735,589.658081373647,592.183781869688,587.783796974134,588.005747126437,590.001954652072,585.669294990724,588.52312245653,589.85783055199,582.591766723842,578.01664774877,576.726832899144,580.875130798744,580.774647887324
246.39853001225,255.391416309013,255.479649890591,248.518278100444,253.37842617153,250.625522218002,249.962851782364,250.825416666667,244.578286558346,243.923519009726,242.355443037975,238.089665653495,211.028382213813,233.625730994152,235.012213285672,248.785330948122,235.967445742905,239.556783919598,213.013539651838,211.166159464394,241.553564154786,256.236814345992,221.921807747489,216.693659761456,215.826676714393,229.410583941606,256.81093544137,226.025906735751,220.946278317152,251.663813229572,202.446492271106,204.77035236938,198.264721485411,196.582422586521,190.126213592233,212.479845389288,198.55106888361
845.847086247086,820.642439431913,837.525755879059,832.633324346185,829.291666666667,830.734265734266,841.260033167496,838.954379562044,841.695929105511,842.638040187173,856.282303789913,844.644589000591,845.05813253012,850.820379436964,849.620918649696,846.680716893462,851.832362288136,845.613175148299,851.416981607458,849.62538787024,857.940312648034,860.283891547049,860.332609285908,860.089671500444,857.618636223388,851.734976460814,857.993513513514,856.312457912458,851.302970943519,859.446510374562,859.24616745283,856.058675870725,838.03288490284,851.229207781224,860.002667682927,861.937973811165,869.537399309551
214.767892644135,222.098204264871,220.868937644342,216.690579083838,241.199767711963,233.151097718467,224.595826086957,230.780890804598,217.719606164384,241.816211530126,187.892072844135,233.478984238179,244.236763236763,242.536225402504,255.270884022709,255.668995633188,246.395140664962,255.192495921697,250.11832460733,251.763463569166,250.273150844496,247.679848320693,207.682323856613,206.864987080103,202.969891095452,251.740558292282,250.912154031288,206.527368421053,201.873456790123,248.903203342618,249.8008492569,255.426404264043,250.098939929329,249.165634674923,215.510173323286,238.367055771725,252.357382550336
808.780430711611,795.241893076249,792.10209102091,794.104391052196,788.347931873479,792.482610394685,797.233993015134,795.112055016181,798.802594244021,794.801301684533,797.287206266319,795.761249535143,797.681222707424,791.876023391813,795.500605082695,794.44796543032,798.214365049981,801.349853157122,800.213944603629,804.631128660744,798.78629304524,803.459646910467,800.156237544839,792.001987413051,789.334132967786,794.997446536866,792.060727127447,791.688495575221,804.513986013986,799.032115616218,794.317814544055,800.464236111111,807.306641544984,796.213690691778,817.621247113164,836.96032672112,813.176671214188
403.320485058467,410.212003454231,409.010253642741,413.214245653393,409.692933083177,412.255255255255,411.122607655502,410.212180746562,408.31458469588,412.411699164345,412.264795918367,409.16758747698,408.964705882353,406.995441595442,412.137365453614,401.164984642387,402.096144216324,399.227948990436,399.353886235345,407.082175925926,393.835069444444,397.463966333509,389.317040951123,395.417622523462,395.624187906047,400.3672823219,413.196695515342,402.288700564972,398.51843448667,399.539757767246,399.570175438596,435.84496124031,442.704675028506,442.743326488706,448.304270462633,446.04118616145,450.029496402878
439.97494199536,437.467108376716,437.279346210996,443.67252851711,442.718369507676,442.564564564565,435.756916996047,437.53751914242,435.0020010005,440.184771573604,442.384134615385,439.105590062112,443.400611620795,437.079787234043,443.986679822398,432.979229989868,434.2575,431.69032597266,430.168091168091,435.67144373673,428.926267281106,429.19906323185,428.041726618705,430.577652485905,432.605098605099,434.402350307778,438.166263115416,431.371146015125,429.337714285714,432.656010230179,433.449418604651,442.581146744412,410.236271676301,416.366297468354,425.83199195171,437.031135531136,404.287373004354
665.619246861925,694.551581843191,711.102626970228,676.446826397646,675.807046979866,697.049289891395,702.839380745041,690.415396341463,672.928111587983,677.226907630522,671.81742535487,693.862433862434,670.789738430583,696.34236453202,672.014116575592,686.170595285657,690.021645021645,694.057191201354,687.726267281106,680.846797823357,688.9604578564,691.655511811024,690.204848484849,687.110954395863,685.475680933852,686.392125984252,677.032071097373,680.768383798663,680.629540918164,668.930382293763,677.763128901946,675.012178619756,672.791847041847,673.360815192219,670.482548701299,670.463693764799,677.292754844145
721.521398987575,722.291352093343,727.08275261324,707.963978323239,710.225401459854,705.808387096774,710.200667037243,705.860759493671,712.042441054092,714.257332930148,710.711392405063,713.186161449753,702.210681038707,711.608963585434,712.309844192635,719.171909062597,731.452365521711,728.455856489624,707.672124437167,709.833418237392,722.33147942158,720.717287136012,727.140514349609,706.582089552239,721.661264181524,698.738598965679,713.017435524882,713.982304080896,709.961284513805,703.846153846154,710.558333333333,708.460876076376,697.600435888122,698.143090760425,699.636489767603,698.706608811749,708.701320835109
192.6884,219.350739371534,205.100832562442,205.37211328976,204.874103942652,224.865243004418,222.127786032689,224.654980761009,214.452624403545,243.55166163142,248.337926902337,253.092909535452,246.430649350649,249.186236766121,228.21377672209,232.584128195345,233.120016785564,236.911735205617,236.785876993166,233.607706422018,220.79015478305,234.031651173085,232.207219556774,230.873907615481,231.751123090746,231.462158203125,234.289764249478,213.884510869565,215.194556451613,216.70020661157,219.176958898562,216.01494189264,233.940828402367,232.362535612536,215.701748486886,216.992194759338,224.828391959799
210.495774647887,200.940919037199,201.722968650032,236.263535031847,205.694632942628,206.221181556196,198.459375,210.333466613355,224.279338842975,226.609651802077,219.405927256399,222.062580645161,226.369933299128,227.212680978532,248.921412300683,245.076576576577,240.038079470199,232.798126951093,258.161206448258,235.714388489209,227.980397422127,190.166401695813,196.621241991129,197.061262520382,191.629771908764,193.832196452933,193.881063305015,197.51801517067,178.110391521931,179.11030438425,181.551447406134,175.107462686567,198.886849232621,198.865512265512,170.419259259259,170.220492565056,174.388899632566
695.673336668334,707.508392390899,712.618253189401,712.939338235294,732.182279909706,715.164493480441,708.722580645161,709.852143482065,710.720875684128,703.410835214447,722.438309859155,723.682519280206,704.319318181818,704.40663507109,726.959028108623,771.121251071123,756.969650986343,745.511956521739,753.238752959747,746.604481132076,740.151912978245,737.81686647375,734.470920840065,761.768377253814,747.432022084196,754.992756385818,706.021676300578,741.578150572831,721.432447710571,701.388833499502,727.079529243937,726.295703454086,685.174545454545,728.764865783214,731.257087378641,732.087093862816,731.013752455796
775.436996336996,782.074563473337,766.373961218837,755.325211505922,782.354109855863,754.860624523991,758.459348307498,765.77215980025,752.481067659839,749.219217491369,770.550396708786,776.810518174787,746.312323853446,759.324367595261,781.651264439588,804.060570071259,787.84331797235,781.786715417428,781.125494071146,780.237621235324,780.965930599369,782.219631548647,780.622596153846,801.357226792009,790.140256959315,789.803745928339,760.604278074866,795.667901234568,770.690649762282,748.404161781946,782.627588627589,782.692525125628,801.219681908549,792.689148580968,792.63253210405,803.049576783555,791.503789126853
690.70097640358,695.73732718894,697.327835051546,690.319457013575,702.537621359223,705.252631578947,685.851785714286,687.98828125,691.206060606061,695.458218549128,694.790945406125,700.812916111851,691.499105545617,687.336182336182,689.41245972073,736.777452415813,734.495652173913,700.743034055728,711.19881744272,706.688473520249,699.085714285714,700.387022016222,694.897423432183,701.834987593052,701.13117621338,700.037200504414,680.631720430108,694.112145577655,692.050420168067,689.663511187608,688.5168756027,692.799892703863,672.807050092764,689.037402244135,688.632196552989,691.595456531236,689.26392251816
179.65664556962,178.262028608583,185.180320150659,188.483362521891,186.159194282001,188.127352297593,197.57114405842,183.180942184154,185.245630174793,192.17576419214,189.201211596711,190.79530588688,185.852922690132,186.629015894488,195.818039828192,196.370697674419,197.10270602706,184.310460251046,194.357390968738,183.413622526636,170.16253869969,104.776269872043,94.4810941271118,102.956347617141,97.0287481804949,83.7124463519313,81.9167979378491,68.8395563770795,76.5485414767548,76.3193257359924,73.3112701252236,82.6815074496056,85.6495455506235,86.3766294227188,88.5552088750217,79.9454519491646,85.2554097802011
83.7682593856655,82.7010927035601,98.3281924737816,76.5654596100279,82.615127919911,88.6717678100264,101.651860744298,79.8121869782972,90.5792637114951,94.3960692871419,88.5730659025788,87.0159538357094,102.489130434783,104.845911949686,85.7159379407616,84.4528502930208,92.175952045134,88.8202734244748,109.661460225209,91.9204470742932,100.783974011911,51.7876984126984,45.3956586087815,51.1147850732168,63.1235457063712,65.9423076923077,114.470660901791,131.568746214416,119.60770156438,136.127932960894,121.214012738854,116.092882991556,145.471174377224,121.199333703498,144.212103746398,110.271012006861,144.531880108992
924.557053941909,924.590088945362,929.112892598287,930.449587978672,930.653738968881,929.731375512848,928.19212962963,933.288410301954,933.60935823138,925.450452391211,930.168298368298,922.284136546185,923.019039957093,934.746619217082,931.297857311043,940.619987132747,905.246671338472,905.885380919698,904.926212227688,936.682251686439,935.254678986022,942.708927464352,957.428165007112,921.509256774886,922.900232018561,934.338267410823,937.422012302285,934.258982734484,935.717332734621,935.573045008801,938.043637194425,904.566095471236,907.200632911392,909.148125384143,927.406860517946,933.139126305793,938.928106095859
778.436885245902,787.273966378919,795.308785046729,795.471232020013,787.835682492582,793.567437047258,794.203296703297,792.126406353408,799.484838709677,800.502168256722,804.524945770065,783.493971753359,790.534527456988,794.385751295337,789.736661585366,784.799034399517,764.708655332303,755.935207823961,779.078633580406,776.716855429714,769.23937884559,771.656125431836,780.005083732057,767.962736373749,776.133521723773,774.933724075744,785.020844761382,785.219081272085,791.412535976975,791.197503121099,797.640802675585,788.439772727273,784.913043478261,788.279159369527,783.698928571429,773.60587382161,769.830261136713
540.530490600642,548.274459508978,542.099632690542,541.460281690141,527.883341110593,526.619530170428,524.79638671875,528.766862170088,531.465248765667,521.495372410754,525.872392638037,531.125349487418,524.300859598854,525.419858870968,546.929974991068,543.345501120717,535.872878918608,540.754722550177,546.557013118063,538.651894669236,536.142668428005,540.282595325953,543.689665938183,539.413610586011,544.487993803253,546.013641755635,544.386627906977,545.147030185005,548.0703125,542.715362318841,536.982263213906,540.41760391198,540.358613761929,533.525849335303,540.178204555605,542.701304753029,541.100378787879
91.1496212121212,114.488267148014,121.450549450549,82.7743362831858,67.8644808743169,68.021052631579,59.2983460559796,67.4690961057521,81.1317725752508,83.0349454850433,76.37472,81.599537037037,78.2121807465619,75.7675635276532,87.5497351383167,84.9852847088931,76.5611951043917,80.7773492286115,71.2374511571987,74.2371910789632,104.908924205379,75.4502694757472,68.6016496846191,78.0868002054443,47.7105682421668,32.7490347490347,80.5303668069753,101.605867346939,89.3867713004484,102.800470865215,98.2073945696129,88.4176319176319,117.391595615104,89.1053621825023,116.332329921734,109.974658869396,113.174344023324
187.433933002481,181.89702970297,155.793631900015,149.715878916622,155.85140419481,147.629337280053,173.03184920377,139.329011092017,176.537658227848,172.08125399872,172.779041709755,172.972781901732,193.646831530139,203.057772709996,170.935967800951,176.510050251256,171.395995218171,173.766024518389,184.339805825243,174.641600815702,167.6179647527,175.738050900062,172.869116307319,186.441155234657,168.504023173479,170.305129913391,162.64178187404,165.781345049003,172.535556448373,180.68337236534,205.201094391245,193.778785764131,180.358920852586,171.029032258065,173.155725747629,161.654972455784,171.961234177215
118.326640372894,114.132231404959,94.035903472631,109.628807106599,105.631019830028,90.1080064481462,115.07204610951,86.8391787852866,119.497104541298,115.486711990111,116.845387243736,104.044879171461,110.437270341207,100.330120481928,113.502051983584,140.737623762376,111.595346484573,122.97772119669,119.271064663619,99.447619047619,114.012309495897,111.883537928864,110.353360173428,92.2559254327563,80.4178327367393,76.1240369799692,88.0076886112446,101.075736961451,93.3863636363636,112.610152784623,110.042673521851,97.3078324225865,86.8859090909091,81.3976930792377,78.6480156148341,86.9209921910887,87.1453453453453
245.399500277624,255.781189555126,263.345189355169,290.04897821314,251.299899699097,262.731235862636,253.790003299241,252.765742574257,261.945029239766,254.543255611244,263.039588884659,264.760031368449,254.785813080419,270.021646143876,276.035234242464,275.036721749291,283.51650558554,286.504491629236,341.569348809758,297.763953983809,341.92490800368,303.620556142203,284.085248573757,271.875450081833,237.187194308582,251.448451587613,265.613308749581,264.590336134454,257.882574331953,257.558139534884,248.551814708691,249.559760479042,248.380288579115,247.490880667014,253.587628865979,282.025372533226,281.955194241033
85.8735294117647,85.7785870356883,77.4597765363128,78.9376664890783,78.6482799525504,85.1572769953052,88.7924050632911,83.1570850202429,89.3659777424483,89.8914831520297,83.6528436018957,93.1993937352644,73.1241862794191,68.2450719232818,86.4915032679739,126.308865586273,80.2490875912409,89.8703991705547,86.6968056307526,69.9147766323024,83.9285714285714,91.8536513545347,99.1784188034188,96.8774145616642,115.161165048544,114.526886202584,111.119713261649,131.150201612903,132.778288868445,130.486146095718,133.14022517912,132.013017201302,123.044864226682,114.365603028664,114.162326388889,119.493206521739,117.368271954674
20.7956626506024,25.9776422764228,22.7588617074388,25.2848297213622,24.1591623036649,21.1665715915573,22.5564984368021,24.1329179646937,20.9264158743282,25.2970149253731,16.7842818428184,18.0686550365785,35.7086668191173,33.4970747074707,66.5899161798324,76.9132360177136,83.2811521603006,86.9973056197075,93.2484747642818,77.338383080846,89.63400059755,64.0631163708087,74.965967790945,67.5212823275862,67.9918516437201,50.5902276513048,42.9038208168643,41.1832298136646,41.1745098039216,40.7096541786744,40.959686450168,40.7430555555556,50.5428396572827,42.1113225499524,44.9545703338807,45.5807600950119,53.8546781685468
42.2161955691367,44.4273188740194,46.1520199916701,50.9336609336609,52.7773707773708,46.5342910101946,46.8971742543171,51.6464465183058,46.5669187767182,51.0419769803656,43.9968701095462,44.5413354531002,80.7828091106291,81.0829431438127,90.3951965065502,92.3544090372618,117.025909932141,87.2704696336366,58.4257907542579,99.5363414634146,92.6021164021164,115.522326350606,109.260146373919,106.527428571429,112.524886877828,75.7169910573382,70.2892441860465,57.0273466371027,61.6436554898093,56.1552706552707,61.2391415431783,73.3631090487239,69.8214643931795,71.7650537634409,61.697443922796,62.3008225616921,71.266404935502
698.706312900274,702.602928127773,693.364817001181,688.874074074074,702.665200175979,692.715387581951,681.95785154793,676.452671755725,683.28192371476,690.395562356542,687.798841059603,694.75474506885,696.044739429695,699.346795434592,703.673694453454,704.695637355147,719.333979077877,705.901140684411,704.370490737732,702.911886014248,712.487698011459,707.050501556555,712.447176684882,711.286687095676,705.588108108108,701.839789888378,695.680240629338,700.554818744474,705.471017604122,707.080942184154,705.685971223022,696.818723122726,704.660135135135,695.015060240964,696.489982425308,697.572892938497,702.602276900477
233.882420528533,221.670798319328,238.48184428306,250.302120938628,240.725343621895,231.749673771205,245.069811835288,235.883264933881,230.815053763441,237.217821782178,240.622487298432,231.624536127483,242.544829024187,244.279105236401,244.704208221844,241.017050912584,232.014656144307,234.158663296827,229.84398439844,237.587386018237,222.838391136802,227.346037354871,222.383583021223,233.214873837981,230.11693989071,225.305315527625,238.497286821705,233.013823805061,235.610147883733,231.95870657636,233.95957858525,230.911121451838,224.879385964912,223.475581091669,220.191745706229,226.039497716895,230.489588377724
380.272148800783,383.276985111663,383.830913197806,379.96631339894,384.553485576923,380.707650273224,375.88547631442,381.417426863794,375.388270431713,395.771902540176,383.125539790253,387.225611800201,380.925180288462,376.390510948905,377.581678031426,383.942446043165,394.814221652787,401.505534105534,402.579365079365,403.971857923497,401.194192799071,393.390306122449,408.994463168031,412.218831734961,379.318205128205,376.46376459144,372.700888450148,380.472595996062,392.682121212121,392.327017114914,385.605901820188,391.503886729595,387.245048773278,379.162608225108,391.218664681062,399.167600747264,418.342256214149
725.998473864937,745.699809705043,759.554708222812,737.313324538259,749.005202080832,745.686964366261,751.39763613339,745.557094878254,736.069306930693,742.014855355747,746.282753226437,745.085514834206,747.470475460123,754.535338890902,763.737151824245,778.029732781332,783.050488051161,780.125536173863,772.140405616225,767.164791414229,769.793392763503,747.957529963523,770.078378378378,767.33606340819,770.663329519451,754.809937456567,765.196113468841,764.393820713664,765.835328712455,762.256690759914,756.547102133283,763.218834566119,760.061775289884,755.593406593407,751.09624498724,750.0546935609,758.224825662483
829.996409921671,836.897581367572,837.372559955382,834.251944012442,825.635416666667,826.152829190904,819.502908103916,814.680992313068,822.4518222666,813.444948453608,823.884217132099,825.280803807509,817.34029158383,811.56323964497,816.335761107065,825.679813816756,812.901213960546,807.93990567473,824.658512527126,831.411053180396,841.91358869129,842.900998512853,843.457229045464,817.356857038923,842.127777777778,851.475779694758,818.61697574893,821.639957264957,828.961695797694,823.524427952999,823.429588929589,837.465313028765,828.688564476886,832.974781949185,840.640176137555,832.079860438069,829.587402689314
15.24739195231,20.5488599348534,21.8077847188852,30.7822378324134,23.4614074914869,24.4579811039284,24.6669771774569,19,23.5551537070524,29.9132075471698,23.065339141257,21.8917274939173,33.3049411764706,17.2563218390805,23.2635506677141,26.798281658573,27.4564369310793,30.7614820532613,28.2303396928804,25.5536072144289,30.7704851202609,28.2090721649485,28.71931227509,25.0416666666667,24.3939256572983,21.2156726768377,18.8109668109668,20.1252771618625,20.0879725085911,27.3682112605879,18.9505574406205,19.3981792045999,23.3134450347364,33.0776636713736,21.0024437927664,25.563838223632,23.2672032193159
434.942297511911,439.300601202405,423.988208319686,421.85541740675,429.262796027502,434.740491092922,432.567104511708,428.10498046875,438.978639930253,438.576208178439,433.423202614379,442.960022522523,435.311551925321,438.03146374829,441.758620689655,441.822003284072,444.087136929461,440.907061958694,437.300606520091,441.525806451613,441.311950146628,440.586314692602,441.117917847026,438.712077641984,436.102828618968,429.024805102764,431.479920674269,433.429139072848,433.10373066424,435.032527881041,434.635840526099,431.403465346535,431.924673328209,434.464915437208,440.413027108434,431.657804304576,440.024088093599
107.954022988506,110.696145124717,103.634817408704,113.647081712062,115.736605132823,103.757117437722,105.974860335196,106.307369402985,109.015923566879,116.40733197556,119.691690962099,104.953594176524,116.335175681011,108.926161042432,117.8358556461,113.01923673596,109.932198660714,111.316056002383,117.053545160341,126.875722543353,120.079889807163,104.654943596549,114.898865784499,116.350457984867,115.202483003252,115.678973175656,111.637611530542,123.458572877917,112.572027070577,123.956827630317,113.785860655738,111.575570859007,113.994570749915,113.592592592593,116.159004392387,120.350017379214,113.571840923669
952.460335842501,947.204976303317,954.733094262295,952.806930693069,951.623689080814,957.431397574984,959.655408970976,967.828873066536,976.53706784988,989.404930602737,984.842654885029,987.822846167917,972.718790892437,988.406909788868,990.09149054505,993.074991487913,990.170522357557,991.632417293891,989.056649870209,984.007414476582,964.255286779248,961.669429097606,972.827339932339,981.548096418112,984.023050514958,978.638836612489,975.585940246046,975.658987670344,974.669313219532,981.441922563418,979.154227156277,979.15127498277,974.73726541555,987.027271630264,955.260436737315,984.881389161182,985.35430251886
324.137653374233,307.673041044776,320.76674584323,321.478707224335,298.84,327.426783004552,322.910796576695,322.815384615385,321.207968476357,326.805759457933,324.736672051696,352.793259350596,355.870714580752,325.11186440678,349.686715867159,357.477756892231,362.76992481203,350.866310160428,360.677674287327,361.184588338705,333.434378159757,325.832207207207,324.27000308928,323.547306726207,309.344723995494,314.466908684725,308.280794165316,308.466861598441,304.571228070175,307.619850187266,307.033677184466,306.463666852991,309.5563286945,310.425697039379,311.590783410138,316.538522954092,316.728240302744
282.629472693032,294.786761940579,286.226728110599,295.697263017356,316.26800472255,298.520207253886,296.730322985262,293.008496732026,285.486187845304,295.646820575132,290.241030823648,304.93744922827,308.403689636462,295.206987824246,303.79329766263,310.668848556977,313.639439906651,313.522215269086,314.206031651239,314.625666771258,336.32835209826,372.550952221851,359.363797378675,369.031503431067,346.131393861893,366.690217391304,356.895720814292,355.726755218216,363.452229299363,362.009916826615,357.543968617195,357.90761589404,346.235269000854,357.841556357802,362.772231404959,359.531848133041,410.042961004627
798.105332455563,807.873743718593,784.288220551378,832.255613126079,836.430503380917,807.133442265795,816.292134831461,832.91344873502,839.728509585652,843.912709497207,839.801558752998,839.843150231635,840.70245398773,846.478844862324,835.664092664093,864.570546737213,853.61032388664,834.36051212938,846.080024249773,840.059263693505,848.231196956394,856.1265917603,848.566496163683,853.604363935776,845.011504832029,840.22899318698,842.232914923291,839.602073365231,785.73606557377,782.319172932331,770.337536372454,740.467132867133,753.250349162011,737.85871886121,741.057498994773,716.423958590091,759.078805047644
732.206896551724,731.621511627907,719.458952811894,727.194474736459,727.81735313977,733.265039727582,770.77358490566,786.045297882816,746.311291328759,776.627323420074,735.904501216545,736.156121045392,741.509377093101,732.676753782668,741.080455259027,752.709112426036,793.992113564669,751.057995028998,759.407932011331,785.582096474954,782.300979519145,791.28509406657,788.736585365854,788.469964664311,795.107224334601,775.973457675753,737.515704154002,740.201830663616,739.161056105611,816.560714285714,829.587238285145,842.089541193883,830.770923520923,845.144874155924,825.285428476159,836.013610315186,826.463821892393
764.276595744681,763.791154791155,740.801587301587,781.02009859689,783.38148306901,764.922546419098,769.866768759571,834.623496762257,786.149399399399,799.766980146291,787.446594715296,786.84882418813,787.112320764737,784.249921507064,787.910319410319,824.400802752294,812.000938967136,798.449427480916,794.983635097493,778.415971917508,779.509918845807,761.900405754334,755.42037470726,744.293202033037,766.192321889996,792.993945509586,774.042188805347,780.074107546317,734.667520819987,737.010353445198,741.176326129666,747.023083264633,773.503848127245,782.829466706839,773.86509715994,775.83137755102,769.946353999357
834.665100384451,839.855769230769,833.914543695582,835.955131511088,846.611967921036,844.062168674699,849.627401415571,860.775471698113,836.711847389558,838.738630423419,838.43129330254,834.799516908213,820.882681564246,831.672738693467,840.278145695364,839.22962962963,860.327066196631,854.521040027369,854.65752688172,864.258234154442,844.619217081851,848.028489001082,843.906765943671,838.823483670295,849.467386788533,868.379256965944,838.043406593407,827.424682395644,830.430937592428,841.419208306295,811.033690658499,801.707347839798,841.692900200938,839.617658498639,833.722785223929,852.382796575622,848.570610687023
315.6142578125,334.599690880989,358.257824933687,354.106125634023,350.501811594203,352.044519266741,348.849962207105,357.41514973576,357.243854473943,358.384615384615,322.594503012048,318.936325278097,308.30803080308,324.860888565186,342.957808379725,348.668493150685,347.658494304111,349.657942472143,344.135994876174,340.96641221374,325.356020942408,326.96247582205,322.718676122931,325.92292976223,334.441949476907,329.993252361673,335.718614718615,335.169997103968,329.457648546144,333.54020421187,326.905609167672,329.520178197065,323.780608868299,323.139008979049,330.908123540099,354.983093829248,342.213621065136
657,654.278159340659,661.608565737052,661.920877659574,652.126157917953,664.156074490098,665.651945901187,660.730088495575,685.737698986975,663.848314606742,668.282002129925,693.975806451613,666.425675675676,672.185476815398,666.961602671118,678.874540441176,740.986961245925,685.276119402985,666.549943246311,661.305510229697,679.396107136916,675.377524598654,679.662731871838,664.221604723862,659.652758132956,650.164132500679,656.25507398193,652.759135966859,651.874706649283,652.82064034815,644.861810493946,654.974850809889,647.896012115093,669.267150395778,693.576779026217,687.952946550937,686.956451088723
508.37704359673,517.487925516439,511.748536109304,504.915941058272,505.081893984515,510.432951757972,513.187093275488,505.904596472475,506.54071211703,502.220866856995,505.156159068865,503.52885170225,520.319025522042,510.670829616414,517.781493001555,519.730972117558,532.048039969254,540.622938243191,522.794338335607,500.363253856942,496.888513513514,498.751361161525,488.293747188484,496.591264367816,496.075032064985,488.851222104145,500.623542354235,503.307963820869,494.189919649379,499.257806826434,497.686870850289,492.415150024594,494.200496277916,487.319286871961,491.507947639084,489.833130328867,490.859975816203
547.016069221261,540.882219989955,554.208076659822,543.194619347453,551.32541567696,548.365020192606,563.540141494925,557.563418290855,556.599759253686,554.057799875699,551.60403299725,551.043719211823,554.906464530892,551.52886165753,567.936705706454,572.43521194605,555.06420233463,562.425442291491,561.033759124088,562.583200546324,552.732515337423,556.382539988437,555.279960947034,558.982808022923,555.190546894333,528.688245931284,557.412154989384,555.822072072072,553.013827289329,558.503777025267,554.780867346939,544.017032967033,546.818491982259,530.098294304712,556.469630557295,553.055538694992,549.748097612175
114.100668151448,113.200442151805,112.201089070401,116.623800383877,114.748646558391,116.233389544688,113.601430184419,111.595402298851,112.310283687943,118.207927225471,106.477251034044,106.219389587074,111.106698081454,105.31754784301,117.264306784661,120.033434650456,111.327474560592,103.042240862792,108.845602979089,115.41158221303,117.472916666667,112.861015981735,113.576362655154,123.433596837945,117.647378429775,112.285234093637,113.284848484848,112.067425831585,117.830634278003,110.030032467532,116.131078224101,111.059948510482,115.308892355694,113.483327937844,111.126944094157,120.79825708061,111.639508928571
699.264047317279,697.528096676737,704.678214010778,699.430703624733,694.548715858133,706.215914170764,716.444640962151,710.384734598993,731.132530120482,720.411324438659,717.340882917466,718.907939189189,713.322331460674,713.519443110898,711.941887592789,689.747515923567,678.116962368629,704.851331360947,710.816752507455,709.320021586616,717.261915998112,707.126154539311,695.091917293233,695.537589498807,699.454064672106,714.929868399134,662.666522678186,676.302543748872,677.159778661594,665.96912209889,669.034060279343,663.99746578814,659.854573583446,654.817500668986,666.845676760306,651.865849126719,666.036956521739
364.889774236388,355.854545454545,335.443400657586,352.73832245103,337.669139809877,354.733974358974,356.567930489731,333.625659764515,331.024341580207,340.690871369295,342.859197577593,327.259437199725,325.736010252029,352.863453815261,295.762168579343,280.885544915641,302.249105225483,300.77923627685,303.436285097192,305.744998412194,292.630847029077,315.871650452296,311.381454447148,309.560715315835,307.361502347418,309.422241038668,319.045120671563,305.96939477304,327.345321795565,320.982132564841,318.745157124408,301.817679558011,296.813793103448,293.67402153927,292.572729781949,290.485356762513,288.434770742358
1016.66990291262,1016.21791951405,1018.49190283401,1019.98788694482,1017.72544470224,1019.72086531752,1018.49871244635,1023.03256807261,1028.80028735632,1019.82668600435,1019.25273922571,1049.56306532663,1028.2977582846,1021.70945083014,1047.3098663926,1046.25502008032,1024.57934734019,1029.03681546249,1044.74841168996,1030.35275754422,1046.21164997364,1039.37002863506,1048.45459317585,1033.75691699605,1045.53119047619,1044.48123143397,1050.43773490353,1050.21649484536,1044.0939829606,1045.57019832985,1045.23483628556,1053.80321100917,1045.97130946542,1045.73428981349,1047.18027298481,1058.18847227762,1034.06209850107
107.901331719128,105.57399103139,109.028852056476,106.406902086677,120.062171628722,123.052884615385,122.857585139319,111.967257844475,112.46217986897,116.840203274986,114.647519582245,110.161197466897,105.247706422018,98.2495793606282,106.12818877551,107.191658391261,110.466174661747,110.470951792336,102.234193548387,102.259482758621,110.0204778157,104.091340450771,106.637270341207,146.681034482759,127.494782074893,110.827947598253,103.29898989899,88.499452354874,98.5582215949188,95.89281886388,92.7564102564102,95.5605652759085,87.8743362831858,115.824896694215,109.421612541993,117.877247365158,104.046798029557
96.9343267108168,97.8310269482884,104.714551083591,99.2502218278616,93.9176470588235,93.2563798219585,98.1854406130268,100.040027605245,102.512506948305,102.284010840108,120.171079429735,122.85073121533,128.155649038462,126.768577494692,136.59725848564,137.767346938776,138.63251817581,132.204702627939,129.699181446112,126.663054187192,115.738080495356,121.463620981387,119.432720232333,108.476393326234,98.1877729257642,106.356218905473,110.651287553648,109.246673490276,118.374770361298,108.665964172813,103.112769485904,123.23988005997,108.659663865546,87.2048899755501,86.6414762741652,84.5770855332629,86.552
837.457099849473,839.757954545455,848.215553235908,840.233774834437,836.706009511457,838.333333333333,864.954856361149,842.819252432156,842.389332213356,839.227138643068,836.065303804656,842.824984912492,840.467912772586,844.3255687974,858.29357516139,841.729513247073,842.425645065984,841.425156977922,841.69325754606,842.388693270736,842.618429189858,838.428242677824,843.206850828729,845.248397790055,842.43131930301,831.914216673379,838.946641257742,839.288505224898,837.388113282808,832.503105590062,836.639484978541,836.940799646565,834.241945288754,838.644915932746,838.525060144346,842.332043343653,835.681987305756
486.940770557792,484.43205165835,490.966957946477,492.022461538462,497.304085733423,496.849719626168,473.009877202349,485.618807194699,478.698791795448,484.838952354416,486.987604496973,480.261138211382,482.780821917808,490.888198757764,491.12362749085,475.849236641221,478.11276849642,481.949633967789,478.521839745444,480.347241669,505.496557659208,489.190567066521,487.676857330704,488.19512195122,483.096068660022,490.157820836844,492.730224051212,486.660443037975,482.448114781448,491.701923076923,483.594263728576,483.649592549476,488.029484792055,495.275561097257,496.070711297071,488.66822721598,486.552475247525
165.634628975265,163.395158652273,166.691139240506,171.476346911958,162.614662223569,170.375437718859,168.236153584777,176.285478547855,188.47796474359,195.561184723305,189.02104472003,179.000434593655,176.057213930348,175.312794718642,176.153975176115,170.005861664713,165.899143302181,177.979963570127,178.467747163695,178.801986981843,185.54604519774,186.214521452145,187.554870892019,195.556924384027,182.469532237674,179.928329424029,195.715413377649,178.524924012158,192.552053824363,191.324882629108,200.654743975904,190.324324324324,182.389830508475,173.101769911504,176.678287981859,166.044705020154,179.514794889038
1000.59989512323,985.304307692308,975.251866490997,974.069988925803,970.814128943759,972.539452118942,975.66062052506,984.110490743462,987.673857507806,989.816262975778,989.420841683367,990.428672316384,970.122023320742,981.175350701403,981.273419473927,981.557291666667,979.750468039583,978.376601803512,961.056677018634,992.36170212766,976.840394800193,978.481264637002,972.610917790344,969.681419807187,970.315009264978,969.336697504906,986.754307116105,962.772571148185,977.249422632794,966.365935483871,969.65886722377,968.475930351656,968.345205479452,967.877411167513,966.619118745332,960.399285572534,987.770448548813
924.003027245207,928.732448630137,916.087584215592,911.328413284133,907.533213644524,909.585983510012,897.015384615385,893.197573656846,898.119626168224,897.561151079137,892.614785992218,891.88082340195,889.10243902439,921.616102683781,936.567773167358,929.772821576763,931.733560090703,927.142281105991,931.048986486486,928.831700288184,946.13095890411,943.130184331797,928.835714285714,951.785714285714,952.381887270424,947.677645409951,923.753374233129,909.328145265888,914.336221837088,908.482487922705,899.550387596899,888.120857699805,893.418032786885,884.063284233497,887.30700280112,878.258919469929,878.845085470085
873.262378528459,882.362159024956,885.30904675167,890.978877153974,890.344497607656,892.732860520095,923.878139534884,938.497484628284,938.163568773234,939.889642416769,938.370226537217,925.373851590106,895.693722943723,882.083280757098,915.6298649722,886.572744907856,889.288572698977,889.762813522355,890.767050912584,895.963049853372,905.388818831442,900.771254109911,896.810171919771,910.440637920851,911.423985463356,914.078473722102,886.440533333333,883.259380097879,887.587032418953,892.685792349727,897.490255785627,910.976086956522,910.216216216216,906.683425414365,919.36800486618,911.364846870839,909.790812720848
967.887664041995,968.570307785154,951.066110780226,948.736074270557,946.174334140436,945.677857142857,949.11257189811,942.825142857143,948.638851802403,970.630966239814,963.062286105407,959.832876712329,918.334963325183,957.594788273616,974.877551020408,971.841389728097,964.858981233244,958.201424211597,952.456547619048,938.652854511971,939.117680826636,942.848677248677,956.829414980864,936.61479944675,936.546455609085,948.680943513346,945.736595174263,946.1695018226,948.763898421414,944.420693928129,932.311333333333,914.371331828442,943.853822629969,921.904891304348,925.273419203747,895.13085106383,885.195756991321
961.877459749553,952.340956340956,932.017421602787,922.921441228588,928.823148813803,926.244763614602,921.911233307148,911.554508748318,915.821356615178,928.772200772201,926.21373200443,933.560053380783,932.568499534017,937.2421875,945.953090096798,935.132024977699,925.876982220086,917.375849660136,914.207916287534,892.86729277256,906.980734497291,904.753744493392,915.689731159101,902.113738019169,899.86479177934,906.422894424674,919.578826237054,935.99693877551,935.508474576271,938.72501294666,944.510869565217,919.864596273292,952.285605483625,945.487312030075,949.871236386932,921.857263513514,917.763919821826
207.179702970297,199.434063662671,203.182266009852,207.917267917268,206.234881682734,206.439303482587,196.80582980724,210.411946902655,202.276908023483,206.757590132827,207.61868852459,205.248935163275,218.691954022989,220.509322419281,223.585297221245,225.265340525961,206.47394193774,225.655758606035,208.169389204545,199.776359769067,212.580928826601,211.896333754741,251.514962593516,206.367537826685,218.537125178486,214.36105092091,207.336491342698,207.462874659401,205.662686567164,205.353244837758,207.530333238394,209.22661489587,209.686881583147,212.179036458333,212.29617522066,213.577096483318,208.247812588202
714.914981617647,674.628895184136,715.38046875,682.081360946746,687.039142091153,685.538694992413,691.708154506438,687.765632943569,691.670934699104,689.040767386091,692.139347408829,680.320797720798,681.157423971378,682.109518348624,681.537697253068,681.901220220802,681.50430292599,684.476751030018,686.181479758027,689.828196058616,689.616348773842,687.005258126195,691.882543539895,676.542142230026,680.420190995907,684.417011222682,691.100296442688,697.488008342023,702.50911228689,699.193802816901,692.26863084922,672.868753762794,674.103057757644,648.790133779264,641.773082942097,643.824984147115,636.919904363419
244.494797687861,239.956333595594,245.180284191829,219.423360353721,247.55934833204,247.264685314685,237.546987951807,241.248831775701,234.415359207267,240.383294301327,249.516532258065,237.970416504476,249.558149779736,247.876975651431,249.469901495804,256.69705372617,249.976765238383,256.340535868626,252.05739238927,249.039203860072,265.628513474355,273.406276993953,274.728984532616,273.902086677368,273.049701789264,265.641161773891,253.072214580468,250.865274365274,247.302491103203,245.314013206163,249.350175438596,237.607296137339,237.863424383744,240.918065153011,225.955393586006,251.009063444109,254.47397260274
464.959302325581,449.580163043478,470.920731707317,454.210321324245,492.831022530329,452.444700460829,429.342428376535,431.768388106416,452.476149914821,450.853400222965,469.39091224419,454.84633431085,445.700216450216,453.91393875396,454.673535093368,433.784865816102,456.091647331787,468.13245823389,462.210653753027,444.845675522894,476.899782135076,474.334866605336,468.639255702281,482.877855014896,488.579392732703,484.807985643786,466.158222222222,461.18792866941,468.221603086155,467.446386946387,469.694802098236,454.508225616921,460.735732647815,467.004843918192,478.446379967338,489.96687211094,478.243902439024
429.728363047002,433.668690958165,437.052727938484,446.025403364229,442.238971754998,432.272727272727,416.17089678511,416.050933786078,417.870714985308,418.763115197404,434.731227651967,426.250159948816,418.803932909196,426.136809499226,427.604177545692,431.249354672173,428.495747873937,434.324015972618,428.731041456016,413.450680272109,484.061393152302,506.874937468734,498.310045894952,501.475832942281,511.280216476248,514.854038734058,495.744047619048,466.856221198157,496.662040816327,502.445631067961,490.611764705882,481.113597246127,489.86535697173,494.94164305949,503.996401028278,485.807268007787,504.247519582245
631.378927911275,550.634353741497,714.337164750958,709.190615835777,712.431269674711,703.320882852292,709.275754884547,709.084905660377,714.895824365045,718.563874590547,703.572685379137,706.355477855478,706.736576411198,709.036272040302,709.830047948855,711.138364779874,699.727642276423,705.915727002967,707.488508148767,711.353021978022,710.9937034917,711.790639154504,708.065729827743,705.671215351812,703.412935323383,700.57824933687,705.747521865889,695.666460012399,690.894705532421,694.883680555556,680.880936890046,692.81526619628,684.189210320563,676.174801835628,685.994998332778,690.284066330209,687.731642189586
1034.13147082991,1032.16147947677,1039.09924487594,1045.91719378953,1053.73177842566,1060.53436426117,1055.76236351959,1059.60375146542,1031.31510934394,1054.27096057746,1057.36263736264,1047.09470124014,1045.72845691383,1045.17513134851,1036.9956355701,1035.60342789598,1038.09247311828,1006.49304911956,1029.18683901293,997.452932479054,983.550938337802,996.799047619048,1031.92106638787,999.244025157233,1025.15711395819,990.198275862069,992.461302211302,994.805627931214,993.984311050477,1001.31417624521,1002.9852780807,997.805863192182,1030.40697674419,1004.122724909,1024.73407821229,1021.1936026936,1005.4364448858
1001.93340815563,998.446274186908,1000.61404255319,1005.81492932862,1012.53738106026,1016.25219206681,1011.06223358909,1011.69348491474,1010.76192842942,1010.59306496612,1011.73457394711,1006.60119811724,1005.14186851211,997.67036110118,1000.36171938362,1001.02309058615,995.590541632983,1005.31446540881,992.70027124774,997.386749716874,1001.50572207084,983.699487763233,981.116152450091,984.295702373316,985.239779874214,993.438095238095,985.064312071692,997.0875,999.165034965035,996.214026602177,991.544902912621,993.30292942743,991.448307410796,994.770491803279,989.136432541688,987.187252964427,990.128908392759
1055.82741652021,1058.47090163934,1050.74165953807,1052.31296205027,1053.91637456184,1053.28843407901,1059.34611171961,1050.51257685858,1061.51902834008,1052.49137451308,1036.06532951289,1050.01174743025,1053.40261331156,1042.9985380117,1051.08051601423,1048.45226377953,1035.97869446963,1047.8582548136,1043.9740777667,1041.46666666667,1035.84,1031.59668755595,1017.50194174757,1034.9126136813,1033.96467236467,1039.59363525092,1037.93590797042,1039.74744661096,1037.30197505197,1039.48178553104,1033.80524344569,1031.55782312925,1028.60413514876,1035.81308411215,1023.77283596365,1025.87419194431,1032.9186440678
1065.27987697715,1060.53980446927,1070.44854014599,1073.91457507706,1074.58312342569,1072.88145896657,1065.61861861862,1070.23458725183,1069.00230566535,1070.64929467085,1067.00249376559,1072.42129436326,1072.99673469388,1073.60240096038,1075.95860504678,1074.88745980707,1071.94731994843,1076.20171973042,1073.93379934211,1068.275,1072.63572542902,1060.0683081811,1071.06952965235,1077.38607442977,1074.70831750855,1066.42290856031,1078.096484375,1077.82056631893,1075.51606944958,1075.84772212434,1072.04541484716,1081.47947288393,1080.33780011167,1080.23329207921,1081.13788741303,,
312.221636701798,311.361884925801,313.621704895584,305.974935732648,295.612125639153,314.704928878597,312.146883289125,311.890839275919,313.913805185704,312.884604233111,312.772727272727,329.776022972003,309.991688928465,328.872131147541,324.695730607336,316.152729567687,325.177831912302,312.803360462064,312.356429997149,328.458572173007,310.16482300885,313.944627357079,306.861045442606,309.963978941535,315.843262185409,318.49972899729,313.394982309424,315.067201903063,307.530339481422,314.109552791744,310.547660745559,312.388780487805,317.484565499352,,,,
32.8994490358127,26.1650537634409,37.2733003151733,38.4806013579049,34.8227160493827,22.0617149098853,34.6290550070522,31.5776041666667,37.8633281168492,38.1244735610669,31.4722631320569,41.4472497745717,31.4486066697122,34.2188434695912,35.1978021978022,36.6280065897858,39.6119873817035,31.1542358570222,31.9797719749908,37.4785407725322,35.8557522123894,36.8419833178869,30.828885400314,41.5247933884297,31.9601882012305,31.9874213836478,27.183908045977,36.5998094330634,35.1570323167956,22.7370996441281,29.7030201342282,31.8904933814681,47.9941291585127,,,,
630.968114181597,615.054061181435,648.867587327376,640.260488704472,635.597989949749,637.435978835979,635.62382133995,631.41829719725,631.812642554578,627.245531914894,627.924778761062,639.356525319061,631.916247906198,631.064419024684,634.864197530864,629.106925880923,618.333602367501,626.072532402792,629.752427184466,616.050012379302,631.196347031963,629.777846726652,610.993723849372,619.061520603598,586.774910678841,611.434312210201,613.324331550802,593.148654244306,543.648535564854,544.902055622733,534.747498528546,,,,,,
332.871424604277,329.024239426169,328.327433628319,332.634669678148,336.002510842273,336.959291055109,336.937666489078,336.81421744325,333.109817412014,334.842330184435,331.974411764706,341.218062173814,332.699334698055,334.233752836806,333.000963205548,309.647955830156,316.619343696028,325.293437063635,300.398821989529,311.068314141545,319.982750041466,316.377585674591,293.756357246227,293.645026866981,290.993380358112,326.12120053527,328.122224405581,295.8575708061,316.231606443187,319.584706379383,,,,,,,
947.951585407433,950.065488565489,951.838010657194,966.122893547061,959.071841453344,954.13196347032,955.680780406808,948.231921266581,949.831775700935,946.22872579919,946.341191066998,943.331574981161,958.900114481969,974.682335659199,985.453749524172,983.217438890916,984.635793357934,989.25713198935,989.217236467236,987.326945189728,985.035825008612,993.604967197751,986.534696614147,977.110652109767,956.456263334349,954.343740340031,961.069993069993,971.56159669649,,,,,,,,,
994.767359887205,997.58125,980.675,964.1656394453,980.438872970392,980.043055555556,980.192761605035,983.704487722269,985.681216931217,982.762895174709,983.5440433213,979.884429580082,995.327358490566,1001.27957722468,1008.29534161491,1003.24181547619,1017.18725936297,1010.25404075896,1001.5470407116,1006.90253077975,1001.57638173704,995.969687197678,999.578176979375,1002.95649564956,1000.74889217134,998.664779161948,1001.33873626374,988.41479562464,,,,,,,,,
991.913430708942,990.844645550528,1018.29680915111,1005.98167092924,1010.21180842279,998.389684813754,997.696007259528,992.588830584708,991.545966228893,991.372367312553,990.842732327244,994.138492063492,989.392168154333,947.422879684418,955.070978580428,955.025442980463,965.8935165307,958.257154213037,948.963500931099,949.255360623782,939.803323029366,966.891905737705,943.521498371335,944.098489425982,943.648745519713,937.153559322034,935.313160422671,931.814727540501,,,,,,,,,
1058.09306461174,1071.4592039801,1075.3547008547,1069.60283687943,1067.13992707384,1067.88888888889,1064.62882653061,1062.00774731824,1054.36345903771,1065.11678832117,1079.0056022409,1060.85526315789,1062.84510433387,1067.87585034014,1060.29512893983,1058.75311720698,1057.57060518732,1058.62471395881,1065.48919753086,1068.86206896552,1069.92515475521,1068.81247274313,1029.20636550308,1028.30060606061,1035.18466898955,994.589947089947,1013.86291739895,1072.63720538721,,,,,,,,,
1019.72164412071,1037.05268199234,1031.9374282434,1034.63619744058,1024.39322469983,1002.39542639352,1011.8,1028.6609963548,1028.59501557632,1045.82969432314,1048.66058394161,1048.85685483871,1031.66543026706,1045.45775729647,1048.02396166134,1049.10377358491,1051.60552763819,1056.09933774834,1046.13850415512,1051.58386683739,976.35248655914,980.092531705026,972.563017479301,968.064234734338,974.163558106169,972.184549356223,988.735759493671,1019.03996737357,,,,,,,,,
1063.05035971223,1055.44466800805,1059.56226616782,1067.74022850271,1063.77361853832,1053.16861725184,1055.91650579151,1060.67616875713,1072.23414634146,1069.22840690979,1079.33034379671,1074.21510673235,1077.21259259259,1081.59353741497,1076.60574018127,1072.38771186441,1070.35825545171,1077.96443514644,1070.66490066225,1082.04794520548,1072.57842529448,1069.11865864144,1035.64522821577,1000.20347533632,1001.63119369369,988.003174603175,992.06576980568,1001.77376760563,,,,,,,,,
981.486725663717,1001.53058387396,1005.63339824732,997.645669291339,979.222451081359,968.938610662359,969.317543859649,993.4916918429,989.067556296914,1045.99770114943,1033.91451612903,1056.07792207792,1031.87509349289,1053.31428571429,1060.29246935201,1059.47722342733,1056.05800464037,1064.24501424501,1060.34977578475,1060.16855345912,1024.38843813387,1026.84332425068,996.825708061002,993.063860667634,1004.52647058824,993.622641509434,1014.68855534709,1054.54126213592,,,,,,,,,
978.541292639138,974.564668769716,971.184368737475,975.148862512364,978.997980817769,998.924799081516,983.785440613027,1005.12272420769,1023.3766504517,1060.24463519313,1056.06973293769,1056.30909090909,1030.17503805175,1069.19595959596,1060.34270650264,1071.75576036866,1078.68232044199,1075.9376344086,1061.92109256449,1058.90870786517,1015.69207048458,998.059776536313,1003.15751575158,959.68085106383,961.963696369637,973.256637168142,974.653379549393,981.434713375796,,,,,,,,,
1044.40200803213,1013.52750491159,1012.13530326594,1018.72190574832,1026.17502088555,1032.84756416972,1024.54704170708,1028.13351686167,1056.28526645768,1079.26003490401,1074.10387596899,1075.62608695652,1072.6404109589,1084.76294820717,1082.39440993789,1081.26941747573,1078.45,1076.90476190476,1083.25068870523,1083.41883519207,1064.04466778336,1029.43094447081,1041.32407407407,1040.27386934673,1041.07360097324,997.838383838384,1017.71111111111,1036.98613138686,,,,,,,,,
388.650446300029,397.730914889376,424.116583822865,415.523012552301,416.405505558497,420.114916286149,408.789373814042,429.62852494577,420.366954851105,419.686698717949,388.574774774775,420.848680351906,412.159535452323,383.8125,413.546496815287,424.097014925373,421.384615384615,421.553462603878,425.471001757469,419.617720258835,428.991337303736,420.668030391584,422.449583718779,424.317333333333,425.779811425402,417.222089552239,,,,,,,,,,,
802.736911570611,804.647113163972,799.308333333333,800.92051384986,776.158671171171,794.275968992248,800.603919546158,799.302461899179,803.049421193232,802.301715919924,797.954081632653,783.496312364425,802.412315930388,804.434679334917,797.008845208845,800.338781575037,790.803456790124,792.064748201439,791.802688172043,796.451185879757,800.573457394711,794.224843524314,790.909127789047,804.743217054264,803.506833712984,,,,,,,,,,,,
1072.95737963694,1069.91556047198,1058.64929424539,1049.5988372093,1051.80499129425,1051.07732293697,1055.7639415268,1060.5975308642,1081.47007042254,1070.37148676171,1066.06766381766,1069.63166666667,1064.0322922181,1060.54259259259,1048.14108740537,1046.7540192926,1072.70668953688,1074.76660092045,1085.71011673152,1070.23328964613,1076.68727705113,1078.63938618926,1083.0035046729,1063.11017478152,1084.31006493506,,,,,,,,,,,,
1058.48423423423,1058.70171149144,1065.86504424779,1063.86631330978,1061.07797731569,1062.34850709741,1061.09626168224,1057.97731875253,1058.89978601997,1058.39459084605,1042.00600961538,1039.20211960636,1060.35798499464,1062.6,1077.2002670227,1055.18046132972,1079.11111111111,1078.51884422111,1084.45402298851,1070.30092059839,1080.42245989305,1081.99560117302,1069.85601799775,1081.2463859208,1084.19165378671,,,,,,,,,,,,
430.744350282486,430.620064724919,433.544996400288,427.989375830013,424.813095238095,427.533166458073,442.168481375358,425.726804123711,440.793073593074,451.711727842435,440.468894009217,435.671886651752,448.284353741497,440.51724137931,443.029598308668,434.898305084746,431.711403508772,438.725806451613,439.668597914253,435.277959756668,435.634422657952,427.237460815047,432.0853432282,426.550083472454,,,,,,,,,,,,,
429.578582844965,444.486290739783,433.650112866817,430.607820586544,432.272964509395,433.147242751563,432.382293762575,431.678531073446,436.867746288799,428.063973063973,439.58408138839,438.805747738159,438.730473047305,441.26544021025,439.160100062539,447.652375434531,450.780930760499,442.767008985879,443.817791411043,442.898690950484,443.785714285714,444.868371212121,432.354609929078,439.920666013712,,,,,,,,,,,,,
868.871851524525,874.091858946452,883.350303951368,877.499138228197,872.827632461435,867.812427745665,873.571232876712,881.056416615003,882.592852958407,869.184071289334,870.825797503467,865.974215246637,876.005032563647,879.514285714286,867.69013271783,873.500911300122,868.784337349398,864.997035939237,885.912906610703,857.559490084986,885.701831101394,878.266666666667,884.628752409804,872.704345273048,,,,,,,,,,,,,
555.445045795171,569.893125521848,558.287800919665,553.695926412615,555.908576280781,553.362948207171,552.029124423963,556.741273100616,560.447648902821,561.961381190368,562.048975246207,561.193279434058,551.831275720165,554.533951458958,558.197039030956,560.813809154383,560.836211274759,561.475766016713,559.8152232383,558.07739764442,559.360638576289,560.874331550802,558.870588235294,,,,,,,,,,,,,,
560.290651744569,621.392284351972,617.295099818512,611.031720602371,610.340886699507,619.242282249173,619.783196867212,559.477140227064,618.454572986069,601.829934590227,617.454962910632,621.212946586487,609.72192353644,612.558956185567,614.342482464166,616.925925925926,613.967166494312,610.048206278027,609.768058690745,609.81069237511,609.747344885411,618.005485893417,612.475584415584,,,,,,,,,,,,,,
200.74375975039,197.423932498082,210.741474147415,182.77900132903,209.060718252499,189.434196214923,198.203505355404,199.402341137124,207.440949935815,200.316089434459,198.807896287566,180.459875882731,199.625525410776,202.021719180177,191.859547301219,202.901861786052,209.773328434974,218.692077087794,210.509076863654,204.465061378659,206.184157270888,193.525491313016,,,,,,,,,,,,,,,
1045.56340355225,1036.62916404777,1047.70111448835,1041.61311619718,1042.84114583333,1047.94025157233,1059.72710951526,1045.46595385481,1068.04465212876,1045.48180622534,1054.99972921744,1061.56176053005,1030.88498605123,1062.72201591512,1039.37178322737,1033.49684400361,1044.11423908609,1041.26702702703,1080.17580803134,1085.31628638867,,,,,,,,,,,,,,,,,
568.27428307123,570.266885041335,583.391129032258,575.502772643253,574.225513905683,576.640562973656,577.70160387915,575.412698412698,577.501688048616,581.213479181369,571.914829659319,579.083104664837,582.946521913953,578.315834767642,580.30451563103,588.335632183908,589.254930606282,588.339323919555,587.343704775687,584.240807174888,,,,,,,,,,,,,,,,,
525.943419949707,530.92101910828,538.079415250889,526.671303656598,538.755265797392,531.655253837072,531.448160535117,526.283879539415,525.933926302414,535.008098891731,528.017804154303,535.35536159601,538.879182156134,531.847457627119,533.83511043412,538.306310071041,530.053199691596,546.88167587477,547.133683360258,573.181549087321,,,,,,,,,,,,,,,,,
595.157777777778,556.451059535822,674.546188793539,612.278220451527,621.204749103943,612.304820587169,616.398247322298,611.530530262453,625.634714242516,616.932791728213,622.354499579479,623.428846153846,616.882026627219,617.318010291595,614.773239984442,605.190601503759,601.824596774194,593.656416097191,584.55406833392,580.113844669561,,,,,,,,,,,,,,,,,
547.594855305466,521.324528301887,540.071428571429,511.423544743701,548.839191919192,509.612705702258,528.386866059818,491.270695970696,557.513503233169,544.12389380531,565.333560245065,524.151996370236,530.189005235602,533.205755395683,518.222692633362,540.539458635151,547.718527812631,532.940131324836,530.526464361327,531.450717260528,,,,,,,,,,,,,,,,,
686.203381147541,559.210779595765,622.434880722115,561.20258780037,590.074936708861,564.656721915285,562.893758932825,515.032894736842,516.11672037236,515.032786885246,530.306034482759,546.780109945027,563.519220357336,569.528392685274,540.02621564482,513.33185083818,515.561452513967,500.379429892142,505.596590909091,533.962962962963,,,,,,,,,,,,,,,,,
541.748145255759,531.575221238938,545.503791625453,550.656482569526,549.090122566691,548.017649418371,578.530864197531,560.058923033549,571.822794117647,571.06603081438,596.622887493964,574.675971331573,569.19101978691,569.79920564872,570.438893159108,567.993971363979,561.870331514897,548.954786150713,542.974598930481,539.30686695279,,,,,,,,,,,,,,,,,
669.885843373494,678.093841642229,670.924082453494,669.652806652807,671.284706919348,661.763795423957,702.837969094923,667.183355006502,670.474320241692,713.86976144423,663.683683360258,640.742870500234,620.393506856983,635.675658317277,627.020950594121,618.443606557377,600.570951585977,609.206953642384,,,,,,,,,,,,,,,,,,,
676.490334378265,677.752384084183,621.498630136986,616.182923459519,619.478125882021,610.610843373494,628.752407152682,625.465943012212,616.534341906203,638.985656813014,623.681402888299,675.792122538293,670.443727758007,673.559401518535,664.876271652461,658.403539208883,622.464141821112,629.338155515371,,,,,,,,,,,,,,,,,,,
333.665258711721,332.004972375691,325.06976744186,332.320512820513,332.27268722467,333.716054654142,340.477495769882,333.988210526316,330.41441804269,332.825676255904,333.523949579832,329.664217804667,328.073405073021,331.030909090909,337.295406360424,329.690706853247,332.72052238806,,,,,,,,,,,,,,,,,,,,
397.738898026316,398.350777202073,399.871161313096,406.532793522267,402.604933279418,401.866988727858,408.463888888889,407.640587632388,411.08829712684,411.028929940746,409.389496717724,412.592917478882,414.130017974835,415.512628624883,415.427289719626,418.025092004015,,,,,,,,,,,,,,,,,,,,,
782.131947390751,781.826722338205,774.563368421053,776.649968886123,774.048182931809,779.758956521739,773.635140644109,777.551479289941,778.802186539119,773.841210613599,774.039049235993,781.820571057755,773.19631147541,767.40146809712,,,,,,,,,,,,,,,,,,,,,,,
1082.29266409266,1079.7719665272,1065.01504354711,1066.03009915014,1070.66,1073.70540430719,1075.97854477612,1075.99453823237,1075.47021276596,1075.83839845634,1075.88195302843,1077.65750636132,1080.29843304843,,,,,,,,,,,,,,,,,,,,,,,,
1084.4265560166,1061.56206630686,1082.61159227182,1083.22831367106,1074.49921342423,1084.25162972621,,,,,,,,,,,,,,,,,,,,,,,,,,,,,,,
563.449197860963,550.354684512428,564.752376641014,555.178026449644,559.335564480143,555.633807829181,556.22503900156,557.734537072609,557.259336099585,560.076183695265,563.920818505338,557.57148175726,552.873866090713,550.551466931875,541.597067969791,555.699118046133,547.640920295809,550.623716153128,555.12883235486,546.813688212928,541.033755274262,515.13468013468,537.576288659794,534.339207048458,,,,,,,,,,,,,
1075.00354924579,1082.43376623377,1083.5837037037,1085.8807890223,1086.71152296535,,,,,,,,,,,,,,,,,,,,,,,,,,,,,,,,
11.7751873438801,19.2913125590179,12.0033046926636,16.9326812428078,13.7065868263473,27.9279513888889,19.5031880977683,18.4188106284268,13.6973599484868,,,,,,,,,,,,,,,,,,,,,,,,,,,,
457.224376731302,458.166064981949,460.04130702836,464.831744251262,461.152105593966,452.277559055118,438.946213169864,438.029493600445,419.013183191431,427.889662560257,417.749429368501,427.447308831214,414.066539923954,431.225961538462,431.111426947129,427.675222521217,433.858787198203,443.554950805945,449.403712815925,439.445236398194,427.389567669173,426.86111861659,431.469243912858,,,,,,,,,,,,,,
555.361013547416,564.140944534353,562.569467395449,560.971076523995,565.184772637924,542.953046516707,527.603433598184,530.946599726152,517.377208099957,528.567757641331,534.187470109995,525.56580347641,525.261673601479,533.064245810056,538.907237105158,540.487919305653,542.282263966821,,,,,,,,,,,,,,,,,,,,
545.990243067443,574.011490250696,577.108869676593,570.681357117873,582.711921544591,588.078589909444,,,,,,,,,,,,,,,,,,,,,,,,,,,,,,,
1072.52726324028,1069.424,1064.97614678899,1048.72824314307,1059.10404503753,1081.30060292851,1085.65467625899,1068.44778761062,1073.93572778828,1068.50566223535,1069.42234169654,1084.36170212766,1072.41438623925,1073.44744744745,1074.26619552415,,,,,,,,,,,,,,,,,,,,,,
572.443462308205,563.404406538735,552.06833805095,578.271093578786,574.358923624852,568.194586199246,571.276256200129,563.534600760456,553.369774919614,549.115189158667,548.936794582393,550.046013911182,548.215804597701,552.642286947141,,,,,,,,,,,,,,,,,,,,,,,
630.624612202689,616.459352280238,605.471117104967,633.203529411765,639.617531831538,631.646700507614,633.716457023061,627.603973509934,618.543200601052,606.600510085787,605.926869350863,601.647166361974,611.447603897395,608.71680475887,,,,,,,,,,,,,,,,,,,,,,,
431.353637901861,431.777938517179,433.971385542169,432.373269689737,435.473471450227,433.889741131352,433.170697012802,435.029978586724,433.768940979489,435.498243853487,436.171149144254,436.439035916824,438.055479763529,,,,,,,,,,,,,,,,,,,,,,,,
431.474656560872,434.490566037736,441.222460658083,433.586050037908,436.974481658692,441.267575322812,439.720820189274,440.951635846373,441.726659167604,440.865814696486,448.574025974026,442.783974011911,442.137614678899,,,,,,,,,,,,,,,,,,,,,,,,
12.0382695507488,14.176327028676,14.4063157894737,14.5011494252874,16.8423728813559,15.8499506416584,16.2506690454951,16.6519246519247,19.1161251504212,17.1602101116218,22.6729602157788,21.6434824902724,21.2823871906841,,,,,,,,,,,,,,,,,,,,,,,,
612.288856304985,601.440365111562,607.685385805881,617.926054806438,630.808847184987,625.783095090118,633.575061525841,589.754814305365,591.691573033708,589.091367071216,572.51225405592,,,,,,,,,,,,,,,,,,,,,,,,,,
569.349762321741,534.400575332614,558.246292372881,563.534157944814,571.030152747471,562.251680949242,570.288871804728,566.555041628122,559.730756188539,539.948883508206,557.170601461495,,,,,,,,,,,,,,,,,,,,,,,,,,
801.511858797573,,,,,,,,,,,,,,,,,,,,,,,,,,,,,,,,,,,,
948.267269608608,951.176690647482,952.795965685138,949.699274958171,943.998972778634,938.990414878398,940.909963985594,941.419625,942.120131201312,,,,,,,,,,,,,,,,,,,,,,,,,,,,
1004.57648725212,1001.6731016731,997.943666780471,1000.05230386052,1002.3545210385,1019.08883101852,1015.99189110918,1025.53186340414,1027.59520529071,,,,,,,,,,,,,,,,,,,,,,,,,,,,
1058.07974842767,1060.71389365352,1069.53893263342,1068.50632911392,1074.238037553,1064.03237858032,1069.03616352201,1069.25413022352,1075.41176470588,,,,,,,,,,,,,,,,,,,,,,,,,,,,
1003.86733490566,1007.49919172325,1004.97842601033,1009.35234899329,1009.9843773248,985.27036199095,1000.22475512021,990.048961156278,988.454645611458,,,,,,,,,,,,,,,,,,,,,,,,,,,,
14.4282389449185,15.7192276749799,24.4438984438984,21.6309703368527,20.8841911764706,26.0509174311927,28.4164305949008,24.0726577437859,22.9493908153702,,,,,,,,,,,,,,,,,,,,,,,,,,,,
346.279764599366,367.454162042175,351.648857227664,346.292829388909,343.515310856789,347.686261980831,352.53095814597,,,,,,,,,,,,,,,,,,,,,,,,,,,,,,
303.853191489362,307.642750929368,301.710277698254,319.334010152284,277.3557640267,290.211412856652,302.080993201301,,,,,,,,,,,,,,,,,,,,,,,,,,,,,,
