Var1_1,Var1_2,Var1_3,Var1_4,Var1_5,Var1_6,Var1_7,Var1_8,Var1_9,Var1_10,Var1_11,Var1_12,Var1_13,Var1_14,Var1_15,Var1_16,Var1_17,Var1_18,Var1_19,Var1_20,Var1_21,Var1_22,Var1_23,Var1_24,Var1_25,Var1_26,Var1_27,Var1_28,Var1_29,Var1_30,Var1_31,Var1_32,Var1_33,Var1_34,Var1_35,Var1_36
7.69173219454704,9.93114508756844,8.77297628287425,4.40433239690911,6.73810992414859,5.68050729346814,0.0745172001589844,3.58708770100691,2.38356039755031,8.36261259679079,1.63041847056501,1.88567295250213,2.59570204116332,3.32444588708706,5.80455179601101,2.88659976511079,0.854528923676609,2.89850013034214,2.35092988835195,3.00718246699595,7.3910850632506,1.13316920268329,3.91685947830965,3.06976252880655,0.785283207797168,4.2253860271147,4.20967713250604,2.70485646050196,3.68129907793158,5.58435611110016,6.32369026942225,6.04692196048089,5.40590666157213,2.2158220052314,1.15073840093629,0.611907155296759
5.56631826427466,9.47593834054664,10.935724059127,5.3336123840973,5.34734504617573,9.17057004345394,10.0793104862278,7.9167770850531,3.6589120551563,7.0934675059578,3.34612683303808,13.895634348367,3.0365964306302,4.57568515593792,5.05176134144628,0.242494269575832,4.57217543510292,3.27697885391235,3.17991974452737,5.03388858849951,2.87780940727001,4.82167448541764,3.89663521005436,3.65517150067155,5.27544730971858,2.05290399146692,3.1234849722499,3.60279783127114,3.92202209282339,3.99411491445967,1.68516095670952,3.86919976433813,3.99109125281423,2.9742014805827,2.30393113912269,6.23613036362375
3.08262561778441,3.56028776020234,4.22312979097517,6.14968922215333,10.9301268049317,2.00977514150952,5.72059998134066,5.54628422425095,2.10776509785335,3.83053304374785,0.670416264268579,6.95527722238689,3.74751975350163,2.04862216110693,2.363111780563,5.18599934761699,2.33090091155795,2.23980096555354,1.13413960703261,2.08489319070637,3.01611698621679,9.43914863266498,6.14665354225768,3.50012242937599,2.11707147438037,3.22837233701885,15.2496619911387,9.59785154688512,9.42426788880989,2.64808106997928,4.87734661169822,1.88129470226139,3.66896679280827,4.8472993882131,2.98397633506761,2.39088129823093
6.0284963717273,2.17688243540846,2.92958011458203,13.8644779642237,2.91822840791728,5.11963184866128,5.98668234333033,9.79331508081801,4.19147085848207,6.89483499029879,13.0731228600169,3.05515007345474,5.93324860700743,4.27987651137154,2.83674727647296,2.73147689454957,2.53643165826059,12.8704211361245,4.7554478280192,2.47322920324803,4.63343270744993,5.38150194274262,7.36467812382532,3.79247452528847,3.5998386838404,6.59949633437164,5.03431113289333,1.51832286469081,2.96823858532922,0.91497806476765,7.09827786624297,4.72552057184395,2.69434150583327,3.30223664302403,4.87215824907154,8.45869246915938
3.78027470849748,4.25871326002549,1.62032817640651,12.7172810365811,3.42485894683299,14.1563456894859,1.46148203578334,3.82067283333151,16.2755707618682,10.3044535682472,4.65519949194704,14.7000412157145,8.75397712903989,9.2611258638341,3.6579117606516,6.1600826241746,19.8735001647376,12.7118191996929,3.83486285453329,6.74150177712045,3.72074582247562,4.42232936272483,1.44854864919271,16.0903760592275,6.78951464261825,15.779159450854,4.15515412469811,2.00138936705507,4.08407945311171,1.52107407021432,14.9878422223002,17.0610892055553,2.09207753234647,7.45983384225487,20.0753911884662,2.20447274032119
11.0127683701202,11.9259643689742,17.4305492379892,2.43611186711861,3.58210962398263,0.976928583483621,5.45283256288964,5.34248535769549,6.0347749206138,7.91416101984418,0.845913381282063,6.16795211323458,2.94325346794901,13.8285280588377,16.5287994149969,8.99510851387846,16.2434505584388,2.91304161815277,4.26349847643645,15.5882633645787,27.447331957115,13.4904500829026,10.836721484718,7.12418313827869,1.13604314879557,4.14544942010195,11.6241824076769,4.03435468965153,8.6171053951607,2.9881557663531,4.69192038581309,2.88525414477659,3.61238287701945,3.47803896697614,8.22024420055414,7.1232892406298
29.516664865905,35.2811965240161,3.47358607720635,39.0042836632747,18.5641657119193,52.6567713894891,10.1516356112713,6.38030760607407,1.16640981099022,1.81835977957538,13.8735340335842,12.9450003962256,9.26661232692625,31.9805884317768,42.2385830952514,43.7585400980151,37.9678015219097,42.3104021503269,40.5368389465148,38.5602010722068,44.2982599338204,24.3769614527995,30.9870383415303,2.15249990441744,4.6981208679893,4.1400485538913,7.25086429493678,2.38354682913379,4.7791872499375,7.28253880194926,12.1021427725558,7.37385603358361,12.886922459562,12.6700685750742,32.3283915045061,6.70651062047963
4.40803779578607,2.27962668763971,4.90056000936884,6.94905478354671,2.18459226479012,2.94307885156681,2.79104478407166,4.16248870784,3.73364128262278,2.50607412414812,1.297240019956,3.6240441411203,6.01453529844302,2.69382499884406,1.85437605408952,0.797284137401073,4.99417239700128,2.48014507330387,2.23599345872177,3.69170614543982,1.33541132414744,1.70488273158354,1.4917174135019,1.46612924096559,3.88121137962186,1.41458376514703,1.94938834884637,2.26010803846594,1.7516752073407,2.57318080651627,2.82456374665007,0.789250574553864,5.57254849408395,4.76506516872514,1.44526562438566,3.66156933360083
2.79169362059432,31.2066330250136,13.406513440097,12.4152413978259,15.4692137600099,3.70821596943037,0.804996605417469,3.01042508213419,6.6933763958652,5.6766109642206,6.62434934423352,9.07325498986428,2.02381601270808,7.87842445065016,3.84984919905942,5.13655580272587,9.48478446237178,2.189575462869,4.10131795594636,7.55609274605287,0.960225375767908,2.32047132130972,3.20989217483973,5.08050553138084,5.52080599407345,3.64855874349481,3.81192190181335,5.04566565107674,1.7775244720129,2.91545826488772,1.40987026326802,0.683376663102119,3.54951640715732,2.09413375600582,6.43246800099473,4.35073060533747
1.02165156040026,2.80265037265065,3.70942981229183,26.3765923148027,0.938946038805478,36.0761997316073,9.00483986203975,14.0423343331662,6.24806033411771,10.2019206200922,2.83130632139706,4.3125286112363,0.221428615173446,4.0591190504488,11.017640614836,6.71397838524854,5.12760598119971,1.65082983613631,5.86132561608712,3.62390310705195,2.74461565526749,3.26230723753754,3.38440406761488,5.02249975677938,4.54998289587265,4.48300333932415,3.94657819411229,1.96939937795842,3.24716723750752,5.53199759590825,10.5916810864175,3.75335187785661,5.77618580532646,6.55718951975246,6.25206937644023,4.93339286617365
6.09225594710246,4.23668546886585,7.3776556462523,5.9097434909987,3.02573408199681,2.47510638533581,11.2344508794096,4.36048720710683,3.53944289727495,5.61939003667213,6.55176108246308,4.05218267983898,5.10191195329924,9.57438087654465,5.17365715959939,4.3798227940794,3.19435376238089,4.60036107545722,3.1029344948744,4.73353078817957,2.06430810876953,6.52060454307134,3.83427704126264,5.60687931368552,2.07484232473821,5.63096957873052,4.46299370378744,6.74564441964073,12.3623708322895,5.01114050334811,4.38042527428659,4.14484740582015,2.66651452986211,10.8299096877393,11.4944084158923,7.71115288965123
1.52201337913887,7.36430432579065,3.82058851638586,3.80117251748826,3.23079363990708,5.01838799701993,5.57352091695576,4.6174453344685,7.67210957386704,2.78614309446196,0.990403467730224,0.940128858401741,4.20773534237685,5.67178258343684,6.82752095814218,8.51282033622059,3.44170915310732,1.86728939238735,3.79272634368159,3.852241643359,12.2385046116759,19.3785905623702,3.70301620953931,7.00316067572795,7.22387152967527,1.91884554797897,3.17415551736253,1.39340973411309,2.86519480177547,1.05958082990083,1.17811093304646,0.464104846442291,1.35975736863967,1.78137460264859,1.39604923981168,0.840033676580449
8.95793646825946,16.3846899792188,7.37289793509315,41.7913812542636,41.5370619590464,9.19670715100608,8.08028094113165,3.6317177522978,4.73517193945179,10.1296485753575,4.17707551886739,3.2109299735633,3.85079728417068,4.8237544929733,4.8269479829337,41.0575368652109,41.5580686985537,30.4217020075545,27.6883719165969,5.74425695894726,4.83604688161213,3.92686914821528,8.64251198977585,63.0315148292111,54.5718559342713,22.4902507814909,1.87766665231334,2.7570541104295,18.335674917677,15.2554307801267,1.09543249716194,19.8145628617012,6.72499369865058,4.68344742374432,7.82848081201533,3.53789019816157
19.7012150752818,66.5122620555542,5.97772795219873,5.15134436124566,20.9179685202785,4.19309740987351,4.98650091857972,5.8453671787867,3.582476346963,5.72391403314128,2.31818827655758,1.16049300048289,3.93106666125004,4.11611509013375,4.98258408957401,17.7989579584065,17.6297655077494,15.9228320359079,9.90688026874284,4.46493985553,4.49561671868703,5.39850458468381,5.12680546211921,22.5342411415926,18.1292831911194,69.613838834394,9.00706609833131,28.5306837297471,58.3916831213069,38.2460825353712,11.4458132165808,45.8406302692421,5.04021989311827,7.74315332178345,6.20047334269567,3.790096321756
6.89069784265178,4.69920261518663,10.5613362245376,6.68502754769371,5.72576629568972,5.11334306471416,5.96207100409489,3.64855256875433,2.55949597148413,3.20836148293804,9.43414771751584,2.36295992620693,1.6368965922698,11.3345095129742,6.39854119603819,4.72887958967295,10.9993655946679,2.59457778831727,4.15103095452438,3.06675210107087,2.92802871594736,1.90790464917822,1.7230565636711,6.44618017861028,1.45103794230015,2.86934748765356,5.56312867460969,3.57975516575424,1.80061493959654,3.23229166048747,3.10108130524628,1.78774925234558,1.82526591541518,3.35215790323886,3.41576712290487,5.29568328422847
0.700660861573421,2.73022125450643,3.08623673541472,4.97047091188023,3.77332947949288,1.35219625069538,4.55701941621867,4.14527331119689,5.39014307056065,4.12396767626045,7.02073890337257,3.00601327458486,30.0982695369853,26.3655496330395,4.78826300003493,4.89703261424041,42.7663513844329,5.19011119233178,5.50085460012268,8.6473532052022,5.0587828532331,6.18012311053891,3.40023668651385,9.23649799394347,47.0619029174964,9.63881268526776,4.08839306666297,3.93869075647108,6.33138143769498,3.16360149217792,1.13455787899084,54.7255340744383,1.58359232536436,0.382282781760717,2.03288332857284,5.93900960656377
1.43835884614931,6.0256846058496,0.613299057179637,2.14922579643288,1.7942722292791,14.1696734351281,11.2686051851265,13.1257297303006,1.62863898601068,4.76688880151195,9.28450272313977,8.48550681575291,21.3791658279736,11.9916109358845,6.88713110185554,5.1666647974355,4.15060480102525,1.91792966857074,7.03004664796319,16.5480064601057,10.9686296106874,21.9260808816028,4.35613175091756,6.67197966426813,7.25591752917369,12.2116054681782,1.64699893829781,2.27585036898313,2.58717560230321,1.48019102659597,0.826301045477566,11.0562478674442,4.04824593225489,1.53282936833778,1.68405530137485,1.537523433539
7.8233927528078,18.9344579831811,42.8399183321171,34.1984002292907,22.8555528984932,7.28330871378157,6.92690659200562,24.6549185312049,33.8921586320215,8.48464042528547,0.637599158179276,1.89935178039263,8.86682633278235,6.30017696839083,6.08641597300217,15.4553203030057,11.9564250296529,6.66891174045572,0.927035068882294,11.7032806947749,15.5600679110083,80.9874751965472,63.0282252594161,10.4907005279651,7.45711145011882,13.7980813098911,20.7260420721394,10.4527753620929,8.06315513895238,7.79042318237705,24.769201666247,17.8184987257132,21.0054190742787,11.297996830194,20.7131271943382,25.7851168345863
6.06496267109928,8.49911305391798,15.7179107699576,11.4023639250318,15.2051133841948,12.4811254345671,10.3232344246396,2.8255407541887,16.3285249182772,12.1344200376699,6.63677964093388,4.89529394140178,6.47561456852323,4.44257153099995,4.80555142484636,12.1586768335354,9.68599952083636,4.84220460526803,2.80374265255556,12.0435606642008,10.0058288251311,16.479443043762,18.8440719621566,11.8955544374846,6.45469307912056,15.8112231327238,29.8997644580385,19.0477785121733,3.73356918457469,5.44222245668595,27.0453600976457,16.3785219123565,25.3676221048389,14.2645912365442,22.4224304357883,22.5059203953694
7.53129392577046,9.79933174684619,26.1622585078615,5.81239231011115,6.16037128866282,55.116376141468,44.4343221387294,59.7247149936936,8.66610353976932,4.56445108684065,3.82619269248199,30.5702874376538,5.68406841205948,16.2178871805036,20.514820865807,6.70124210728683,5.83424659101029,13.464952691367,5.52196816451635,7.79946116633928,1.57392285610424,49.8536088065669,33.009065431793,11.0137592320207,49.8199608391034,7.21603991844477,3.75710140507269,4.13150943035668,5.60040832505491,3.10204572726114,1.86967623397106,4.40954644078155,7.37507111898177,6.15123479760763,4.052578364743,4.71551879671588
13.4364045855833,4.27945430911336,10.022736769952,3.71656842669173,7.75362438568311,3.141138704539,4.85477508762023,8.19771805240384,5.77161123789402,6.30217939314819,2.47345647904413,2.55526061728541,2.27364556663808,2.23105483280159,1.92091940518472,3.1820515755201,3.78022852382962,4.88249321378807,13.6380232943311,3.82067782428827,7.80878795414904,11.6759400087519,3.20732261707976,11.9171763231299,2.75728679511682,2.87597402875243,3.6122730110218,2.1561124266483,3.49797086052434,9.34999296720637,2.18504215491469,6.31470253236051,3.73167443445936,1.45541336413946,10.0057606095721,1.75716395576059
1.82666322550936,3.50012232882131,2.14363477849959,1.48541999707965,1.03884093338481,0.381544927240302,4.00113756195469,2.61729385356685,1.27984584860565,2.18547333400404,0.51779305060088,1.91374812671333,5.19230037705462,1.22850065784655,1.23446980342749,0.373295329022504,0.967530078945218,3.11123037443489,1.88466390631613,2.64001453386051,0.451893374515131,3.61196504056415,2.5670847791101,2.00195200931594,0.423147226480388,1.2871263637451,1.20208558094911,1.4555904714043,0.974833323119077,1.57475423489913,2.67915260369909,0.482484538479002,1.33659086270806,1.9115365103099,1.526190061545,1.88297998090645
1.31632379571753,7.44111677942363,7.52789706166664,2.13760342300037,4.75118688518787,2.82707534618253,1.45601698543217,4.08390391899303,1.90344997775023,3.37677869282288,6.27785484397571,3.23224560019522,3.94447417355254,5.05624646151167,3.95470941507724,4.885645609787,3.90117768526615,1.39843018831621,1.33804468224847,3.02592353922747,4.99648461066526,3.15323711806974,7.87676662430695,8.3289324217695,2.25013630834876,2.3939489456997,7.45034305760281,0.647796186669962,4.14350972372336,4.04189963383965,3.02070426600091,6.59027998496687,7.7333759115739,6.87063063095287,6.69965688544332,4.84681044966229
8.96097832470317,10.0277456444092,9.91048612669897,5.2330293362966,9.96935424275334,4.21287600749138,9.84120292251731,7.45924540614765,2.66272535907145,7.8331860702465,5.19918434483807,4.49946518039142,5.70824435441072,2.38173380315379,3.40885906005933,7.46799215057726,5.88599359039066,8.39934715030865,10.1586318767351,7.16426524695009,5.73748918498596,6.76353074963184,7.47327110072754,5.01563258745493,5.4107605194887,7.98044937514852,3.70406019915829,6.92424431486742,3.59255002698518,2.46830812560111,1.408329585502,0.655598819225026,3.97314761133979,2.41182409061323,2.12661012586437,2.33900136811222
11.6938675625505,8.00362886060763,20.1020354348264,12.6210230264339,4.30118864077062,7.25332942719884,7.17297236758778,3.41006066581661,1.49163475097891,8.6550218849642,12.2865581648367,9.35413227737162,6.3170571376881,4.26951849092258,6.55901805452093,1.41280339411186,12.3177922649782,13.6492621909093,12.5905709646745,13.2781573189927,10.6889567536282,4.7918934809923,3.93949707598186,3.12761672744696,1.46686307179285,8.34047091426999,5.44910223787786,6.78586542806497,14.231663457538,4.28642472624697,2.02560518667336,8.28779810888531,4.339867869047,1.85253572263571,2.53836804820616,2.42047117630721
4.53071300590274,3.75132060385469,12.084003014789,2.06608981866929,8.11704970392725,6.99369754284895,7.5776540428075,9.27098870480202,8.69261595328157,7.58045723062695,3.05611398204684,3.06592616149598,6.40854492330907,4.77683551501084,6.14175096095486,3.70638468217607,7.5395480146489,2.33349938766878,5.03274061251414,2.36243764616176,3.690920360299,2.54935844855338,8.18166358987286,4.35028965488597,9.7002844663438,5.13403504481971,1.40824825938674,3.70352642957736,1.2070055898381,4.12893778959856,6.97063527766108,1.88169370511428,4.04428615124386,4.41244973428041,4.91325638488576,4.09916383593062
5.60793351324134,7.79259720025239,3.60199395829484,4.40602109772994,6.11505199272437,1.23659530570225,1.73966812046127,2.77156380639666,0.720645223598867,3.18067631837117,1.77439140407319,10.8960160330482,3.33366379360724,3.86447852354864,3.7728190564598,5.68215319149593,1.44313109822338,5.31050492541347,5.1842984233487,0.863279759101473,4.45492864848534,3.76598080437529,2.37905995145915,2.34412463306292,3.82107914813549,2.87645843821292,3.03947129746333,6.23150427294644,2.8665871778503,5.5388091376938,8.47929723481382,6.14272910610885,2.4211260439273,6.87566802669934,8.41342415869751,4.72860441898717
16.3723539718687,16.6960707109444,26.0646528415139,16.5852489602169,11.0542724495546,7.6091487387655,19.0912020910832,5.60248925596226,5.57133406702,6.15842380974543,6.13978984201735,6.89613831983972,9.26290153491817,3.96457625341826,8.00344653143821,5.27384010469724,5.22701918852261,1.6789603540029,7.25952343955746,4.80416280846867,7.49413881283455,6.60630741283715,13.4818886154851,3.93003471444658,0.873187271000502,1.67825529206341,3.1182411543679,0.454852186229997,2.81114241438858,1.56227132604203,0.485650335182599,4.20838982179757,2.2286894943093,1.96144056414407,1.96039733123132,3.43072354970541
51.8984978025107,7.71940874680955,50.7949293802828,11.0972838030275,1.78260247046066,5.53326133978421,10.7963246370858,24.3108798991779,30.8651827304996,18.1376532420961,78.1260122731716,65.2826864307031,19.0079761337455,13.4892719668863,6.5378064579422,9.0453106342406,17.924457842088,16.6056690234031,10.548996872886,14.4799337271313,4.2139263136783,5.98252220737186,3.49805070719226,11.9597656760467,12.6081791381637,9.11468417907102,7.73694204124258,5.72406425866589,3.73841574362184,3.03841603818441,2.05928144651679,14.2417631130735,19.6654747158882,9.14718434394746,1.16568811987112,4.20753366442709
8.40153399420955,5.70290296909812,2.85857583793811,5.92901643101088,6.77006295404694,5.78549347160145,8.88576033324769,4.93370693009086,7.92229729374208,1.51148010867638,2.32635900672041,6.33413193445533,4.48073257915344,9.83077693653603,8.93468139310591,2.62316825745815,3.4222843146682,4.62403699576846,1.71580048117106,5.74021724737152,7.97367270944271,9.33075536273722,4.53045008281191,7.97376542273143,4.874232196225,3.26458145861937,1.8824090827864,2.90706152374092,6.55990913017618,2.68554033283045,6.81474815575612,3.54074074443559,6.83547260480633,6.2458537736204,3.29403994743886,9.17815388319623
0.694240733289181,4.71668146419857,16.6643888563776,14.9645360444512,6.16018496834981,2.30253682275377,5.85532077414183,4.40572954555614,1.89390681816126,0.930573910174409,1.54889668546317,10.9527751791974,8.46623298587823,4.71266298435334,2.63217890955471,5.89389277020866,3.86049535560151,10.9393455952561,3.60949905784322,0.808041020263847,11.4545940285965,0.482005878005948,0.989520987189065,4.98566193573171,0.134711198950199,2.47980192357458,3.16305108280301,6.87940638074395,5.41139769244956,3.97105275136723,6.7690480478926,3.3144754306785,3.62105723269911,4.2722996294831,7.49069030662873,2.75314915114326
41.8911507079423,1.7952963238348,7.36842940375397,13.7940233372192,15.256648308069,8.18790115664514,5.13665579542159,5.9515501118246,15.913819555833,9.40101926582014,4.21701157385439,6.66209363114655,3.70242651634556,7.78054658183099,6.79117503027676,3.8972091042981,0.405232871782204,9.45570188148004,9.22957180393635,7.76889411446429,2.8228865771294,5.34577336434278,2.14309631510424,2.63751835947975,5.16617669316514,1.81084150466426,5.04533146759068,5.19644279465409,4.84705003225339,1.71185292714952,1.28706907379102,5.35309052189956,9.70555519058589,3.36044121787915,1.88612158403701,2.25211781138137
2.86639663729153,2.29823583600632,16.0020310528056,9.99652145405923,7.82972800641845,6.15965821709546,11.4140417158198,3.15123584828261,3.71946815787358,7.69310437992963,8.06443717420894,2.09006896615468,5.68541529635976,10.0711663854348,12.9942914332041,7.97006330944602,3.73887945481057,1.52904580255308,7.19033778112568,3.89826903922157,15.2430416840337,1.17934275793603,3.30034013474523,6.73041003186888,2.4231365155189,4.27457953791161,2.16392810061332,3.10768601720183,4.56529692076026,3.27915803290338,3.27107442035302,5.23213396448486,4.99735484333103,1.08559197994067,3.13657795532818,5.15643674541075
2.83766351755572,7.61684622015763,7.70145009839918,5.88191710610012,1.61148323360242,6.93015993529216,0.294355756653759,6.6191601550926,5.26388757345317,7.18604146836485,3.90764186761431,5.44675704943931,2.06165967270561,4.04054729499701,3.43262550442333,5.18371608855424,4.29257132655357,0.782636427414846,3.33564748753203,3.37812165635964,4.58641814473498,3.38323711063395,1.65081702310072,1.41708926287946,1.15898125691285,1.00452554456163,3.94790215629273,4.77501110241957,6.04590338794341,4.34987372171428,1.36668395918769,2.68238753424172,1.84259758625778,2.18377175003854,1.94716774390506,2.60492497135238
9.01835938228179,27.6317478960748,13.9768325968349,7.59569081885119,10.616365600299,35.2702703633499,18.2041682964783,10.3991983871163,4.16823723284386,3.10193805376832,5.94071955837539,2.71267711661034,6.92157798257349,10.874425724961,17.1282210889666,10.3513024629783,8.23852082910504,4.6863660588391,5.32124556822343,6.00071088507587,5.61716032285948,1.6052333979005,5.34572007240616,1.64467788500741,6.73688412624722,3.83272300997234,5.97801109058211,1.32939075810856,9.99239385155449,17.7839403820937,10.4429654460639,3.3553563615475,6.67844425027294,2.45349129879268,2.93196093623554,9.3658037903771
3.89190369298639,4.54311718243854,0.561635225388434,2.7332990245193,1.82028358195571,7.16481986196055,4.27966291706911,9.85577321369654,1.87006913587746,5.39343508804686,3.55682382909204,1.7803873371303,3.93056006632879,5.77555775652407,2.82575118065972,3.88864091430135,3.75094025400636,2.65429663412731,3.56855960225889,2.16808513439444,2.96757140875199,3.2358869091886,3.62013549907077,3.78939313428505,2.36119021702181,2.63002412086555,4.26637283748327,1.30623519920445,1.88379879977311,5.08059894674355,3.34777357035376,4.32144381101782,7.05096896901482,0.438222958495473,1.06463862447223,2.53997309542841
1.73086234358267,4.68453539113592,5.3794999012361,3.84783446284487,1.16114525451296,7.22772275928534,6.98958515343414,3.82520441382703,1.76403144145402,2.76180360111622,1.42288207593563,3.73885196962077,5.02415801151437,4.62998771599739,1.9845733263626,8.31643963802306,7.02622968539725,5.01412985859573,2.27013109549019,2.55896033162509,0.67935656436621,3.53995720295874,3.96713701039094,3.19987341622951,2.76952749060869,3.30701083333528,3.43489778789762,1.5365393276647,2.83683764554112,1.74975646090864,5.08511800081116,2.59789122434217,5.08302556223321,2.13284322165441,1.89628211354063,3.78728771625413
7.93550454673824,12.0303608263125,10.4099167211023,2.16110104428841,6.00039895854369,6.55467699934889,8.59219116717517,4.51054292825261,6.50153553974449,4.21465799273649,1.32185087747649,9.00617022268672,2.35849113132117,19.890162371634,22.1463381325913,2.94452443166154,3.60167776794985,6.7585062793075,3.25288657381034,4.17955558498837,0.41359413193926,3.48653157820188,2.45414784343205,3.94528852483388,2.39294806660754,2.54721021121098,4.61830063045409,3.43055486130888,2.72987804823517,12.6186612365674,20.2294857780612,2.33680226271757,2.1384951162516,2.99380837839157,6.00240826070424,5.73629484662482
2.32920640589301,1.28681520171402,3.00434062755048,3.70240057617018,3.24906778688411,5.87148091781005,0.912399122872587,3.49636374812078,4.19987176456823,2.61681147161929,2.13479712152429,2.82492260412663,8.58685497064113,4.25124379384063,5.21708217430958,6.28947083149299,3.40744154387822,6.32311306291843,4.47079917443371,3.25085910746995,5.16388003786672,5.01092882370689,2.45609502609243,7.75822630916035,8.34159827497733,4.58364438704112,6.84732951682671,3.21821989600279,0.414828272453185,5.25006030562626,2.19417283576185,7.1659272825312,6.6664914693336,2.53565141945395,1.55607960877774,5.05741854994006
7.00833593533944,6.07606318335292,1.36056186131421,4.17063311628107,3.45326342850375,0.688365857082946,6.81489130295206,7.40084984042623,4.28446841765031,3.49782308932132,2.95802339509797,4.6319901784447,5.18846704821655,6.23766924593729,3.75554459260558,2.91410825883397,2.74193416103609,1.41656121377727,1.10624975754374,2.25638628836864,6.37720016360611,0.963670805305579,2.11344094732632,4.7330777615723,4.38970256828864,2.83671541868392,5.77198816293556,2.70806944358803,1.05580103691879,5.91520379687012,7.09262692018423,2.77811103578245,3.91982792298384,3.35556786326321,3.86220616951227,4.51217935901383
6.72270977811384,21.9719149197348,7.13130098300598,18.1396804179262,19.4155920340254,39.6385157784649,31.3006740486463,10.2929913840256,2.86531801524434,21.2283770028047,1.18081930513624,0.900286629449129,0.107765634949232,3.73643782553785,4.34168450924642,3.36124236454594,3.50954045871627,3.38587357214861,0.424368144637345,2.66718961161425,4.23416455689531,2.86427268636485,1.58050813244373,3.54189735351555,3.10870839846354,3.83852496384873,4.04194968326118,3.3028685271225,7.22717042368681,13.0641977670124,6.38088289294249,4.57534806505845,1.78594449546673,1.0798002116274,5.66564512861098,6.8164230387339
13.9583646385421,12.3264631819266,6.09723577943675,1.89316473135601,5.88249825731191,6.50610002317756,6.09792443651178,0.936282712192673,3.51227861375723,4.75159790873313,1.75684259920089,4.1976034035472,3.90102316794735,2.6734234325417,1.88544425778264,2.41828020328217,3.10468759452635,5.98991742219432,1.59474787231626,3.37125018493775,1.9238244350692,4.04100305923007,2.51663442267163,1.00826795538178,4.91626249847676,0.877198453703715,3.6665102119127,2.23613248372208,2.90867608478559,4.8462214065854,5.93158884448627,3.32158354231695,3.1689000871234,0.733912065120865,3.04449664333254,2.306196834439
2.07328441172294,23.9660115984186,14.7954579833803,18.2660599434837,3.06274901529335,24.3393368733542,18.4291408998837,11.878506875999,21.2422398116693,19.8674261660909,8.81963636276448,24.0828354824318,10.2141207231799,21.048956307915,19.4547861119788,9.59949088388145,2.42583198737437,4.29455384443001,3.24897676089658,8.17754908240952,24.2105742398321,11.7402821776217,15.183275854416,7.79015887340711,18.5257305369303,8.12586640227405,14.3614836984109,9.18952107317523,3.77821097569224,2.60407111031734,22.0898336887172,22.825982099695,6.76477271444988,2.41327034704444,3.54893419535115,17.016396490936
4.80479223204069,6.34935734640211,26.1133606030616,10.9405871860177,3.26878176233694,6.59577324983034,16.7805784523581,4.40201587051823,4.38806768327773,7.8002028078543,4.10753884042961,4.49607782192149,6.51372719536947,1.84599634533626,5.57574533605234,3.19914058094854,2.24677333583384,5.54899839524578,5.05270622554013,2.47713636328105,3.63584120084643,7.05465707235054,2.39677130700762,4.10962727756581,3.69849049459512,2.58210554344076,4.94177097618195,4.60425973608174,2.43818728575819,5.50426846598187,4.62147802228125,5.76881695816011,8.8044697949017,1.4518661663786,3.68076808932333,0.85147369142906
3.34319560081403,103.134916987733,11.8301932315592,12.6794581507889,7.26229888615021,23.4695088481576,19.6741643189501,9.12869944572506,18.7795012799514,15.0141991563983,11.6891400411129,17.9063103497839,7.79803044104922,23.7334091686115,28.9040341593576,1.03019829298953,4.17350065660413,6.95718222201851,6.90019698078823,4.00908078483759,24.9163388759304,18.7835490272901,9.59258597315423,9.16300998968432,22.5564552559169,5.56180661140585,16.3884223277029,13.6560258769298,8.09737743076343,9.94489234721009,26.3802615130925,20.4044744428497,8.4664164131255,4.34433207473734,5.08666322179765,20.7129611905531
11.3931567239263,9.36378100054353,14.5425526597323,6.91503492468548,17.6971566671396,8.24694869464512,13.4540404703432,7.48161586050093,11.0281511334308,12.5101965652974,21.9997697609825,18.6155108896092,11.7748945474391,10.1034058163728,12.4899573676071,13.561757592135,2.8556992815176,8.64859961369303,13.8866003934175,15.749635023116,3.67542780987964,10.4028621392024,8.37634477781809,8.37305715746357,5.22347709871789,4.63471533909345,10.3117689549574,2.02393257252751,1.58732381383494,4.45393948404607,2.96200801978006,2.90378782946093,6.63760011562625,5.34640215848448,6.7877591654307,7.15188741572047
52.0247017629693,36.0790940712533,18.0026460417548,14.5924257566035,54.0714616857075,46.9554715717889,38.1736532405451,18.934457942578,3.54894222194318,7.29849744706622,5.12953324648524,25.913074684027,10.6444749995132,20.460044976876,11.9233249060521,25.1848221871633,23.1545140718722,8.50404732052055,23.8403480542068,9.32700633170979,14.8288304239891,15.6374731029541,5.75597900793404,28.9580767827143,36.2590918653528,31.4265655254645,21.2244156033452,6.30169298166968,25.2113897584984,8.13784081372906,4.22280783899691,45.7423437224541,10.5985638077053,17.1409475761004,27.4749829605144,21.9411651164329
1.71515504463854,14.1557737194933,1.38989507516044,13.0789097608738,6.94248960678109,5.36684407892482,9.78070514441783,1.32363632412209,17.1085588133172,17.4725065006268,5.04628360305724,2.14715624457607,2.91980720947348,1.69753920441045,7.34231784547709,4.78788905921782,2.0223847118835,5.98970169835473,2.951611085874,2.9455963033538,1.35222841307856,6.66757573592092,18.7956385345198,11.2227747153688,11.3521743570127,1.40412929755806,4.44848277648643,4.41718665757719,1.94289650800339,1.23126103736881,0.851028712460522,1.9071955197468,1.23633560726262,1.05098091900034,3.36861911798182,8.51169193461833
33.2078302577746,20.8589084068763,17.107458182503,92.2949957534857,91.9940799390686,74.3614816659406,72.116504761068,1.10903379914809,1.53418272642162,3.53515737635871,5.08400471155301,7.64537186761204,7.20808809902039,6.3456683538235,1.57301030723098,83.133301449489,85.4647792753495,3.18451546205294,83.0899174324446,14.4959095161105,45.8143962193807,34.7356432908548,3.78016439967083,84.2994844682679,87.2485948656804,84.9625351408457,87.9359481075703,18.9334797519633,81.2712399650499,3.84293020776686,3.56884958155413,92.0432915300364,8.44911124589863,18.4703268535455,20.2502140613327,13.9651786677497
13.5229670909776,2.01379580871516,3.54043450197812,15.7735347941484,5.76183008587443,10.9626067080557,11.1391524032148,3.38770674268448,0.823584974136873,6.71870497935603,5.53726841725021,7.35943852929399,6.53983113035792,2.88784452358117,11.8178633524794,3.24365324714915,2.76243934376179,6.31767250720721,7.18687176887472,7.89877613310805,6.18012188721802,6.98111747113671,5.58494894335313,6.27516699812306,5.96861415495493,1.23342024950893,2.91739624621599,2.01492440156583,4.58990730297415,1.03499967102845,1.99316833291882,3.92397804752844,2.98103306588402,3.24633781926726,1.93385685789934,2.74427103496882
10.7827837675588,3.5258478745276,10.1145934887393,7.60070127598858,11.6324583589281,0.804601021939199,5.19201566315845,4.25715223409372,7.16895145613749,2.04193802600155,2.16471499640821,2.39881023856072,3.60720786811228,5.28704384430246,7.63401298058138,2.22054222096775,1.14289882130247,11.7000980062405,5.51334787692344,4.85312850350117,1.54350095058179,1.64537995898295,2.11247091350151,3.1928204938353,3.12924458129216,3.15109164969057,3.38620369302277,9.93361488759329,3.13041448323224,2.79760635570354,1.52809675282488,1.28384876860682,1.68903047657042,1.21915482086669,0.594108377820525,4.28508816672322
4.27467686837263,12.4088345238022,11.1341109467181,3.95701808949169,10.6316229861732,9.4254900270081,8.19829981625661,8.96476124295017,9.50902077117226,4.22823933173007,3.78459259841717,4.01494723959037,3.09967478850524,0.545711208158458,10.4209935186808,3.96907408101476,10.0021265173458,10.4267985540988,7.4461560539787,2.86441408581828,9.79893198513309,2.18655003304661,5.61447466362056,7.38494281633502,8.32694003065179,4.8606119270087,1.71762334480528,2.12466350891434,4.30987412049076,6.97305208175677,1.15897104347836,6.65839213776909,5.59247182164454,2.78451288560453,3.02173141666889,3.16625188351096
32.4070740491372,46.4625363132337,7.42314633912723,6.82419707540291,10.5308964462667,23.9434076195082,16.877427422511,4.86135906966422,0.71245930983603,11.9262282901134,10.8363825231163,3.82833827415035,5.26133750525729,5.53331010446282,13.8055053537099,12.132945590533,10.4039339223271,15.686578321297,8.02685188852437,5.06245025209818,3.52237942139227,11.8489477688046,27.1484551250412,7.30852235276477,20.4389553720932,8.8927504824544,2.63081870629048,7.30427794210737,16.622823315179,10.5518807202422,19.4926438596231,4.91953719151993,5.54126828710808,3.3897194445875,30.8570036729356,11.6819450981056
6.25096911672252,2.49916297464954,1.81760509627652,3.86365639889719,4.33724288467701,2.29861360797559,3.49174960015018,5.06351600723631,1.42597336041617,4.99005804251134,7.98994859119152,1.52936829826253,7.54552704825557,11.4556688016638,12.8818579014607,5.9567087590778,6.08335802736458,10.065895663225,2.94736353842676,1.04225475339179,2.28877462290854,4.17487646789196,4.11726724651459,7.56651726270966,3.36402014528181,3.46830665658361,3.27302635305031,1.02991552581105,2.88698057147423,5.58745282919989,3.7971793653377,0.644218410262415,2.81824249258547,3.34777112611651,4.62311278607092,7.41197854657625
7.5681402938377,7.93975749553558,7.02670529209516,4.93261194547311,4.35777035794062,5.01991312116967,2.52292450736173,3.69754570425294,5.55107844552636,6.11772600909066,3.02537975598258,4.81441958114724,6.79260173642625,7.3584606739107,8.92016952989655,6.26029449683125,2.08251902817356,2.62768234342821,4.06704678979763,3.9944300476699,3.84887530760143,4.87042082854871,1.80965171651447,1.08987059898583,8.19094362738853,3.15727448809508,2.45142663487323,2.4666743465036,5.28651439349091,2.739883300338,5.2371408047185,2.16905358974846,2.12720591009556,4.49834069488262,3.8236433695422,2.11183347213563
6.23836015496688,5.95114092241692,9.47350117248077,5.77860764064202,9.70116011960551,3.58572819029359,4.35709369894396,6.57263674571112,3.06022785632857,7.24259723208996,10.4383322435714,4.81149328644756,3.21136844646838,1.808743153552,1.4786753847379,3.47850786847718,3.10554133937757,4.96638529005031,5.07245403537343,2.41392719173899,2.50234633746544,5.78196029336469,2.39990917937618,7.4886443226605,2.77985286048755,0.705276038469013,1.29228715710245,1.97971841110686,2.44429567703986,5.12217626739601,2.44124752296585,1.19426612797761,3.75702590678344,3.76787416220148,2.61657489311302,5.09086327219623
8.59518522054321,0.770035097844376,5.10105844074678,7.04742372718929,7.01024625140137,2.55776951870707,7.28993042885169,3.53796543925173,3.34617179791118,3.04878750643613,3.54940912698058,6.32910799028522,2.90690858810209,8.54999928202435,2.59013575674905,5.34994536697381,3.02596050192122,1.70266763914457,0.674763756038863,7.52616545211569,4.03112260908938,5.85229955556414,3.62332927099807,5.22967077476733,2.91934793434576,2.28698629641085,6.85704448617182,5.85674004730828,8.69540850876499,3.77219115517385,0.942097602893462,2.98146660745677,4.86468120293867,6.80338309611064,1.24578953026843,8.52439064425792
2.70098891785866,5.4002620693466,9.96877765735813,5.11358898301933,3.33090502380276,12.817444440111,18.0298167709685,2.00458082346301,5.16409419505854,1.27348696026944,3.81215687032044,3.47927332220106,16.258767567244,4.46719992538406,2.05456540211517,8.92485399113756,7.16204252041685,7.57909173548865,2.24404252609274,9.1554271471069,8.40021917546334,2.40145505794713,3.10531855441144,6.9109960886138,0.474757354988943,1.15800213197227,2.39337758301878,1.13186809619717,7.79231127052343,7.67741038992991,3.12057000830324,3.35855334436913,8.09487139777306,8.07518311506707,3.20895866624752,7.95728207610016
5.7670404530782,3.0153713303924,3.19872016386936,4.77461446852666,7.17251897636312,2.58961475090526,2.83948656011019,1.32440581202195,2.26383074729227,1.42153310937325,1.7249178080082,3.50402693854953,5.51546270922435,2.79523752459461,0.935353148950614,1.38157718547592,1.89501998978859,10.4882273334098,3.71143504394067,12.3535381104146,3.11403966529934,13.3167302685329,23.6706636510777,33.7738890726355,7.7238350176832,4.18964376108344,1.25882794717507,3.14200978857374,0.885398450830742,1.46512340443163,0.928309479598954,0.878222805458636,1.26888604577291,1.85969190529708,1.57864059834733,2.2682863251389
18.7621470262143,18.2258946341494,4.81403115120406,3.13194733054217,9.877364040184,10.8408347088272,4.0235406408387,5.11824050432823,3.2220954474785,5.88913484278337,5.85848198326236,2.50266879460044,14.7294730149004,4.48076528617827,3.33706421522972,4.42070346521883,5.21639006942803,2.8054524067676,3.41155244096514,3.53757395074769,3.22031783906447,4.92173236175209,1.91890732767964,3.33787722583529,1.42285582666561,1.51716781787405,2.91317578344111,5.16704094250112,0.270278859587126,6.44418933403594,1.63629704747256,5.91059136830405,3.93266204801373,1.68069362729658,2.03965267171252,3.69906241580846
11.0707250689295,3.52108301388079,3.66191111349289,5.49898164107392,5.54466016324223,1.29849300613086,2.46938817493254,3.56385874844168,6.0496774883078,8.87585596379538,6.44226915820629,4.08542714054896,7.01496530055209,4.26634564054654,2.95101114351732,2.41798751689238,1.26673348422494,5.82872713151818,1.07968256406735,7.34969625127998,0.217150899302204,3.86405800243563,0.95236089125762,1.43072261273065,3.57852308355771,4.96677621683633,2.58918438207034,4.37647789691793,4.9696889764627,2.07809428518745,0.990525224893863,12.3458597622451,13.7869942776089,4.81901806553811,5.88667928466047,3.5021304423079
2.18664610034268,9.33307067454649,11.7940955529803,4.24870943165024,6.74215374225545,11.1337450599345,11.1572480225506,3.86978103890524,0.992404372882647,4.08562639522836,9.10120116923374,6.5733898400244,7.95823594745275,1.72391382790053,3.26884758993044,10.6212572367422,9.76419829601511,8.25761699595311,3.82278873615328,3.16957106123393,9.84619506867858,17.6496075438677,1.76929982186299,4.76576781925766,10.4663696276146,8.19502185442786,7.22220378006392,6.85760195653916,8.41850980471801,10.1991479539028,1.96236434123217,5.27588105589197,1.89997866900499,4.85151081425969,8.7848459497344,5.93588586839634
11.2764003484291,6.2358345603422,3.31201480766626,8.98577508876803,1.2503127662118,7.77283210324376,0.508949264048576,6.2466459856295,5.62779310792704,0.632302921847327,5.28702631900094,0.67473250823212,4.51647571269186,1.7078409701395,3.87083008090167,8.16398854598988,4.07279592187628,4.80012647226111,1.89863766146118,2.22332632532623,9.28111212944887,4.33431045705625,1.99457296611848,6.44942433648087,2.59206200902755,4.92986043305316,1.87408290103962,2.01815370270973,1.22188717721102,0.674458339335783,2.00562921083681,1.77985555874454,5.18510253934038,2.39915849880962,4.02104182590993,4.20333822794985
13.2003924670836,3.29757060035846,16.9115675539276,6.37292694766288,6.60405746416887,6.50592457993929,2.70048998656095,3.00990546299481,3.8777588525274,1.87609390038432,4.2973464333105,3.9216409379436,1.72591575448219,9.127080808644,2.61425719590738,1.89155409970184,1.55844616724449,2.21751432644142,1.65831451840888,3.29775774390053,4.49274153054719,5.68196111039108,2.60813225925743,3.47304756800678,13.2458599704746,7.1832680662489,8.82398237291998,2.16779233622678,2.30047979059231,3.77493224617896,1.40735394886496,12.2054908040615,7.13020820797395,14.5440588490566,3.69581058176137,2.34084502486001
1.58996622824975,11.2792038255995,8.30842232778046,6.8430574437946,5.04048517780901,12.5209380849114,2.56747955867815,5.67762979693258,7.28602662935711,1.68887012228174,2.94828638540969,9.84909575095316,8.80213994657488,7.32318541237614,4.16705468006744,5.40558581505306,1.85189840700789,0.923195133449953,8.48342475231745,5.79863711394252,5.65316229217658,9.6153593189849,1.09715687535402,4.4908566652627,8.83852579156154,5.72846222035226,9.57137399573245,4.14320540120233,3.12362553275949,1.10774691368174,1.49587349171525,6.67485138175949,7.40567921339522,2.36684167344948,3.84427071949893,1.68349279363097
2.22414459801314,12.4946731728126,9.93140010592113,8.9615217472186,4.44265003615719,9.20447983150518,6.26144470410958,6.51512665292038,4.58348844382861,3.09056113750722,2.33123920341424,9.78962331901434,7.25317513783575,1.86079647879476,4.28088772580337,5.48482986393318,1.66936810633377,1.04050579993247,9.46205090470786,6.31915050976759,5.96314175466316,7.72459352943608,1.60349869403283,10.8150976625854,7.98728772931713,6.0455271760547,16.5200869268497,5.67827816388789,2.12848158864976,3.23962578538857,2.72083837849066,2.88566640802823,5.13629685788832,1.55790776291634,10.415240736336,0.312918213976583
8.64266467684562,6.25068048138075,3.78368948593617,7.47503089092752,13.4992670635692,0.926755273842464,10.2306391216747,9.7303048394262,8.11858512582965,23.2359178651487,3.19810384576113,0.910460258602851,2.25504820922656,10.8445281472424,12.7375661827736,14.3914399106544,12.6887981516672,5.71145490356244,3.04060275457815,5.57384969041784,9.38531622034348,8.66412747972563,5.37632021413771,11.3493540843528,4.83050292693856,4.40382244277946,6.91768020900682,3.36223635497884,2.32495499163384,4.42933424562739,1.29065526971317,4.06841063240715,8.48783172815888,4.78332317291431,3.62395592654437,1.04577251186305
1.21725726657835,5.77271375048389,1.40262676136168,2.05658323002014,2.31504641228593,2.37540201704191,2.89866091952196,0.700313057051896,3.16259841469667,2.36996420091134,5.02343846799117,4.35030959509637,9.51976477657766,6.44396797891896,4.1042570872584,4.62206623576463,8.04198889801401,7.89902542461066,3.72203370441408,2.4323158239628,4.81426056698407,1.5945953907847,6.04001714559126,4.53546397143538,1.29538660377283,3.05583092704246,6.06427805857985,3.7798251251004,8.084671826547,3.16345054691067,2.97463591868777,2.35242745578837,5.21582120069172,0.187262399290844,5.28442630704497,6.36565607924554
2.48355625628244,9.2371215885821,5.62133151265807,3.89827684229537,6.73603186507665,14.1988477735231,11.2207986475036,4.49039810182231,4.42483078195281,4.39019732278044,1.41620497025255,2.29440078332767,3.27165529924322,3.39875494963497,5.4378286645798,3.38015299200625,5.726849734061,5.01842604456635,6.64635939913242,3.28072602185393,3.66108789539117,4.57626911489401,4.98757470953378,1.86035783077122,9.12229983245004,8.76302296718232,1.94258328809627,2.24480165897426,6.01266194421457,5.81760536564198,1.37447387753809,3.05247349005652,8.90613859812645,2.90535208948313,0.982150549443318,4.49803018668968
12.1365122374061,9.63310828663644,8.99357585147944,2.48241528739041,1.79442442664884,3.85493472044583,7.3529874511732,4.04637730220539,2.3349827098395,34.1295076847533,39.4076944891016,3.12253773276715,4.53368102735531,67.3461943140923,70.034065613168,5.63272417889747,9.59057419346484,1.80716427103862,1.22070339114354,3.86320002134686,1.20143546572488,5.54951148073343,10.4004115481034,6.10820816100755,7.08594417031156,2.18641936000831,2.00369004864861,9.1511784556476,8.1226125422574,1.32811893713134,3.34996947989154,1.52970202456106,6.49271729549434,3.0158418885798,0.83396168329661,5.18577105611826
6.8700535248605,20.7592826816366,15.8536946255065,23.4102712152322,9.17236811936777,9.94061298785417,6.24467160435657,5.27575220065637,8.25407415233197,5.25769438803359,7.69848309688203,11.6489898144057,12.675668908253,15.8207357323388,2.32679565821927,2.88447606905414,6.65430124979476,6.63175390446004,6.91468006234664,3.56272771925341,9.72705826795931,18.0701207009019,12.7242824065377,5.12688698447032,6.26914668067715,5.35187628538439,5.90053372825283,14.0248223128889,4.64209219524701,8.01257201046081,4.94626504161307,4.53791576509076,3.23685708985337,7.67572132160773,0.910663732896272,5.54993645054604
1.76263141365444,10.2271087913683,6.54452091384244,3.54372360306099,2.53970423984286,2.03656857339005,6.0935456553599,4.5431212745468,4.13124915400759,4.57233153466217,3.00552030387033,6.4529983829087,2.96481147128706,6.4771576610594,3.94933534046372,2.74757212795031,0.880317892233663,7.62827586083209,1.86319011158231,1.22648750188551,2.2683820961196,1.59990558265573,3.65922501610066,2.15265728881645,2.72979753716701,7.09421659395041,3.96876355692766,4.6791195369689,0.70113909994572,5.19506133984542,8.44345669949015,5.56347568357636,3.7227613503521,3.14146369482725,2.83011680511667,3.85176869889985
1.81487252811451,6.20903604078834,7.52088952193875,4.62884654272255,3.38445900543511,2.28317683133277,6.26963275085483,5.99158430264049,3.30846713362489,2.38517039447378,2.65228751720558,7.5754924952585,9.6755061533641,6.21778774418937,5.74446812277341,4.58946545387609,3.94802146116954,0.747680428400628,3.01004597492291,2.64664057990836,1.73200515009629,6.75929832561477,0.381538473263314,5.53043917103309,5.08895017215918,1.43318251382229,11.9388929598427,11.344498154223,8.55412818681424,10.0794399136496,13.8248998707105,13.8652072692739,10.0734223760314,8.38446880753825,2.38477370489467,1.42905471515158
2.38399640515255,4.18333987743928,7.62021702334274,6.98088143124143,6.19706207950833,4.52600116424406,2.95926318023529,3.07214659491383,6.04730105715876,0.726637865781537,0.704895802284211,1.48010732617587,4.89938341426215,5.4118470949688,40.0946471136985,38.3042728274418,9.13055752867549,2.64728096098386,4.30435857410008,7.327886304366,8.69332937653762,4.45835963356248,7.95557779190715,45.2442147311248,2.6354585551392,4.66004341274831,58.3519328648758,60.8135094734051,59.8402195129405,60.2304238224893,60.5533370256612,66.4880724435553,59.5317444712448,56.1988733665606,8.89387595388033,6.15112363819077
17.1080638619477,30.4189758803875,9.74172702127971,12.9735174603646,17.2229979863248,19.3143824418517,15.1789375712776,2.26470059219429,6.60681426537375,15.2282912762815,8.7744303413582,10.7475970567831,2.82916950244945,3.75870060341093,8.08953838618819,7.96164318400132,22.8046244678998,25.3424612704567,9.62956999497049,9.54630787143399,5.55855970622196,18.5292252220484,4.92867559258065,3.67095316965484,7.4750285393112,3.57770635947346,3.31811181753186,3.17724319561532,15.7274006999233,6.25563059274012,1.75772080365658,9.20049810851566,4.30544813331774,4.83648079155659,2.59548982517984,5.1462176384275
10.8419823699962,10.6130000572374,2.60340333132276,3.5198686302288,3.11500121606814,5.33505427762139,4.10213982209999,1.59793881502707,1.1719085578936,5.97194079837833,3.21536520446893,8.72511590092232,13.2506336807701,11.0812530229036,3.97099852554058,4.20858272086438,5.77286964426603,3.16054347217577,7.01532964867287,2.56371976808634,11.9478510179477,0.704722760298697,3.41513561229436,7.75057744802603,4.18904949489424,4.72091865234264,2.87202381543909,2.31306178668256,3.10969142061758,5.90056407744673,3.42430891690023,3.80643194476738,6.19390766932883,4.94041406360007,7.2584590962893,5.88110719553
35.1093355858963,25.2612480861497,43.9153619855985,5.50779395133851,4.66580269448691,9.8489589194812,13.7181647621084,5.90067869691215,5.2222352547486,30.393591636763,27.7727400887216,8.92962833157227,4.22943087818752,8.71345570788026,6.27589544743365,8.05903336780498,11.9573636512805,8.82769831438938,2.22170388905923,2.58500135494261,1.25264991451441,5.15014826185514,7.9741195784414,,,,,,,,,,,,,
60.9867528285695,136.785469545875,152.551949542993,4.83831836096829,6.34569642354054,10.9954989276669,11.5186355071325,30.28585425852,17.9154237411487,54.2081070264109,55.6611380643895,26.0313330078826,10.3297734103983,3.03151644662175,3.50691591044077,2.67835908317913,8.35334946778768,2.58041185190725,5.72925518185069,5.96141561987914,3.51105490680031,1.23503842279026,2.17208422398762,,,,,,,,,,,,,
20.9148220827726,4.33543936117665,5.65446849762259,2.72391653538374,29.3522198229788,31.6248989842547,3.54884757301097,7.90351102859801,8.12893974303523,6.71425107853682,5.16812162951431,4.00758123044982,2.52212764305706,6.4680374382012,13.775654685433,12.9451777159484,15.9577847721414,7.01820563948272,20.47813499939,11.6190737761977,,,,,,,,,,,,,,,,
7.01018743391129,14.7821523717677,9.50499017770837,5.16302572453306,16.8970418236506,5.16011626327511,19.0438422315157,4.07739453672112,11.2406472095825,20.4878669910984,3.8784537827666,3.4386600180341,11.3896398719565,14.6696142464885,,,,,,,,,,,,,,,,,,,,,,
6.99945936732096,5.37464576218275,4.91050850540568,71.7607985341055,29.9967728162282,39.3516215741676,58.4654588138488,71.3920708421798,6.63780603650338,2.36171733625339,6.6248077208478,60.3380929635509,10.3700028300051,,,,,,,,,,,,,,,,,,,,,,,
39.2879203927997,29.6383712943886,13.9357368010596,41.8532707792229,,,,,,,,,,,,,,,,,,,,,,,,,,,,,,,,
43.6792882586826,14.2596045701655,21.850135086977,18.6713785849312,,,,,,,,,,,,,,,,,,,,,,,,,,,,,,,,
13.405695929047,0.391954782571586,8.69678919280704,11.7364279967254,12.7428358367959,11.416459901632,5.06656170967931,8.65992519314397,2.97042631298808,2.18892692697102,1.69318287801358,3.91470664448865,1.48463388534018,1.25726433329287,9.20628755637579,2.14415822480722,9.46389977853648,2.00067601483243,4.97952625567691,4.49515512594111,3.91582138562736,4.83617594122599,0.815215804523224,3.2608788893991,5.78239527162932,3.0380999778821,0.790255383229614,9.9651740514308,2.86006800986212,4.50247856224395,3.30654344911742,,,,,
12.81570967319,27.5313685295013,33.2805829842935,32.2452446247171,3.94880531573588,17.8273270639702,4.0080571039724,7.04806575818044,5.94723313661228,0.164836546002468,1.68956995321044,2.67943657387572,3.53629700951883,4.06360595609208,5.40982562633856,11.7117214390343,5.31156376331207,18.3657126074505,28.3413426698233,12.1198928111338,34.2146677327257,7.4657074848729,11.7326621138435,36.0548990304319,22.8625111108713,7.30158644194728,10.9800417443263,3.46574979103265,11.5022142131672,24.6974162992656,14.050222781584,,,,,
5.38823601085416,,,,,,,,,,,,,,,,,,,,,,,,,,,,,,,,,,,
14.30231643604,43.3403980767883,16.3902941171112,6.29114856837836,36.3903627224744,13.2796082067969,11.9662195034848,13.2275345596147,14.8430432919293,10.9081273789724,5.0159653044005,2.01418014529151,3.7384857752233,2.1008930212753,6.89778072263227,1.80142651885002,7.62760256161155,5.20389446541601,6.94154118966139,4.04394996337251,15.2132887237524,19.1369739634477,4.08891594965467,2.35621207277403,6.30746766909727,1.0242125259114,3.84590724858227,4.07028716334372,7.0878121697344,,,,,,,
2.85303670371738,22.392402396642,4.32061953453902,6.73532370049049,24.3291153042791,15.9947773038273,23.6799991549582,23.5152567774667,2.47277016664389,6.32049721708337,7.37837156940457,7.04052735933712,2.75561075762778,2.2492243713247,1.59552789291238,9.90837828013938,4.37581584472242,2.99530404374555,7.87556114162346,4.63207462190618,14.728690048851,5.13299917199021,4.26518631588954,7.68520319301731,14.1873634866823,10.226395603366,3.9439030776829,0.882864337992728,2.16139849777134,,,,,,,
2.38731125772866,15.1514217102177,6.94831787071615,9.06872727678123,3.20418368340775,6.2819779801617,2.79751023928645,5.18454158273735,3.54814543985378,6.55392653585236,4.58841734496828,2.53127346957129,5.27219548634366,6.88825845396914,4.35703848344233,5.59363548228069,7.39305964768815,,,,,,,,,,,,,,,,,,,
1.48118835473213,5.92472986414506,3.64687048496774,3.94999105266753,6.13488199270382,2.89962652289191,4.67278582347147,5.71379318472121,3.74257021111793,3.02798125561447,6.44897693114676,6.19471723099025,4.42832969326125,0.479756147833383,3.85693444824919,5.48970622605367,4.65071990077227,4.96122135328966,2.61733894700115,7.67370434892236,4.01495536905248,8.53319957972341,3.62119902503633,1.39380370581271,,,,,,,,,,,,
14.6856137043384,12.4928390383566,10.6948345205785,7.33055190931408,5.84081504817114,15.0102264854805,14.8419024984057,1.00715895749443,1.35052126172121,21.2948815806488,22.190377945272,2.34286069680201,0.844420523441566,5.25997670727804,13.4571467381625,12.7219248830896,4.50495670921786,2.81064799201895,18.4864687505745,12.1428645668072,13.8855058327863,1.64779374564993,,,,,,,,,,,,,,
1.03193086410504,2.86758126082211,0.978519122591338,3.02730254283724,6.80592246135927,13.918283506281,8.16724379380808,2.90195875437682,8.72503097124194,1.59541585074971,1.0675614864718,1.1123111973433,6.96063131219011,1.92942758167701,2.26865218493249,8.96280192404439,,,,,,,,,,,,,,,,,,,,
4.07773879148736,3.01141234919821,3.80833417748162,3.81410575213454,4.25782157691744,0.552736089020342,0.743968691543491,0.970253630004127,1.74754467972467,3.30857321346517,4.21294002190819,3.62802251654556,2.38228238202976,2.82424334039509,3.2034799923656,3.08525003372815,10.4200289808218,3.40955301543385,4.74932218989228,4.79823454675023,,,,,,,,,,,,,,,,
6.16805615002169,35.2570666142899,39.7598435906142,3.53468566028282,2.2760141872883,1.2981926937926,1.18353800373324,2.74936618997306,0.798797612891945,1.65914932165144,,,,,,,,,,,,,,,,,,,,,,,,,,
0.29711168051655,3.6556515215662,11.961306998745,1.16735820162764,4.0479569817861,8.91111821015957,5.60217158607159,12.1434986435283,5.86749631355572,8.15606167820588,2.846995058627,4.50453071438325,,,,,,,,,,,,,,,,,,,,,,,,
3.80611091414345,2.78395335241077,5.28168279424598,2.02862504862333,0.962214943993776,3.13617026375421,1.11113754591471,2.46771195428903,2.16605349818976,4.13757471116974,3.53245843425263,2.70103565036302,,,,,,,,,,,,,,,,,,,,,,,,
5.94665179597782,13.7018567759981,7.09934757424034,5.91789300363618,1.25505187219354,2.15849191947075,2.95266977816316,0.90591159188123,2.17461883266643,1.59646901150608,,,,,,,,,,,,,,,,,,,,,,,,,,
9.27627352935947,4.62174869560773,2.31905590072407,5.02608308320595,2.51805900311176,,,,,,,,,,,,,,,,,,,,,,,,,,,,,,,
3.68023373870481,3.3597010528562,3.90934833557699,0.972938910669427,1.89360574045293,,,,,,,,,,,,,,,,,,,,,,,,,,,,,,,
