Var1_1,Var1_2,Var1_3,Var1_4,Var1_5,Var1_6,Var1_7,Var1_8,Var1_9,Var1_10,Var1_11,Var1_12,Var1_13,Var1_14,Var1_15,Var1_16,Var1_17,Var1_18,Var1_19,Var1_20,Var1_21,Var1_22,Var1_23,Var1_24,Var1_25,Var1_26,Var1_27,Var1_28,Var1_29,Var1_30,Var1_31,Var1_32,Var1_33,Var1_34,Var1_35,Var1_36
1,0.994713379156797,0.940965921725253,0.907168528430641,0.871232022836041,0.627640805782054,0.62509513268989,0.532013646031698,0.554391974290102,0.614745991460505,0.617345521901759,0.620940804025092,0.55562213782664,0.553291318747786,0.574766368844603,0.527584361955651,0.512618373866292,0.480672728897929,0.470277895928119,0.484525365727727,0.501642520287338,0.484745363492134,0.425327436490224,0.391367145734978,0.381354579593534,0.403272259328546,0.398546810248563,0.40756260446811,0.399265634126916,0.33610137374964,0.340201069215261,0.367032120539229,0.313999367327106,0.323206403326343,0.32222814470551,0.325106207914659
1,0.4144098880864,0.347314484925165,0.346786494411603,0.284210801556026,0.409273331733233,0.170157218124135,0.269904409129505,0.205113511667885,0.133633231093358,0.152545860539496,0.175405131303057,0.146201185524796,0.123254520506656,0.0737888586575027,0.0755870722622469,0.113846291762414,0.138926513984955,0.130137187532809,0.0933381777272791,0.091633578671256,0.107780118444105,0.117944354876814,0.129713756212138,0.0889564682933632,0.074548793854251,0.0600431247727765,0.0718854733232839,0.0447084339977369,0.0686950939356994,0.0645481329211654,0.048478256280984,0.0670350318950311,0.0665485083403369,0.0618433965340188,0.0847335272184344
1,0.986412416020304,0.965771985464929,0.586863816880396,0.748437652871008,0.727563643211478,0.690130911057382,0.514876881402436,0.537704806864097,0.573821277085641,0.559368293667342,0.388113366851832,0.427243631585214,0.383836802917905,0.352585702576152,0.341281335021475,0.297814529752555,0.312528369224242,0.321098988357239,0.327508628910432,0.287278707053166,0.190722075235727,0.223595835490435,0.235079841673848,0.216921649921049,0.179273413278618,0.0990534465932838,0.127021017115745,0.164331227820577,0.180013280281591,0.196017791926316,0.202768673329233,0.17539641746112,0.191905007233386,0.200606144642133,0.185364630820339
1,0.766838824569536,0.77416669983226,0.217373453121639,0.231476308033884,0.0814542220640786,0.201151726795781,0.360623769314286,0.371359602043655,0.216009524735187,0.320382649489996,0.27804328482246,0.186668118259486,0.213650312328429,0.238444580124421,0.229565793269953,0.199782507446651,0.204461684228648,0.19786147521813,0.196725003391372,0.221752837133343,0.253770039194498,0.281802184163144,0.252077239248548,0.267603751914062,0.300148704347223,0.29260005554737,0.298201090070586,0.274800837359336,0.268864128737794,0.293706065561954,0.260595905650232,0.27223599783223,0.278259402532891,0.292677293795032,0.247975909604353
1,0.998886193710351,0.87425460244787,0.362514316082692,0.267135275806474,0.526522624491281,0.532245462283008,0.505154107570089,0.633308832108734,0.404194608005751,0.327451325658352,0.43416729272889,0.34259010933977,0.228717461741138,0.194609800981783,0.233102242485011,0.340747423148626,0.23128193626077,0.20322513244507,0.155449780629196,0.148889948849495,0.170982547072984,0.169988309652304,0.240702557758223,0.265130838571792,0.170337781692405,0.183656737692821,0.191197610687733,0.170200002062949,0.169742446448144,0.222202768448431,0.140182558700044,0.143091999494197,0.111575798520281,0.174407803386777,0.167074754751828
1,0.976313815114085,0.182833913430344,0.228401058204712,0.180713591007994,0.171127912762026,0.245100698128951,0.24762370223965,0.155609035243122,0.161616541112116,0.169897401213142,0.167139140442151,0.175247437646617,0.247689863765124,0.0663519827137345,0.127001763582083,0.204056588586449,0.184542013333167,0.207739460146565,0.107798227676785,0.212407677686805,0.140080424518355,0.0864892617028023,0.109965441845516,0.114452120313104,0.123913759279009,0.14944987837471,0.130901783984312,0.160388396013884,0.146771473144605,0.12597402315177,0.113640091799646,0.109628566944646,0.120289595925941,0.139166298360426,0.157863816373025
1,0.117562605078817,0.159097276855861,0.286253157720378,0.344442883721833,0.0721436200549361,0.0153583668832595,0.0407797384025978,0.0392864398699706,0.0413760771132248,0.0423330383132685,0.0349113230039919,0.012639580235571,0.12203389920893,0.0336324219669216,0.0957040223586087,0.0188795287612332,0.0920393632627824,0.00939813032635941,0.0759797279878226,0.0520982074916231,0.0607312902750475,0.0566313617663737,0.0569271283379794,0.0489720937680785,0.0532286100839433,0.0595792088124758,0.0615225119476128,0.054676291444007,0.0651926033527524,0.0455843575844773,0.0553129187741826,0.0352404794973994,0.052910132573468,0.0645054060617508,0.0567561911239176
1,0.975846194524409,0.56534748555392,0.034613862352996,0.131530546637143,0.212674095194526,0.295566026235075,0.312543232972225,0.253545889873225,0.299654170062039,0.313698098037504,0.373228423024245,0.257478134456682,0.291164729191128,0.250449103237934,0.238505457536169,0.260890162193312,0.243938195718357,0.242661738341854,0.228299060961028,0.240011320029599,0.248551207746099,0.223274731029473,0.215996406064896,0.209972513205142,0.223131018689368,0.213535718026025,0.183376413849091,0.200433846088847,0.200145736977546,0.194864636095194,0.189903289020242,0.218765783406596,0.206356556228339,0.194723885674149,0.155931189298959
1,0.999982428715485,0.996084132429266,0.99642611443103,0.696037854370051,0.701703987913134,0.684887456417645,0.686376940366479,0.700632628744603,0.713261926279354,0.607874065278296,0.639445314587355,0.616927742019191,0.641874516319997,0.602120281985951,0.609771638434832,0.63309382470767,0.617287890958457,0.587323963588118,0.603612660209655,0.601066679265579,0.603024040768055,0.570861664708556,0.536320128533693,0.522109430242988,0.511063298880318,0.51579711124285,0.525852263300262,0.517206245596334,0.519808844751757,0.520495063524621,0.516540943559172,0.49660451332807,0.499733761712574,0.509261835862753,0.478024882198638
1,0.774534484400688,0.544224579666454,0.83701656280983,0.834470659560368,0.0986684763795513,0.166598179224301,0.0792298683823014,0.101057950046504,0.179527974390821,0.170107494219204,0.199868618868972,0.197768558799161,0.177554500151865,0.240455446294507,0.220827444586338,0.178034793203626,0.177459509477391,0.18400053910711,0.176351979325349,0.158550564061079,0.172176423021909,0.184995963715548,0.151307632906836,0.142129139460422,0.151915533996963,0.162421906775104,0.161533644210281,0.142382361029155,0.160573362080295,0.100903580337168,0.114603340773955,0.107139333569929,0.0945795512696915,0.108999120567362,0.085994445750716
1,0.403542167928307,0.368732840485964,0.0263497045807215,0.104367834909403,0.0109084594075742,0.285485485728246,0.353141292174714,0.296833559749935,0.242318748267229,0.316030227558719,0.233347403984504,0.285990492615088,0.167865243035597,0.212983759926261,0.181303437035101,0.20832606983248,0.201188160996592,0.177654375864698,0.181748264154414,0.177377475571868,0.168130888842975,0.181424560197592,0.161162344730169,0.163185727958722,0.161145670875156,0.15617566608417,0.168436156388746,0.128915642920144,0.137799252299934,0.132160688331918,0.135349827280377,0.133300650316915,0.118790895640099,0.127665180681963,0.117840879977511
1,0.894227919300306,0.398780164049848,0.121032809182608,0.0917377045560441,0.160875351571542,0.0537876650253253,0.105838828128859,0.112416106457916,0.0724569637153015,0.0879817667140337,0.0942205696795658,0.0730529958645947,0.0794564544331845,0.0959205868121655,0.120885780569375,0.112310509068937,0.112108417781347,0.124337148943252,0.133596661852898,0.108060161768717,0.204137753660047,0.208023416090881,0.162405193963198,0.143061840309273,0.152761095582032,0.140744780669167,0.142247183895946,0.125831703190972,0.121449253993593,0.121846011319464,0.12299524061164,0.116969721620499,0.111902194099885,0.103288007035271,0.106838867479555
1,0.368368894258443,0.441935681494576,0.514947860760656,0.080813730534927,0.094371730951279,0.0556488229406847,0.0625889477738964,0.0938038011764444,0.0704125474868259,0.0934893821946205,0.0747587233430782,0.0856770815112336,0.107918453986201,0.0781156173498334,0.229975269332726,0.0600758694414421,0.118850391139807,0.0611593354260517,0.0483984419409438,0.0623033433260807,0.0498664794703162,0.0566249946209094,0.146721742377172,0.0450708238883122,0.0133271367385899,0.0151674353714271,0.0202313466965232,0.0528631598078204,0.032721140968322,0.0336349450331233,0.0610009972169641,0.0488137231307159,0.0419619949992377,0.0457967906903055,0.0478073311322977
1,0.997420617726198,0.87705662389061,0.789086343535492,0.825830007719626,0.800015327475684,0.741552316536409,0.734373449584663,0.717557063671353,0.685633494767013,0.667637094048485,0.662008348793124,0.63546373039662,0.61438119536934,0.610523178490983,0.521178248549508,0.471806120088109,0.449795701900984,0.428301090758388,0.408179939251529,0.384270021433926,0.396708455653061,0.409516692861484,0.332335248804037,0.325970442443675,0.0674352555170591,0.0542672570490892,0.0866413080672514,0.193405354136439,0.104899044757762,0.0835076837532654,0.158848686664344,0.155041578607846,0.157040825461632,0.15522424247776,0.148455384550389
1,0.448550289912556,0.599995582173935,0.655137618176261,0.581435706208667,0.387464013524698,0.232991838194974,0.286621764161227,0.315318396944453,0.295674961630187,0.137454511794151,0.160519954526249,0.132899795500535,0.237067974977603,0.146185878884106,0.181784634304661,0.0716720153926551,0.0936864653048826,0.124492633600704,0.148216164209591,0.125398952284219,0.11980412142432,0.105318779007553,0.0986312560934785,0.086079715270081,0.101876450645504,0.112997669286041,0.086016397794207,0.083758999697309,0.104281665167676,0.100253056739028,0.0961832315972962,0.0940020509837035,0.112711850491005,0.115860371597386,0.0798915543950571
1,0.776483923919657,0.0915405792368466,0.465006908989693,0.489044912420254,0.38830040935974,0.472726193072666,0.340607183439767,0.453832559534452,0.391744514871924,0.15920888216865,0.18349782981419,0.461339628552098,0.150397929353382,0.115112730526556,0.13864370565452,0.29538410689439,0.275921341839383,0.24195421623255,0.265988790712142,0.237276811464761,0.200623267154121,0.196455736425251,0.234127417352991,0.248400760352548,0.229764831803694,0.210858540683792,0.200586389486795,0.18037373521791,0.17673322575239,0.173439023973739,0.0530764798488193,0.0547844151685465,0.0551248083456349,0.0538590735107002,0.0701661270257198
1,0.615065638688014,0.594424220179176,0.261688709730537,0.0923388249232604,0.582825255368937,0.148074109422186,0.25867711911843,0.245178244454076,0.279648618832177,0.123886399422223,0.0960814648867121,0.241305503465437,0.181839382137361,0.169767558824369,0.205356342346848,0.200225113774138,0.205794433399117,0.198486342126231,0.198341682205591,0.228741346573134,0.273093432342572,0.252442206028818,0.228906963321668,0.24937325548176,0.185376150651841,0.182448806852833,0.172048954254118,0.178511357586536,0.177056181640408,0.174644221829109,0.198294112262116,0.194719812031117,0.187069532669124,0.189322028222127,0.185963747481694
1,0.702777862084588,0.549991839985997,0.470051116098615,0.526158589389872,0.494069646120814,0.431268231030861,0.230925595876035,0.334342095228995,0.319432873280332,0.320795289548441,0.324238647276073,0.290433633783011,0.271549482643947,0.242590655133279,0.285894270082342,0.244569807856312,0.214315855627257,0.215826768761731,0.17018227611936,0.210591705159408,0.0558240853552531,0.104353336030452,0.10593745472349,0.117240193766976,0.0938514235733869,0.104238704601638,0.0901228539604536,0.0835654738761597,0.0801231802762447,0.120452014306649,0.0848495691568044,0.072002900940171,0.075401662610113,0.101130000934761,0.0680213302370343
1,0.288671348168856,0.44360483463657,0.231752702087938,0.359855934941838,0.216094674737642,0.0949585327162873,0.0582107836042111,0.1982794167254,0.086677223598316,0.0987001152601579,0.0804872187353855,0.116931383538019,0.0849774750457729,0.0806185702437911,0.129061427455559,0.0785454365888404,0.075294743268585,0.0870521264737027,0.0429348079088138,0.0645843592160441,0.051175816051524,0.0368585407186346,0.0436047286036824,0.0624657561453699,0.032812467425161,0.0874570944296643,0.0424855861716506,0.0347606180153121,0.0204180874756659,0.0756097683863706,0.0418536971965941,0.0272323234561939,0.0218723534700454,0.0463044018650576,0.0172082006981941
1,0.991557351150872,0.854502179629047,0.690444392169094,0.724802931991206,0.844918915465232,0.318941715113614,0.497436416969656,0.462535818761385,0.456323615556276,0.465292541720401,0.294562323860759,0.300199612305081,0.337982222032021,0.249170344312675,0.26444746305088,0.275822778569237,0.302862316206223,0.282448654764922,0.298549074807992,0.301684791260227,0.364145743950026,0.296842870623976,0.3137779340725,0.199819957698689,0.209636922930722,0.215568596879178,0.20775921759065,0.196566888387864,0.201402434467572,0.201532514908637,0.208277718944632,0.202435832310574,0.194622938273149,0.197775746962546,0.187807201653597
1,0.998938106184836,0.781548140458403,0.785854858948367,0.501705881910442,0.391122602582375,0.2956559589803,0.353075429072836,0.413695023394808,0.299620958057465,0.291252251017914,0.290133572311149,0.298091762344915,0.296160256757966,0.269082309836187,0.277992198704405,0.257973493678805,0.212728757250325,0.265919272555942,0.262721385655098,0.311662727696301,0.361438308168785,0.340326772654303,0.236942302675851,0.23256213793319,0.228075262885188,0.243662940303484,0.251144322360864,0.228491488807989,0.189887349393334,0.184777529311546,0.194635338239678,0.175678138753667,0.182113274462153,0.125225178885777,0.120865533049398
1,0.999263003434788,0.45953701420324,0.363304657386206,0.414421706278829,0.435884422980375,0.533432740124745,0.367459329870155,0.409662895602197,0.337700348903386,0.353051942390095,0.3034646530405,0.432214563242386,0.385040631731447,0.372253128749037,0.366936011538163,0.348003107373492,0.369571560118342,0.299681735543199,0.34441458910508,0.338554423213097,0.3486460120891,0.318916200008257,0.317369454793417,0.307144760888164,0.292432254162784,0.295583650240588,0.262859334878336,0.258473800637318,0.254494110511643,0.277823025407457,0.269608054539446,0.242941049871875,0.265187145290602,0.282757915159926,0.245551324038657
1,0.810971163575375,0.69478218789605,0.572347390588585,0.250145369900775,0.271134885473788,0.208691500136257,0.110530714952302,0.0695417678246653,0.0493352925443564,0.129231445361252,0.0676154556548051,0.0631787054260315,0.101086813715492,0.0480225602264303,0.0579790979016833,0.0541359996979648,0.0408141211535645,0.0447535934152106,0.0820576172054518,0.0618812771247221,0.0290531798714915,0.10628143777113,0.0601086148136723,0.0626522093777067,0.0541380045886286,0.0743083557384127,0.0787040355173975,0.0412023967463647,0.0577698988246917,0.0806457678751527,0.0403778682126135,0.0899823186284194,0.0429222472022107,0.0850009207593774,0.0665037015980778
1,0.561348236912695,0.0673378725420824,0.208034356435767,0.170782299005368,0.0712734820816057,0.199043602725529,0.152761028829354,0.108233754676048,0.139516660378326,0.0670779548452546,0.109054002916286,0.160870962770409,0.175795476974656,0.141683458772504,0.0955422269516764,0.142668957952383,0.201860274159484,0.173422069014904,0.176284783718549,0.139196624796266,0.109465637582211,0.144608916257031,0.112471327971263,0.14025642764653,0.0911072771522306,0.085751057059632,0.119320351435855,0.098193547725856,0.105269454132959,0.102287623120001,0.102305787327425,0.0986738076941887,0.103768500989695,0.11281594314147,0.100234333726893
1,0.999972495539679,0.993966815065567,0.513905768925221,0.413827301674461,0.37135183982416,0.24584008191653,0.27947974127916,0.255449979490071,0.308060863716185,0.386882857614395,0.269995208746567,0.29260950755073,0.254068011468065,0.187930082139134,0.180858371150164,0.254021752742806,0.260650180943707,0.187039205455679,0.243787578433503,0.198148779210702,0.168289024879532,0.181622637909446,0.193321520036263,0.186188876248714,0.211198227461923,0.185955038217547,0.154306602912186,0.0929050857987292,0.102990446873745,0.108467440574577,0.0767962897807265,0.0830623227284127,0.0860495340871962,0.0941908976167459,0.0850935857097083
1,0.990986295164882,0.833807470752749,0.826424940074629,0.397568570405157,0.224490219752662,0.314213210320546,0.120325408475818,0.234660643547931,0.112648447452665,0.103048160477295,0.108862434932113,0.155715109203632,0.132007544353076,0.178767512095241,0.13488660489045,0.168318340386652,0.182501849846703,0.171715087393787,0.188260149252955,0.162312733510697,0.166967580306218,0.162366239899717,0.13372871575795,0.12906880497457,0.125556706652322,0.116088080355401,0.11880795257853,0.118954041903143,0.0902164759098546,0.110743156630818,0.113542874435743,0.103147962701579,0.0983946901092178,0.10603770410963,0.0837981168838201
1,0.958190911312577,0.927593856791406,0.550563067260465,0.623567747336401,0.620213428760879,0.527878443150263,0.544543416065317,0.543537424707999,0.473268152223501,0.429116275730733,0.553826244387122,0.577344202125941,0.605824881237629,0.518379391217421,0.549489412233408,0.537184718188731,0.567406340846213,0.586693168942091,0.56966195692491,0.591712703807108,0.608413719696296,0.566735532147889,0.573808663272841,0.584326616671982,0.581771784023802,0.593716641437405,0.615316647574717,0.625243544570926,0.604154307077237,0.612170187686408,0.63032213022143,0.629562833436638,0.556576707440041,0.521358903304266,0.497336872629853
1,0.864547448508234,0.197158585415858,0.230267208508183,0.144551308399847,0.170197805516304,0.095818200222137,0.0897103830837065,0.0877315681478262,0.110798403275071,0.0625195572628551,0.0616173194659496,0.0625720234538387,0.0653834632986192,0.083177648649427,0.102627844294705,0.0698871579010682,0.0731142505499082,0.0930946897979074,0.115760806662706,0.0789951491350115,0.0513227728013717,0.0862463240492911,0.0786565985571256,0.0818078793740228,0.0743877560210152,0.0604805002549563,0.0590948119355275,0.0687468402399028,0.0726055267650131,0.0705387589794705,0.0748996467203058,0.0835441901958143,0.0843629015808873,0.0828074974609452,0.0679342613605883
1,0.789093500154291,0.0339931379022908,0.113613868219832,0.113435842846134,0.0695808381797724,0.0228376118276918,0.151684148176025,0.284440096570952,0.176584130669775,0.14694610914569,0.303039402671454,0.31980128524304,0.292449378707338,0.303122067624155,0.275833961327882,0.253179631216095,0.245094342387247,0.236858769631334,0.232407235658195,0.229512426779048,0.233185278496283,0.226504199956257,0.223816346267789,0.223222662565339,0.204053516785865,0.209240353144805,0.215199050208184,0.219036617756312,0.216606287490519,0.219604746209165,0.239248275665629,0.203718384260439,0.207568795480112,0.205350625469464,0.199676049360952
1,0.468518108448543,0.419056334219004,0.499817287823976,0.231396367752095,0.0625205138222476,0.23955943605455,0.138514059598979,0.245341769173457,0.231768742270654,0.207803872869275,0.141478842242448,0.146876348872405,0.219783147162944,0.118953750558717,0.110329610419397,0.140674878438615,0.111563431699516,0.0962223793720672,0.131608000198266,0.123501397894121,0.0854934879852839,0.0809150453645351,0.114588775216922,0.104497599107585,0.088299317090053,0.0794226119252354,0.0874611234948024,0.0895230447029384,0.103936021577936,0.0884454660884492,0.0890038263636063,0.0888662065791967,0.105065611305392,0.120788555851817,0.0817861907679582
1,0.749806397734285,0.826226770355397,0.856612132823012,0.591910882106025,0.608816479059295,0.430954920873694,0.451564447056435,0.453735917847839,0.432220817286573,0.398800179424523,0.184898411860461,0.271147740291596,0.310022347780496,0.276808093936434,0.199644695486014,0.231132829410816,0.115725681245435,0.144216199989367,0.145136676410217,0.204864191951635,0.207698997041134,0.211174810496076,0.166412209643836,0.165563457927025,0.18092182294561,0.154491710557038,0.0997880784213616,0.0602826423428607,0.044393246164344,0.0788463577914548,0.0976022436435789,0.0820539804282247,0.0625002566635074,0.0282274382008881,0.0416710971757837
1,0.9324009010697,0.67524211623282,0.328676340007001,0.453503005845577,0.486280386734444,0.41141885837803,0.428923693193764,0.233203833555396,0.174181470678592,0.187898800880354,0.132724050870295,0.148752038821097,0.193098381053284,0.147669013200293,0.147139026894982,0.146495942631004,0.190246505760733,0.12891772095076,0.157903038916743,0.170310318049691,0.141243974016194,0.142933515362284,0.132482724178755,0.10446145537239,0.0948101624155957,0.10829883489775,0.128461341043966,0.146598672265444,0.152502579562062,0.150845492644795,0.127768984836256,0.160425859842476,0.145747673134699,0.13722304471321,0.130647520461015
1,0.977388412596738,0.939582208164308,0.926177486839362,0.847670685984841,0.611697427849811,0.288395528397586,0.311401651150318,0.306136654677935,0.381150442952568,0.442772560556205,0.415473988624917,0.326480332448176,0.344151073102455,0.191274758546682,0.245871408752355,0.23378956001713,0.223294073389621,0.244582885124942,0.262682769003205,0.134050908156046,0.127825698301013,0.108081391901708,0.145227655016907,0.155805023550941,0.166543167830188,0.176818023811061,0.162348105462613,0.132772424128356,0.115452580012534,0.0989379591010584,0.0703906236001662,0.0815809645993439,0.0823509740572316,0.0739346222427704,0.0468043527108087
1,0.939543979053436,0.477579212044743,0.125262022728604,0.111518430861475,0.288810512240982,0.277307108213599,0.397299370664935,0.242641486949368,0.307876201390643,0.339949934290986,0.33598815896091,0.327002136817237,0.263721166569589,0.267967153096051,0.316643436630979,0.257723094291682,0.252172323293904,0.280247375961893,0.23169342579809,0.22992496366953,0.226337871713045,0.236818677042726,0.246962062929548,0.232621991211018,0.221469219798111,0.23878273188851,0.20943263225219,0.214200052222126,0.19768977646093,0.184452458750347,0.201429151397136,0.183920978561801,0.197686489864524,0.205850959409891,0.196049297917306
1,0.98551555823332,0.809436046817784,0.831684908884641,0.620929010464636,0.652476871917998,0.429676669391775,0.338735928165694,0.3297902157158,0.322298704204642,0.346738187231131,0.331473953432716,0.311809953641748,0.29643385185697,0.296216881628673,0.32044859535274,0.299091066812522,0.27218927345135,0.289336012597386,0.272258876512992,0.248544871898338,0.23965278223743,0.255079833973956,0.259863280976678,0.271082511151459,0.273046310691752,0.263610978832004,0.264356506766832,0.217177555851584,0.265305334331412,0.233773187408579,0.240218447173586,0.231275617061277,0.230788328264279,0.235501195200662,0.232044446973643
1,0.613696714793718,0.604631788934918,0.377126974014991,0.291679738566865,0.27703169183112,0.396559889245339,0.143578991625988,0.0854028812488812,0.134987981992161,0.137094844190474,0.118145400495185,0.0433673283556421,0.0958196790429695,0.117151650879509,0.0505154544363776,0.0700896387014305,0.104753455387737,0.0514320166425836,0.0308282364153364,0.0472427215938353,0.0272509009357206,0.0476067097448443,0.00492086750597094,0.0275686805691356,0.0102622141102784,0.0355651857402036,0.0473858420561618,0.0321302829357999,0.061725094066952,0.0610226109066461,0.0727907792846299,0.082277313004573,0.0838650165814415,0.0895554848564234,0.079847709677586
1,0.944839386191936,0.206570006514513,0.231063450366467,0.176158068920129,0.314545177792226,0.0953468252856913,0.0391098422137849,0.0806076334778455,0.106793654952607,0.132862503893332,0.0413015992921336,0.104455324256792,0.171606947571602,0.136848928246698,0.016299115421816,0.0883020498398715,0.130606494050078,0.111140576658264,0.0995012494636265,0.0974421641268451,0.0879455187097851,0.0886823288789612,0.0527705477638175,0.0780273283418495,0.0896528464727373,0.0622445089156479,0.0469163196903845,0.0716892080217528,0.0787547568530116,0.0483418115279944,0.0411778292115466,0.055277157657712,0.0705873670170704,0.076811647244292,0.0488672113755508
1,0.390952311093989,0.532455389065275,0.510416230083143,0.278361357731871,0.153852023705684,0.217849472337259,0.274034480733093,0.149004449976564,0.200208947726559,0.214761117652439,0.0934945458562165,0.0935374384640494,0.122893704388555,0.0787711578461888,0.0714988937183188,0.0625452469425458,0.0254323705013699,0.0302153282806502,0.0529914259688316,0.055617319663391,0.0308915611403394,0.0417192226635117,0.016672738761801,0.0281779142860531,0.0294183416477131,0.0559966205411915,0.0452291196073994,0.0296660516117894,0.0962314486765946,0.0148503060780133,0.00921993954625093,0.0112202745187779,0.0224508744383489,0.0128284777215744,0.0135497700255071
1,0.318869484552987,0.487964724604068,0.654076247308646,0.736741291481644,0.282370770704942,0.241632285767579,0.300016988685176,0.34394893535862,0.23039724071915,0.15913265121228,0.187262892356216,0.214142096737666,0.201379262094788,0.205804684885162,0.265350512954316,0.290204499776542,0.232249221751456,0.207977498456364,0.2012712719842,0.25048053336072,0.189045576816189,0.163611071708816,0.229949724681483,0.172785258631942,0.147071696649474,0.166635165381364,0.168032393104991,0.166413442875374,0.152630729704925,0.136499258835361,0.125426966681021,0.145952825263022,0.125943001127819,0.135055946542285,0.160235753344074
1,0.510228491600758,0.531895101214317,0.189133163904777,0.182811157406415,0.193032892173516,0.180798603727287,0.159599311761541,0.240226597893652,0.14613286687952,0.189247176072237,0.158866849591138,0.181590681765467,0.199669000389834,0.147648818720301,0.100772227867424,0.114490150148008,0.130313034744885,0.141023182410298,0.165660198885778,0.196554368971743,0.196684144089868,0.167774871284442,0.206741946787758,0.182187696584783,0.156717944970325,0.152253397978509,0.173054743274987,0.161898530295698,0.203589573221405,0.134100922945536,0.152937532217249,0.121430839404827,0.140663667482281,0.161376269964638,0.124453945268087
1,0.544085985896617,0.599820907095705,0.0705707720813939,0.308629030528408,0.204804984544766,0.0720970091125137,0.129281295765889,0.1087581719093,0.0276690521199274,0.0246211690385018,0.0236081245621043,0.0230176448058186,0.0427602616790969,0.0211066360175722,0.0356124812671095,0.0247113661843524,0.0402912138079158,0.0387161112162208,0.0513885879675321,0.0328280110523026,0.0323768028792739,0.038324512813357,0.0340655488900544,0.0450441555263006,0.0344255284397217,0.0343499306087389,0.0407392232797692,0.037275930849962,0.0374731264385992,0.0212692310147815,0.0384188314867175,0.0315303842610752,0.0273965458043159,0.0478118749307306,0.0224755420246964
1,0.0750159171249999,0.12858863969466,0.125997672851516,0.138370044742525,0.209011061815741,0.109536240645296,0.112911407094068,0.0775981513620995,0.104200953079537,0.127618575106183,0.114827269732287,0.112686723510684,0.131213820573505,0.104092712061151,0.117614837723011,0.0910688629750053,0.138376971167076,0.152598298052088,0.110989193245797,0.12259868616667,0.119614826696575,0.0930643886680299,0.0898127556655086,0.128229440282272,0.133541881555456,0.101305658831575,0.113658907841712,0.10148427116344,0.112747254833815,0.102980684556892,0.102320009808391,0.10069088292464,0.104639320016297,0.106889230642977,0.0927083929544672
1,0.84264398958673,0.434516836378355,0.395200028781898,0.333277452638782,0.189825250065167,0.210997236871591,0.160360322083896,0.142037412297196,0.123132348503684,0.111399746463238,0.117628750010391,0.112736057308153,0.0680282382233998,0.0930708960697844,0.0993530375490183,0.0901019280168233,0.104779152820034,0.0929513322978982,0.0937524553167348,0.0894897755698734,0.0642541275044324,0.0446430661417271,0.0435689260483492,0.0294314960319052,0.0424230294690395,0.0688887745532163,0.0712065308247201,0.0729390492881508,0.0717712615510589,0.0443845535409815,0.0718866020264859,0.0619764674766158,0.0665648552873185,0.0714204106692415,0.0655879233081498
1,0.13850942501517,0.659906149093474,0.727330163404028,0.721210517781966,0.711291119447954,0.77487752373076,0.769240991731913,0.71217606759864,0.579587672038249,0.512527315181374,0.527044434907616,0.54344690769579,0.525156426100265,0.453280774566965,0.464803395488569,0.449140544579134,0.435068554073641,0.386168682749084,0.397074999661492,0.399598513486056,0.338653407515206,0.343488912756294,0.317613971095817,0.286304465111743,0.276954978875203,0.245540159324744,0.264305478184215,0.246318265255826,0.2701815525212,0.286422870026845,0.246142824339574,0.279181464541193,0.283592875640345,0.262120522420583,0.26247140815754
1,0.996288916846909,0.97918903854506,0.952618781798459,0.947571254650252,0.865249391392967,0.735514887386514,0.675684255374081,0.658610075090783,0.584968715665986,0.515746012562129,0.41136050201414,0.387158917621184,0.416782607487766,0.319706130279147,0.321911344902864,0.313114117683984,0.320549531919134,0.305134840460283,0.296954502249459,0.339905055021153,0.36988205646316,0.36581287109351,0.352700815533067,0.306591982790059,0.289664973986089,0.247173122087814,0.229459709621322,0.228032255529098,0.22413958982073,0.249658536578647,0.212442918756337,0.197064121477264,0.202377450808383,0.204443252511734,0.207075567075986
1,0.419114234818772,0.271245439594713,0.388505635253751,0.222813715277542,0.234292236489229,0.28446849411215,0.224378056801549,0.162609729725238,0.207164804181903,0.129764441216743,0.147107153884916,0.10473252292995,0.111055602248392,0.0894240649632866,0.124780926562719,0.116782211352266,0.100025653157208,0.131847320021305,0.0774930977852742,0.0821066446837996,0.110888157933634,0.0804555951119048,0.107479929218999,0.11236641858953,0.112640385424325,0.078774336288743,0.0848288968044685,0.0891980028494767,0.0986832130651868,0.0912551978341013,0.0995009857323474,0.0805027920582703,0.0897995621776995,0.105902721495581,0.0923759242601244
1,0.983128826700175,0.977754712155406,0.929716107628715,0.403282765307644,0.477622557821845,0.295438089431292,0.263565306638076,0.257769184658732,0.250533089083292,0.228965933954811,0.136213473342547,0.102680041274119,0.154415346477624,0.125359317484429,0.0768520954544277,0.101059931942139,0.0844291236774574,0.0265414880863231,0.0179681030370797,0.0421606279891144,0.0174475157891238,0.0244961813068241,0.0734395191129604,0.0103657152683522,0.0549706539990832,0.0192096215583604,0.0100397126444673,0.0483962256685277,0.0527687518086127,0.0578474881689402,0.011538510800859,0.00430671911995025,0.0206114701412292,0.0218077032992552,0.0163433610606807
1,0.886184695625263,0.889969852487005,0.0909597968238768,0.136431149921488,0.136935671317069,0.267671570656722,0.279804046566803,0.273796614600754,0.26488411695056,0.197483278174793,0.171149430116132,0.188538293110441,0.168586635507026,0.0903944934411601,0.044230004154683,0.036000010639089,0.0835683661602094,0.0576182659502581,0.0782688073767044,0.0787298677663884,0.0840681639669097,0.110369738251766,0.0451851033218256,0.087465887636836,0.0941250531668949,0.0696536853437323,0.0741897412308779,0.0814324749537845,0.0822623214650323,0.078285211719317,0.0853176798494473,0.0910438385529712,0.0898721188780358,0.0791768307205038,0.0728159662130237
1,0.422212451148776,0.388375401669549,0.400581027579394,0.106786346729802,0.159319499510438,0.0595258553155923,0.0610535474524445,0.057716222751914,0.0656005808261539,0.0746486903707574,0.0552903306455157,0.0383012917008964,0.0474945991977224,0.0442206197091315,0.13070857029705,0.0307567208240133,0.0256706874539175,0.0980771396896215,0.107318175220245,0.0558702433809197,0.0893454001929485,0.0860839966152436,0.0188479400313908,0.0739474497314551,0.0134370327685474,0.0651445446815207,0.0598608300211847,0.0107433527134663,0.0133840228798,0.0117848661116019,0.0581645458271662,0.0603488615033144,0.0644771610528983,0.0591228789554265,0.0549041736431514
1,0.79520039489537,0.578563779130842,0.740141146393208,0.653469745774273,0.384420498572922,0.155818052089805,0.171898926764095,0.181988677303688,0.252609001893086,0.294170944475939,0.3484588795302,0.379515939809276,0.373987202038979,0.438510895408642,0.407262114008,0.415489936895927,0.410420150722616,0.431144945403907,0.436289956270513,0.377248454028178,0.385129463491043,0.338108232243591,0.351982461285868,0.352440911276572,0.345224582843568,0.325925241633996,0.328238920505989,0.340760814993103,0.339382269121804,0.332773068178372,0.306633510314549,0.297139533884747,0.275354092637763,0.282482134579982,0.290359744387358
1,0.783244797366984,0.331250080883115,0.315888210966452,0.330574170933222,0.318465301970828,0.370378022671147,0.319222046310535,0.319801743012649,0.282892229011648,0.303027058919143,0.300035245257241,0.279546900172458,0.253934201825954,0.222327671586637,0.203119774558487,0.211982898331359,0.204808827764629,0.220028941808144,0.18531592632824,0.196530592778686,0.187105546775356,0.199466551289064,0.210894890403308,0.229399242438462,0.199326222646177,0.189828434575425,0.173236362901,0.167005065890738,0.15894300394965,0.162176985703116,0.163259296002613,0.1721217379469,0.178503853829629,0.181505252211474,0.154413906024395
1,0.553908676594191,0.162967297506611,0.0780771506400803,0.194184772345468,0.025567346362868,0.114520999040451,0.051412950155308,0.0791541581834989,0.12128627411172,0.0726801499981767,0.0385432846006358,0.053110580723892,0.0482134327534893,0.0622294899400486,0.0237949889183518,0.105229316038156,0.01761262905301,0.0710563075526048,0.0493036885162764,0.111764620865677,0.108519554369054,0.0688568404619992,0.0278845229716689,0.0229384554313974,0.0495394087995985,0.0456706816746973,0.0567930067957029,0.0775565854246648,0.03866702967346,0.0440371665867136,0.0757251384843235,0.0994251156750637,0.0851437050947069,0.095425751917467,0.0803846502752279
1,0.999962316653913,0.992443714948487,0.931152152139573,0.787075028750023,0.638985636932579,0.458302025804032,0.423529972019896,0.420610182623032,0.316566530811464,0.247225435966236,0.237184486947365,0.245547200980102,0.208941162782504,0.135848102210459,0.16845235173094,0.115399861241566,0.173321475138872,0.147585244565657,0.137847711931295,0.127516324705965,0.0941907748728961,0.151604814983751,0.168172170454365,0.101572862377351,0.0935959534398227,0.0877314065251102,0.0645287566300345,0.0194593711668588,0.0463745758274401,0.0937679669442826,0.100519312148341,0.10103211677654,0.108102474525499,0.166139906883031,0.16509421018673
1,0.850533639268699,0.872355713728372,0.4258905717254,0.468056408602959,0.425394255596721,0.228354275834981,0.350113153613231,0.369215084158498,0.199859166795058,0.34326664825731,0.322471693860096,0.13659463126797,0.171701931849504,0.130653063274107,0.0914987562250899,0.136782744942498,0.0934749381361887,0.0631006550570107,0.0725240828823816,0.0925745277964552,0.081387940927973,0.0439964003706757,0.0217713308699307,0.0132042878049246,0.0289308048023726,0.0493359693611283,0.0461222796899767,0.0664135198612859,0.0375313638624943,0.0522923742323163,0.0521286235206154,0.041919922167602,0.043922472085051,0.0581957048495491,0.0411849148893784
1,0.968210384405457,0.959551301501931,0.79630903835681,0.737885509078847,0.517498620930172,0.548364271607529,0.514190235194262,0.527167749699113,0.510203050413939,0.445536509691958,0.343185493635705,0.406561278696996,0.276180926290715,0.170043838824823,0.203913378115586,0.208213257529885,0.208497944900647,0.164598096366476,0.172404895381164,0.196791288717912,0.211796285567544,0.19440041514944,0.183303937075764,0.235243888375104,0.209212666884595,0.193234103691758,0.181692335046088,0.138022322730641,0.115966775728255,0.114170648893357,0.125176168437379,0.118501355223671,0.0965115851295716,0.0706845082961555,0.0614540049588051
1,0.207697200296986,0.406344932091189,0.137640954936682,0.199278069862968,0.128318296354877,0.201015935229007,0.114873820012398,0.122198284252675,0.19111077118905,0.073743628513817,0.124942754241199,0.133960402331505,0.123200414222253,0.120914109689866,0.132986416767042,0.111574775586874,0.121058439292876,0.115519468892892,0.113758681332021,0.0956972082737048,0.12638934753673,0.127769479051525,0.112175042979194,0.111515642698188,0.116332195026425,0.105301850238785,0.118388689963003,0.120966623633585,0.136747673923172,0.118637135150497,0.120350660199988,0.13843442762814,0.122282517243115,0.122842872509483,0.145194041302086
1,0.939283180315234,0.960629626263683,0.392814416855669,0.145763377919054,0.121235480045377,0.180265756204769,0.1591811919322,0.168228296160673,0.113014716226679,0.170458589395202,0.0587826804769273,0.0325521190488455,0.0956470323676005,0.089462706970984,0.152167566912505,0.1754565948237,0.151601515560011,0.142266519663538,0.0476225911377255,0.0379499137331658,0.0683482094340266,0.071774048193826,0.0205285297301043,0.02618184304495,0.0306431756667952,0.0347353646745485,0.0444868312507697,0.0636085667178181,0.0826512813211449,0.086816274334488,0.101499997347072,0.069800712064013,0.110287354305531,0.105237059386494,0.135356594803359
1,0.460572021263386,0.348864005285896,0.0592370182467423,0.0811662585213084,0.326942625799768,0.103136267556111,0.0658987841905294,0.092432111211051,0.0723576222463548,0.0549706253419054,0.0991917845554067,0.10408943567221,0.075245903213076,0.0721628217165731,0.0270536058138535,0.044309700910151,0.0220589117205645,0.0387649530121664,0.0346286536498076,0.0305356543924787,0.0325889753469531,0.0402711837491646,0.0435835867640747,0.0449674368300337,0.0408873137603492,0.0317589027597869,0.025162976316264,0.0507516520590872,0.0343866736931829,0.0381271954535814,0.019367568581699,0.0534457141126315,0.0547270866962878,0.0493979251925868,0.0151023250835177
1,0.514373635715276,0.197828986111066,0.32782227670112,0.396944753199444,0.301149762631491,0.365051148082762,0.386518135625416,0.339895006991452,0.360325439698685,0.32262962862313,0.332137495610753,0.299858417617143,0.33753004630101,0.311936429052224,0.325392073621749,0.314784794782724,0.403255870380193,0.324763902796526,0.398337794292263,0.421238449449902,0.245866571908785,0.238093297243966,0.373405951193124,0.343175143983259,0.335508152318547,0.329606949624123,0.306309742494395,0.309618829732891,0.307357504546952,0.302054620031086,0.298612831661028,0.302791057953257,0.308714721865048,0.31432953362624,0.298256930425666
1,0.213282149546602,0.120352849692014,0.100678863080199,0.09793837421534,0.145284138970854,0.0969036016288357,0.145755754497908,0.153101466233696,0.206502848525268,0.212867456725457,0.234211819706866,0.0801015218633635,0.107812812093861,0.107601342954218,0.137875479938144,0.172282241004779,0.153065618921927,0.168997551920362,0.138339598883241,0.111817826122937,0.0799928554594798,0.0686495537584392,0.0779134116273749,0.0856056943369896,0.0900428568239468,0.107255752918048,0.0714575893028075,0.0725274085770064,0.10603165039858,0.096957893259276,0.0596791698178602,0.0712070428164002,0.0797964117121729,0.087770414591636,0.0704700938516633
1,0.603835542309617,0.291393933727457,0.405831754482042,0.481728402399094,0.43035743962826,0.343250547492176,0.232407036696103,0.139835015350943,0.225425928321766,0.114872559929991,0.161644551822128,0.236260864492028,0.165529391284384,0.141284610420262,0.165844113734607,0.153439412508775,0.206751393964877,0.21474783055851,0.165765935271651,0.163827983838794,0.187614000278083,0.176230715142186,0.166154254076679,0.182404587834124,0.148846228068304,0.150594923307351,0.1553442042997,0.168192927805239,0.174478741875266,0.173516898681183,0.104739218655647,0.075865070169688,0.0579303545483783,0.0902604386082464,0.0672820958684175
1,0.996983929282285,0.571645425387302,0.442874885123736,0.544229055873849,0.636283266924548,0.698701631361983,0.605672647636391,0.580786752966008,0.581516807557119,0.62134159235788,0.651939647978115,0.608101954521065,0.603560930388673,0.570164581775015,0.611920519877526,0.526129893152326,0.539914601679861,0.499350158750914,0.51066927686287,0.441994338877738,0.491519683891069,0.475026519325177,0.44110376240443,0.385283729147173,0.412671304141234,0.370704934872671,0.390036199061389,0.333395127913426,0.351950123217866,0.349658246242391,0.327883652175405,0.333195018165451,0.346692922227705,0.300731281574279,0.300893795596505
1,0.569398786599803,0.637816428853216,0.673041607042324,0.624849719907788,0.391346341125283,0.391450752462866,0.362147702827236,0.354678118805662,0.352496776436815,0.275418460057746,0.282562228518852,0.333165220335512,0.297665130866291,0.319126637279038,0.204198410165223,0.215589073991942,0.24976170373523,0.224999122089756,0.243564706189377,0.280948922459891,0.227203707785464,0.224034237951717,0.201246384657546,0.187168472039363,0.183704985681945,0.192076408872196,0.183057094829853,0.175606330095953,0.178811401076323,0.182749121797024,0.183688376590379,0.188281754080256,0.167333758648465,0.189274437923305,0.158525113387273
1,0.639596572086466,0.778217849590002,0.811012316084568,0.836806680974669,0.621012787744656,0.610125000171052,0.622773327861303,0.605472063250723,0.565734664260806,0.591406736081842,0.534831972555095,0.500323455461822,0.336750076505302,0.298621935093356,0.307841957459239,0.311932135893517,0.280416624086676,0.271743199360196,0.281642803506912,0.3094814026816,0.255989718409546,0.23397184941833,0.248978162065551,0.120105050943839,0.0704446924007399,0.0419951980806677,0.0538152559356059,0.0653449760510249,0.0538822159196445,0.0585353323069777,0.073340485996184,0.110119937755975,0.0795046523158811,0.0948732479968935,0.0972520562079099
1,0.894734538743336,0.166164707774728,0.237067504691269,0.322498076223123,0.0643660009543197,0.0118979655552077,0.0970714561066542,0.0913332426329507,0.109902460815645,0.0674059397997611,0.188894743884041,0.0651192025165062,0.139730275380681,0.12440859194679,0.154436922002381,0.134044422177974,0.139937649566419,0.203202770987123,0.147026874963124,0.185908162912042,0.101124506686145,0.102962704838263,0.0749629773209541,0.116231017725495,0.0748978383806118,0.128836908494239,0.146371441200395,0.143480788416884,0.146561049506333,0.137447030999917,0.107888817869532,0.125747933025658,0.122857965914889,0.139601549810393,0.129887398434975
1,0.731421339576014,0.243277476740025,0.196197667722016,0.289978890203372,0.0574047819098915,0.152922460637998,0.0870095448914414,0.13970992144714,0.116078732113354,0.0939568746787286,0.201973410020378,0.108503625381748,0.127079959989573,0.145002955921947,0.187860711982827,0.169913924297958,0.166384531561434,0.223580569825835,0.164454628150534,0.194615468864259,0.133269883099843,0.138781128730719,0.0620474312660344,0.0983488052121594,0.0598545539687798,0.14414336254832,0.170007644887494,0.1755904807239,0.174426135295335,0.160729458532061,0.143155065076855,0.144209482447548,0.145077774772144,0.104609751550345,0.104153926345798
1,0.742762137875319,0.453063915132448,0.0467338942451957,0.369657239999045,0.372634987712183,0.165883210247416,0.0735046436306786,0.0948056404252169,0.20253178817839,0.162144703215737,0.152180146304968,0.144093092657292,0.0762830509427145,0.1229501978563,0.215601935438895,0.235832800146415,0.216122713882042,0.215022157009123,0.182408568880676,0.118150328743027,0.07523891440907,0.098170052516787,0.0566501641387648,0.0320023431506276,0.0525605685605203,0.0422468549931416,0.0564308476285089,0.0452758987276444,0.0427347745701633,0.0367857417221433,0.0289837684468424,0.0630554379656242,0.0591140373409505,0.04386885286721,0.0394987569102289
1,0.811068515466381,0.815953277227796,0.807238379715469,0.489873793165775,0.569672787005223,0.603715165156353,0.596369073257193,0.599633936840076,0.568831472553521,0.609543833687962,0.463777259375269,0.557086957050159,0.359709786929974,0.405740494952515,0.32345427315205,0.38117232519197,0.260952344109648,0.22561288762402,0.247861524329776,0.181040528408295,0.163075689450131,0.213218897069923,0.235152903204065,0.239363101124427,0.248737439818449,0.201647080941273,0.203986013916891,0.221635144619662,0.237990078010531,0.22723917975221,0.237517936003399,0.245307743922917,0.245584523501079,0.270501282439782,0.214817665430128
1,0.885679245066324,0.309684081201589,0.383767969353558,0.529912321711754,0.040814229729,0.19694109300817,0.178366636270617,0.150470408928333,0.0747974142413896,0.0936058124123392,0.0647348398054806,0.104082904620106,0.131345014011526,0.163272315816286,0.196071239022059,0.125310444446589,0.168448537504343,0.093279197559192,0.111468053168006,0.1387293470807,0.103174169963331,0.120316931581334,0.106396034852314,0.14591026527151,0.0995316427399293,0.109408183321053,0.120796386812269,0.0784092389498152,0.105010030660744,0.0978887316724569,0.0783059700283147,0.12595153050089,0.106977611047768,0.102080855770466,0.0754726428353065
1,0.997959287554908,0.998110291775536,0.996669673298341,0.917568371654407,0.734945383959224,0.774012999378843,0.792173148785479,0.743601563832393,0.731984241491774,0.227784337003012,0.245934363903726,0.271376750493992,0.512938070970081,0.125672940786233,0.14312418060701,0.105955447360357,0.111168813184833,0.113338240289807,0.124868573452439,0.121993543310375,0.103013668063982,0.130196979014781,0.108641290634032,0.0913870276400646,0.0971211790018061,0.10171740981535,0.073155740130344,0.0945495991850465,0.0908884774155686,0.0991842848948007,0.0947466385768448,0.109806231982433,0.116511452356411,0.115670519393288,0.127534525823194
1,0.50356487640341,0.0915713639994214,0.364488819546644,0.381184354300466,0.375321546376677,0.317240548164475,0.277772143941765,0.219446545430231,0.252016383611182,0.185401155563964,0.180733483936355,0.0882039380635579,0.17874850393062,0.18302456922255,0.163393648197343,0.182778900436142,0.146858707160824,0.164489691640594,0.144273090353103,0.176689661796822,0.0792904917951719,0.128995030226152,0.136207654155463,0.122956964843965,0.12857913119253,0.105752304461165,0.133903671868561,0.115132038668891,0.115023716336332,0.115002477667293,0.101921335875719,0.0908584931184234,0.06936103446329,0.0701296951843721,0.0506305646044718
1,0.731199553821591,0.13341038989722,0.0686873927310521,0.135515290966663,0.0848057787078639,0.118223294411729,0.0829642203636157,0.161601256570145,0.112306388125789,0.044381649895512,0.13420203541262,0.141648912112289,0.203355025814475,0.239180015757896,0.193635441324148,0.181027286726443,0.0689759767753617,0.0863384795726236,0.070998660501405,0.0572037464017069,0.0527377585766561,0.0887723356021406,0.0791753874893538,0.104808822208135,0.163181014393779,0.189661845201565,0.221806747647568,0.21570101932215,0.162808404356083,0.219051911963412,0.251441374988942,0.272080649983293,0.287585881910456,0.264949371073894,0.284501403131777
1,0.630133662318841,0.367328502325041,0.459396183246437,0.357659443007864,0.279203410178649,0.284317058899554,0.306390653837928,0.322578768385056,0.278330864831215,0.318890482055307,0.134193463045419,0.189389779709329,0.0841241026087836,0.15084885384035,0.0920253672941296,0.0416485775977742,0.0416332976699832,0.063975046152249,0.0354278938543289,0.0201526664286863,0.0775384381986145,0.0738781719160238,0.0864029158984138,0.0929491306711955,0.103054206578783,0.108032370126889,0.0997000509682824,0.0758326027226256,0.102002173088923,0.0742466678658141,0.0812857389470089,0.0431793203057916,0.0719330404651837,0.0682179006634605,0.0614397641669545
1,0.906221918824445,0.121129605682286,0.406519187241636,0.480061539903365,0.270615164773204,0.222806820084889,0.214299027657085,0.320340811630665,0.305937317960165,0.3157637589045,0.283325612327116,0.162038635031643,0.236534152339255,0.491430899266072,0.0990169394149996,0.0705088862175049,0.0867597268780242,0.102185936119269,0.0559855425485012,0.0782456634057349,0.0504088657388716,0.0480179114304121,0.22007776594818,0.218990411972606,0.219635581727486,0.0339490518124474,0.150041005804425,0.0266605100663949,0.111609316457495,0.0228353120190212,0.0966825632681594,0.0189449969131857,0.0777868805986215,0.076039463392886,0.0719869091312224
1,0.955890574428076,0.941094575620307,0.943705067104142,0.561371318042538,0.368107651309642,0.426423576175606,0.427499212082274,0.452891213100101,0.302870244717899,0.336420096403299,0.375442958430526,0.364065097122127,0.372377358866189,0.310851479746338,0.337922982367645,0.352272011626438,0.249298995336876,0.207896181830716,0.164290334978032,0.139770763413883,0.0774429857718844,0.0908593088442677,0.0871341750541773,0.107582836732972,0.109369943596903,0.0995936165860141,0.0943371837556587,0.13852380558784,0.1171495106385,0.120026299896982,0.091053887287482,0.0818927301332904,0.0944383754851345,0.0976578865553728,0.110712458029233
1,0.990075359708673,0.779790110564958,0.736169687223354,0.758937495220622,0.664255163095795,0.649135515942016,0.606865482953472,0.603902194772877,0.461313726139586,0.476048979993503,0.494824539852106,0.535212479288815,0.336204920423547,0.359873545309028,0.372091573621944,0.395093166979866,0.388424141183673,0.424118898006183,0.435647356720976,0.298654054590279,0.291589370146101,0.308363785724798,0.342342838761364,0.35495945091398,0.311300355357076,0.312756453161926,0.301827010328224,0.276649617328206,0.27456377373588,0.252469777386687,0.226807090130334,0.245858626116689,0.246635290547766,0.276173219483854,0.250525804223987
1,0.988003163869352,0.161668866015262,0.140969942882721,0.0956541105645729,0.0855885228492418,0.14577213946286,0.160187576610917,0.124357058892595,0.243350287856631,0.0795021235224826,0.0356445657387384,0.0538613854352168,0.0475060737383851,0.050906406372601,0.076756968212742,0.0594015607561458,0.0572405932240952,0.0585321174237108,0.0653412039288842,0.060436474777778,0.040898237069563,0.0678009767883778,,,,,,,,,,,,,
1,0.771381598238059,0.0176303541926255,0.0305692390064321,0.0475759121022174,0.0167531521141278,0.0395181610930623,0.0573159877909832,0.0252904796617802,0.120115118663628,0.0574133127619968,0.0307469618837798,0.0318352062360344,0.0266198807292067,0.0279935112415922,0.0269600926454368,0.0383539225310681,0.0390195488099108,0.029177415424446,0.0257629212223435,0.0299352454965568,0.0285223251167562,0.0312781721667047,,,,,,,,,,,,,
1,0.7832564183974,0.633147267397961,0.619709481972877,0.321924408298186,0.267966520102595,0.278008912860249,0.251020390284515,0.254621686273806,0.214250043541881,0.165396330529552,0.178002422951834,0.179431202893176,0.21189028587283,0.160635426463549,0.166282370820881,0.134464055062462,0.157301906899801,0.155435763805738,0.135070294572807,,,,,,,,,,,,,,,,
1,0.45038378491473,0.528722491102237,0.578292578062194,0.711367725560553,0.577890904581884,0.681411287141684,0.597584899685602,0.646096022415821,0.705214103774866,0.711422308384312,0.717792958216608,0.742114719148652,0.767580255801838,,,,,,,,,,,,,,,,,,,,,,
1,0.552464240955874,0.341281707019676,0.814077419534523,0.35991672439145,0.0756779658068009,0.286874020361617,0.0408657857603395,0.0412179109982593,0.0389579795487443,0.0480183758873685,0.140407483325179,0.114568101833674,,,,,,,,,,,,,,,,,,,,,,,
1,0.999782673759813,0.875470828279751,0.64909359687217,,,,,,,,,,,,,,,,,,,,,,,,,,,,,,,,
1,0.694962565177283,0.714963441248778,0.419905087224495,,,,,,,,,,,,,,,,,,,,,,,,,,,,,,,,
1,0.974390183200896,0.648051651510596,0.653769985299632,0.217825900258293,0.100655581365711,0.0451228675736737,0.156929743995201,0.180532628889589,0.151854722479956,0.134456440114806,0.17520325163915,0.158960987349207,0.171135125788325,0.141543359637034,0.148104457548695,0.168468254525471,0.178092978054016,0.195151710961182,0.158198290150444,0.177040258172743,0.138931134465208,0.131656465313314,0.152800079715527,0.176990350659203,0.151927572347759,0.152059917589297,0.101822522777502,0.112692158861904,0.116148405250124,0.121132624778583,,,,,
1,0.852870772114586,0.15729265391501,0.400693164269565,0.35738478467118,0.411831451700184,0.377485060113674,0.308138871668133,0.322285710562774,0.322428646870234,0.325109071308672,0.313833330674214,0.312285548705953,0.295679674404188,0.318407619161947,0.257256097970183,0.246736902610607,0.152717163509601,0.211901338739978,0.1688034798572,0.217822730118234,0.223213506632319,0.183147237533933,0.0741032992691036,0.119565658858608,0.122316903549738,0.129759753912304,0.136921046871152,0.107655505304582,0.15856266989292,0.183961206657566,,,,,
1,,,,,,,,,,,,,,,,,,,,,,,,,,,,,,,,,,,
1,0.509245980819058,0.237581454677184,0.146448006245787,0.220998124134573,0.0980414707739014,0.0830349506354899,0.116465942565337,0.168665079645966,0.0997988305979106,0.0858650536973659,0.0814344469210845,0.0988786796106789,0.104808234591108,0.0698702733233433,0.0780938033586839,0.11144875542787,0.0897697542977366,0.0814536360467694,0.0939418182278011,0.14891544004927,0.0827117262361098,0.0968660693919749,0.103728531138729,0.119513887988256,0.11610135704188,0.122356981329579,0.127018385890506,0.099515972958624,,,,,,,
1,0.938839025373693,0.780611323522871,0.450469169193115,0.149105755598411,0.128607722694481,0.159884373602797,0.0629481554241667,0.0804315380581089,0.0486036887737134,0.0652834054013954,0.0471818214620423,0.0408214221256262,0.0543582536240657,0.0631489091323986,0.0195078482681962,0.0193316443998468,0.0124824400916618,0.0478400642840005,0.0318266861367974,0.0478971764559871,0.0218071601849134,0.0354208101017348,0.038102658747547,0.0926341548160164,0.0460789794900666,0.0545565521125944,0.0578922287769389,0.057470098425206,,,,,,,
1,0.985477086066639,0.426625785283359,0.109019230346515,0.156192586093427,0.114228071822992,0.111378603996639,0.123392405969239,0.173936514617147,0.0895562947019247,0.0790868779073204,0.066224978285539,0.132392036961848,0.0538824079680724,0.0766074425241863,0.117720641464225,0.176011668607487,,,,,,,,,,,,,,,,,,,
1,0.765508753855487,0.353304264634208,0.202466619078361,0.230779373058546,0.307611212280277,0.102317480495285,0.0858714694914438,0.116161545695354,0.0463453548986572,0.133297363446109,0.230859551949857,0.151161337665566,0.155879573201465,0.0847547979920889,0.156877975083088,0.191781856362607,0.182675189854423,0.208186365616982,0.103039120158359,0.138311331930412,0.205779932050077,0.168051197155827,0.156392073256473,,,,,,,,,,,,
1,0.16536856977376,0.340543181724695,0.35061767165365,0.286002295217231,0.0879440532014217,0.13169539133968,0.117888391539475,0.115408707322703,0.112947769646542,0.0843621724430067,0.0670024147612571,0.0618870219369044,0.0905964289323312,0.0688256792199438,0.0486035231287788,0.0698774160640778,0.0526317093614111,0.0577016160843041,0.0461971467503618,0.049021652785341,0.0437896263122789,,,,,,,,,,,,,,
1,0.789896865704859,0.830294172684038,0.728921737417577,0.315280850353044,0.422679982234786,0.129690031118721,0.0519672743836055,0.205556032919519,0.189065100955965,0.165519306636026,0.153790454368365,0.0636584804288881,0.0930234634238999,0.109146996297386,0.126195459956861,,,,,,,,,,,,,,,,,,,,
1,0.663042650760299,0.276064282006218,0.287754942213035,0.171735935383269,0.183960465284284,0.155939217753843,0.138937443481325,0.164733385571873,0.150605454542799,0.147521046092852,0.131924464560492,0.0593051999038474,0.12630202889487,0.112593470543654,0.0754934960772292,0.152872643438382,0.101543734342462,0.155420157664193,0.0834287403448196,,,,,,,,,,,,,,,,
1,0.893971233664179,0.0574554875840629,0.0667556468217593,0.0486200813317191,0.0391842677027065,0.0517338868652212,0.0783495653799537,0.0857874398638995,0.0667850859889716,,,,,,,,,,,,,,,,,,,,,,,,,,
1,0.864737004885128,0.920266072964676,0.853015129588594,0.804859155044239,0.346927483742331,0.147664291846333,0.354368000074147,0.208633295229422,0.0492026221566067,0.0906638710871549,0.082819310882148,,,,,,,,,,,,,,,,,,,,,,,,
1,0.354613566080862,0.250492313328582,0.163700022504074,0.196841793412128,0.273077556978651,0.270829803599196,0.31730907341073,0.361026017187692,0.455593615419161,0.47315676007993,0.423642996446721,,,,,,,,,,,,,,,,,,,,,,,,
1,0.822388025308223,0.520648072337443,0.263642681938298,0.248012318326562,0.287767228567869,0.196735764447741,0.179485230817864,0.125149273001664,0.118728976635373,,,,,,,,,,,,,,,,,,,,,,,,,,
1,0.43805944843013,0.472977717527002,0.387274685158664,0.381330505523758,,,,,,,,,,,,,,,,,,,,,,,,,,,,,,,
1,0.993247692000204,0.436729852276352,0.385347739530721,0.469582480335577,,,,,,,,,,,,,,,,,,,,,,,,,,,,,,,
