Var1_1,Var1_2,Var1_3,Var1_4,Var1_5,Var1_6,Var1_7,Var1_8,Var1_9,Var1_10,Var1_11,Var1_12,Var1_13,Var1_14,Var1_15,Var1_16,Var1_17,Var1_18,Var1_19,Var1_20,Var1_21,Var1_22,Var1_23,Var1_24,Var1_25,Var1_26,Var1_27,Var1_28,Var1_29,Var1_30,Var1_31,Var1_32,Var1_33,Var1_34,Var1_35,Var1_36
7.69173219454704,8.81143864105774,8.79861785499658,7.70004649047471,7.50765917720948,7.20313386325259,6.18476005423922,5.86005101008518,5.47377427535908,5.76265810750225,5.38699995868978,5.09522270817414,4.90295188763485,4.79020145902429,4.85782481482341,4.73462324921637,4.50638240653756,4.41705561341559,4.30831215420171,4.24325566984143,4.39315230762282,4.24497125739829,4.2307055278727,4.18233290291161,4.04645091510703,4.05333303479963,4.05912355693691,4.01075687492137,3.99939626123207,4.05222825622767,4.12550122439524,4.18554562239792,4.22252625994865,4.16350554657461,4.07742648527066,3.98116205943805
5.56631826427466,7.52112830241065,8.65932688798276,7.82789826201139,7.33178761884426,7.63825135627921,7.98697408912901,7.97819946361952,7.49827864045694,7.45779752700702,7.08400928210076,7.65164470428961,7.29664099093119,7.10228700271739,6.96558529196598,6.5453921030666,6.42932053436285,6.25419044100449,6.09238672013727,6.03946181355539,5.88890693706561,5.84039637108161,5.75588501625433,5.66835528643838,5.65263896736959,5.51418762214257,5.42564307955395,5.36054146354385,5.31093734731211,5.26704326621703,5.15149867558775,5.1114268346112,5.07747727152645,5.01561621885163,4.93813950228795,4.97419480399172
3.08262561778441,3.32145668899337,3.62201438965397,4.25393309777881,5.5891718392094,4.99260572292608,5.0966049026996,5.15281481789351,4.81447596011127,4.71608166847493,4.34829390445617,4.56554251428373,4.50261768653126,4.3273322918581,4.19638425777176,4.25823520088708,4.14486259563243,4.03902583840582,3.88613708938618,3.79607489445219,3.75893404167908,4.01712561399662,4.10971378479058,4.08431414498164,4.00562443815758,3.97573012657533,4.39328315859619,4.57916060103508,4.74623326613076,4.67629485959238,4.68278039998289,4.59523397192909,4.56716526953149,4.57540450831625,4.52993513193772,4.4705169698903
6.0284963717273,4.10268940356788,3.71165297390593,6.24985922148538,5.58353305877176,5.50621619042002,5.57485421226435,6.10216182083355,5.88986282501672,5.99036004154493,6.63424757049693,6.33598944574341,6.30500938122526,6.16035703337856,5.93878304958486,5.73832641489515,5.54997966450488,5.95667085737264,5.89344859266983,5.72243762319874,5.67058024625832,5.65744032337124,5.73166805382576,5.65086832347004,5.56882713788486,5.60846826082666,5.58720318201431,5.44188602782419,5.35658784015195,5.20853418097247,5.26949365469087,5.25249449585191,5.17497470827559,5.11989417694466,5.11281600757685,5.20575702039859
3.78027470849748,4.01949398426149,3.21977204830983,5.59414929537764,5.16029122566871,6.65963363630491,5.91704055051612,5.65499458586804,6.83505860542361,7.18199810170597,6.95228913718243,7.59793514372677,7.68686145028932,7.79930890839966,7.52321576521645,7.43801994390134,8.16951878042112,8.421868803714,8.18044743796765,8.10850015492528,7.89955947242768,7.74150355835028,7.46789682316952,7.8271667913386,7.78566070538978,8.09310296483072,7.94725300778877,7.73490073490542,7.60901034587805,7.40607913668926,7.6506521394509,7.94472829776667,7.76737524426908,7.75832990891572,8.11024594547431,7.94619668977561
11.0127683701202,11.4693663695472,13.4564273256945,10.7013484610505,9.27750069363696,7.8940720086114,7.54532351636544,7.26996874653169,7.13272498809637,7.21086859127115,6.63223629945396,6.59354595060235,6.31275422116748,6.8495952095725,7.49487548993412,7.58864005393064,8.09774655419583,7.80970739108232,7.62306481662728,8.02132474402485,8.94637270655295,9.15292167820521,9.2261303654449,9.13854923097964,8.81844898769228,8.63871823509265,8.7492909822254,8.58090040034776,8.58214884844476,8.39568241237504,8.27620621796981,8.10773896568253,7.97151605390486,7.83935496311284,7.85023751275402,7.83004450519501
29.516664865905,32.3989306949605,22.7571491557091,26.8189327826005,25.1679793684643,29.7494447053018,26.9497576918688,24.3785764311445,21.7994468066829,19.8013381039722,19.262446824846,18.7359929557943,18.007579061266,19.0056511591596,20.5545132882324,22.0047649638438,22.9437671143183,24.0196912829854,24.8890148442238,25.572574155623,26.4642734783943,26.369395659049,26.5701627322004,25.5527601143761,24.7185745445206,23.9270927756503,23.309454683772,22.5621008318206,21.948896915204,21.4600183114288,21.158151358562,20.7273921296564,20.4898021396535,20.2598099759894,20.6046265910899,20.2185678141285
4.40803779578607,3.34383224171289,3.86274149759821,4.63431981908533,4.14437430822629,3.94415839878304,3.7794278823957,3.82731048557624,3.81690279635919,3.68581992913808,3.46867630103062,3.48162362103809,3.67646298083847,3.60627455355316,3.48948132025558,3.32121899632717,3.41962801989624,3.36743452286333,3.30788499317167,3.32707605078508,3.23223487332614,3.16280977597421,3.0901535863015,3.02248590524583,3.05683492422087,2.99367141810265,2.95499426738945,2.93017690207076,2.88953891259731,2.87899364239461,2.87723783930607,2.81198823728257,2.89564157839776,2.95062462517209,2.90761436800677,2.92855756149549
2.79169362059432,16.9991633228039,15.8016133619016,14.9550203708827,15.0578590487081,13.1662518688285,11.4003582597698,10.3516166125653,9.94514547737644,9.51829202606085,9.25520632771291,9.24004371622553,8.68494927749342,8.62734036129033,8.30884095047493,8.11057312874062,8.19140908954245,7.85797388806059,7.66025515479142,7.65504703435449,7.33624600299323,7.10825624473489,6.93876215473944,6.86133479543284,6.80771364337846,6.68620768569063,6.57975265665814,6.52496383503023,6.36125902940894,6.2463990039249,6.09038194777468,5.92141303262866,5.84953737731135,5.73908432962589,5.758895291665,5.71977960593368
1.02165156040026,1.91215096652546,2.51124391511425,8.47758101503636,6.96985401979018,11.8209116384264,11.4186156703711,11.7465805032205,11.1356338177647,11.0422624979974,10.2958119364883,9.79720499271729,9.0606068098293,8.70335768415927,8.85764321287105,8.72366416114464,8.51213132703023,8.13094791086946,8.01149410588092,7.79211455593947,7.55175746543128,7.35678245507247,7.18407035126997,7.09400490983286,6.99224402927445,6.89573477196867,6.78650675056658,6.61446720154486,6.49835340968151,6.4661415492224,6.59922346977708,6.51028998252956,6.4880444014022,6.49007808135368,6.48327783264186,6.44022547246219
6.09225594710246,5.16447070798415,5.9021990207402,5.90408513830482,5.32841492704322,4.85286350342532,5.76451884285165,5.58901488838355,5.36128466714926,5.38709520410154,5.49297392031623,5.37290798360979,5.35206213512437,5.6536563309401,5.62165638618405,5.54404178667751,5.40582484407183,5.36107685692657,5.24222725892383,5.21679243538661,5.06667413411913,5.1327618799806,5.07630601742764,5.09841323810505,4.97747040157038,5.00260498530731,4.98261938228805,5.04558456219351,5.2978875370244,5.28832930256853,5.25904207584975,5.22422349241133,5.14671716021287,5.3138698816107,5.49045669687589,5.55214270223076
1.52201337913887,4.44315885246476,4.23563540710513,4.12701968470091,3.94777447574215,4.12621006262178,4.33296875609806,4.36852832839437,4.73559291122466,4.54064792954839,4.21789843301947,3.94475096846799,3.96498053569175,4.08689496767354,4.26960336703812,4.53480442761202,4.47050470558233,4.32588163262706,4.29782082794572,4.27554186871638,4.65473057076207,5.32399693401699,5.25351951121361,5.32642122640171,5.40231923853265,5.26833948120366,5.19077711217251,5.05515684867039,4.97964091601884,4.84897224648157,4.73055736540302,4.5972307241855,4.49912547098714,4.41919162191836,4.33281612528674,4.23579439060045
8.95793646825946,12.6713132237391,10.9051747941905,18.6267264092087,23.2087935191763,20.8734457911479,19.0458508125742,17.1190841800396,15.7430939310854,15.1817493955126,14.1813244976358,13.2671249539631,12.5427920562867,11.9914322303358,11.5137999471756,13.3602835045528,15.0189767512588,15.8746837099419,16.49645677345,15.9588467827249,15.4291896445767,14.9063568947421,14.6340158119174,16.6505782709713,18.1674293775033,18.3336917391952,17.7242093285699,17.1896680707792,17.2291855482584,17.163393722654,16.6450723927994,16.7441189699526,16.4405091132465,16.0947131812023,15.8585351135113,15.5162949769738
19.7012150752818,43.106738565418,30.7304016943449,24.3356373610701,23.6521035929118,20.4089358957387,18.2057308990017,16.6606854339749,15.2075510909735,14.2591873851903,13.1736420116782,12.1725462607453,11.5385862915534,11.0084097771662,10.6066880646601,11.0562049330192,11.4428849668269,11.6917709151092,11.5978293021425,11.2411848298119,10.9199673007107,10.6689917227095,10.4280271026838,10.9324526876384,11.2203259077776,13.466230251109,13.3010760232284,13.8449905841755,15.3810834302834,16.1432500671197,15.9917198461346,16.9244982968567,16.5643686482585,16.3049211386563,16.0162226302003,15.6766080105213
6.89069784265178,5.79495022891921,7.383745560792,7.20906605751743,6.91240610515189,6.61256226507893,6.51963494208121,6.16074964541535,5.76061034831188,5.5053854617745,5.86254566684189,5.57091352178898,5.26829683490289,5.70159774047941,5.74806063751667,5.68436182202643,5.99700910277005,5.807985140856,5.72077702578592,5.58807577955017,5.46140687175956,5.29988404346041,5.1443698052087,5.19861190410043,5.04870894562842,4.96488735109092,4.98704443714717,4.936784106026,4.82864034166636,4.7754287189604,4.72141751206639,4.62974037895012,4.54475630429754,4.509679880737,4.47842523051322,4.50112684311642
0.700660861573421,1.71544105803993,2.17237295049819,2.8718974408437,3.05218384857354,2.76885258226051,3.02430498711168,3.16442602762233,3.41172792128214,3.48295189677997,3.8045688973793,3.73802259547976,5.7657338986725,7.23714930827014,7.07389022105446,6.93783662062858,9.04539631261707,8.83121380593455,8.65593174247077,8.65550281560734,8.48423043644666,8.37949828526904,8.16300865054055,8.20773737318234,9.7619039949549,9.75716971381309,9.5472150231779,9.34691058508123,9.24292682137825,9.04028264373824,8.78525926423026,10.2208928520493,9.95915647245275,9.67748371684416,9.45906656289355,9.3612872029955
1.43835884614931,3.73202172599945,2.69244750305951,2.55664207640286,2.40416810697811,4.36508566166977,5.3513027364493,6.32310611068071,5.80149865238404,5.69803766729683,6.02407994510074,6.22919885098842,7.39458092614112,7.72294021255137,7.66721960517164,7.51093492968814,7.3132684515315,7.01352740803368,7.01439684171418,7.49107732263375,7.65667505063631,8.30528440658933,8.1335821172123,8.07268201500629,8.04001143557299,8.20045735990396,7.95773667762225,7.75481216659942,7.57661780231335,7.3734035764561,7.16220672061809,7.2838955064564,7.18584551935939,7.01958033844699,6.86713676595921,6.71909195116976
7.8233927528078,13.3789253679945,23.1992563560354,25.9490423243492,25.330344439178,22.3225051516119,20.123133928811,20.6896070041103,22.1565571849893,20.7893655090189,18.9573867498517,17.5358838357301,16.8690332585803,16.1141149521381,15.4456016868624,15.4462091003714,15.2409276844468,14.7647045764473,14.0364061813123,13.9197499069854,13.9978602881293,17.0428427839665,19.0422072394208,18.6858944597769,18.2367431393905,18.0660253767175,18.164544513585,17.889124186746,17.5502976678565,17.2249685183405,17.4683308779504,17.479273623193,17.5861265156502,17.4011815249014,17.4958085440282,17.7260671076548
6.06496267109928,7.28203786250863,10.093995498325,10.4210876050017,11.3778927608403,11.5617648731281,11.3848319519154,10.3149205521996,10.9830988150971,11.0982309373544,10.6926444558616,10.20953191299,9.92230750187714,9.53089778967163,9.21587469868328,9.39979983211153,9.41663510791888,9.16250007999383,8.82782863644445,8.98861523783227,9.03705398008459,9.37534439206993,9.787028199465,9.87488345938248,9.738075844172,9.97165843219322,10.7097364331505,11.0075236502584,10.7566976342004,10.5795484616165,11.110703675682,11.2753229955781,11.7023623625254,11.7777220352906,12.0818565610191,12.3714138897511
7.53129392577046,8.66531283630832,14.4976280601594,12.3263191226473,11.0931295558504,18.43033732012,22.1451922942071,26.8426326316429,24.8230182881014,22.7971615679753,21.0725280338395,21.8640079841574,20.6193972478422,20.3050036716037,20.3189914845506,19.4678821484716,18.665903586268,18.3769618698846,17.7003832538126,17.2053371494389,16.4609840878516,17.978830665975,18.632319134054,18.314879138136,19.5750824061747,19.0997346181851,18.5314889436253,18.0172039610086,17.5890385942516,17.1061388320186,16.6146400385332,16.2332308636034,15.9648017804331,15.6761674574088,15.3440649119041,15.0488275198155
13.4364045855833,8.85792944734833,9.24619855488289,7.8637910228351,7.8417576954047,7.05832119692708,6.74352889559753,6.92530254019832,6.79711461772007,6.74762109526288,6.35906067560663,6.04207733741319,5.75219797043049,5.50068774631414,5.26203652357218,5.13203746431893,5.05251929134897,5.04307339815114,5.49543918216061,5.41170111426699,5.52584810664233,5.8053977385564,5.69243795066611,5.95180204951877,5.82402143934269,5.71063500047384,5.63291788975339,5.50874626607106,5.43940918312118,5.56976197592402,5.46057746556888,5.48726887390612,5.43406904240773,5.31704975775278,5.45101292494762,5.34840600913687
1.82666322550936,2.66339277716533,2.49014011094342,2.23896008247748,1.99893625265894,1.72937103175584,2.05390910749853,2.12433220075707,2.03050038385136,2.04599767886663,1.90706998538792,1.90762649716504,2.16029371869501,2.09373707149155,2.03645258695394,1.93250525833323,1.87574201248687,1.94438025481732,1.94123728910673,1.97617615134442,1.90359125720969,1.98124461099853,2.00671592265555,2.0065174262664,1.94318261827496,1.91794968540843,1.89143620005808,1.87587028117759,1.84480004124454,1.83579851436636,1.86300348499,1.81986226791153,1.80521767987506,1.80834470429961,1.80028314307805,1.80258027746218
1.31632379571753,4.37872028757058,5.42844587893594,4.60573526495204,4.63482558899921,4.3335338818631,3.92246003951582,3.94264052445047,3.71606379703933,3.68213528661769,3.91810979183205,3.86095444252899,3.8673790372231,3.952298138958,3.95245889069928,4.01078306064227,4.00433568562014,3.85956315799215,3.72685165926879,3.69180525326673,3.75393284171428,3.72662849063953,3.90706927905985,4.09131357667275,4.01766648593979,3.95521581131517,4.08466496858508,3.96191965494526,3.96818138145485,3.97063865653434,3.93999561167842,4.02281699834369,4.13525817753248,4.21571030851543,4.28668021071337,4.30223938401751
8.96097832470317,9.49436198455619,9.63307003193711,8.53305985802698,8.82031873497225,8.05241161372544,8.30795322926714,8.2018647513772,7.58640481889879,7.61108294403356,7.39181943501579,7.15078991379709,7.03982487076737,6.70710408022354,6.48722107887926,6.54851927086039,6.50954717200923,6.61453605969253,6.80106741848424,6.81922730990753,6.76771597062555,6.76752573330766,6.79821031449983,6.72393624253962,6.67140921361758,6.72175691213801,6.60999036721283,6.62121372248621,6.516777043331,6.38182807940667,6.22139264411942,6.04746158709147,5.98460358782627,5.87952183790824,5.7722957889927,5.6769264995238
11.6938675625505,9.84874821157909,13.2665106193282,13.1051387211046,11.3443487050378,10.6625121587313,10.1640064742822,9.31976324822404,8.44997119297459,8.47047626217355,8.81739279877929,8.86212108866198,8.66634693858707,8.35228776375389,8.23273644980503,7.80649063382421,8.07186131800974,8.38171692205971,8.60323555588154,8.8369816440371,8.92517093497001,8.73729468706193,8.52869479092802,8.30364987161631,8.03017839962337,8.04211272710978,7.94607530158267,7.90463923467132,8.12281248373569,7.9949328918194,7.80237393358888,7.8175434390669,7.71215933088448,7.53981746005363,7.39691890542942,7.25868424628713
4.53071300590274,4.14101680487872,6.78867887484881,5.60803161080393,6.10983522942859,6.25714561499865,6.4457896761142,6.79893955470018,7.00934804343145,7.066458962151,6.70188214577789,6.3988858137544,6.39962882218168,6.28371501452662,6.2742507442885,6.11375911540648,6.19762905065603,5.98295518049007,5.93294388743871,5.75441857537486,5.65615675560934,5.51493865074316,5.63088321331402,5.57752514837952,5.74243552109809,5.71903550277969,5.55937671598736,5.49309634861557,5.34530011555428,5.30475470468909,5.35849278768819,5.24984281635775,5.21331079620278,5.18975605908742,5.18185606839594,5.1517812841608
5.60793351324134,6.70026535674686,5.66750822392952,5.35213644237963,5.50471955244857,4.79336551132419,4.3571230269152,4.15892812435038,3.77689669093355,3.71727465367731,3.5406489037133,4.15359616449121,4.09052444365398,4.0743783065036,4.05427435650068,4.15601678368788,3.99643527277821,4.06943914236905,4.12811594663114,3.96487413725466,3.98821006636088,3.97810873627063,3.90858487606143,3.84339903260316,3.84250623722445,3.80535055264709,3.77698465430695,3.86464606925836,3.8302302454167,3.88718287515927,4.03531559643845,4.10117226861565,4.05026177695843,4.13336196077434,4.25564945214357,4.26878709011145
16.3723539718687,16.5342123414066,19.7110258414423,18.929581621136,17.3545197868197,15.7302912788107,16.2104213948496,14.8844298774887,13.8496414541033,13.0805196896675,12.449544248972,11.9867604215443,11.7772328148808,11.2191859176335,11.0048032918871,10.6466180926877,10.3278181571486,9.84732605697385,9.71112591921509,9.46577776367777,9.37189019459,9.24618188632851,9.43034304846575,9.20116353454828,8.86804448400637,8.59151413047011,8.38880031654039,8.10544502617217,7.92288286714515,7.71086248244171,7.4777911228527,7.37562233219473,7.21965467044063,7.06500131437308,6.91915548628332,6.82225459915615
51.8984978025107,29.8089532746601,36.804278643201,30.3775299331576,24.6585444406182,21.4709972571459,19.9460440257087,20.4916485098924,21.6442634232932,21.2936024051735,26.460185120446,29.6953935629675,28.8732845299504,27.7744264897315,26.3586518209456,25.2765679967765,24.8440909288536,24.3864008229953,23.6581164045685,23.1992072706966,22.2951462727434,21.553663360681,20.7686367235728,20.4016004299259,20.0898635782554,19.6677412936714,19.2258598398777,18.7436528548345,18.2262308854823,17.7199703905724,17.214786876248,17.1218798836488,17.1989585149288,16.962141627547,16.5108143844705,16.1690565866915
8.40153399420955,7.05221848165383,5.65433760041526,5.72300730806417,5.93241843726072,5.90793094298418,6.33333514159325,6.15838161515545,6.35437224610952,5.87008303236621,5.54792630276204,5.61344343873648,5.52631183415317,5.83377362718052,6.04050081157554,5.82691752694321,5.68546851445644,5.62650009675155,5.42067380119469,5.43665097350353,5.55746153235777,5.72897488828411,5.67686511413315,5.77256929365808,5.73663580976075,5.64155679625532,5.50232910316387,5.40964097532734,5.44930539446006,5.35717989240574,5.40419822348156,5.34596517726137,5.39110176597486,5.41624153090561,5.35560719994941,5.46178905226183
0.694240733289181,2.70546109874388,7.35843701795512,9.25996177457913,8.64000641333326,7.58376148157001,7.33684138050884,6.97045240113976,6.40639178080881,5.85880999374537,5.46699969299245,5.9241476501762,6.11969267599943,6.01919055516756,5.79338977879337,5.79967121575683,5.6856020475124,5.97747668905371,5.85284628741106,5.6006060240537,5.87936735760335,5.63403274489438,5.4320974510811,5.41349597127488,5.20234458038189,5.09763140127392,5.02598027836759,5.09217406773817,5.10318177893512,5.06544414468285,5.12039910930252,5.06396399434552,5.0202395470229,4.99824131415409,5.06945414251051,5.00511233719475
41.8911507079423,21.8432235158885,17.018292145177,16.2122249431876,16.0211096161638,14.7155748729107,13.3471578618408,12.4227068930888,12.8106083000604,12.4696493966364,11.7194095945653,11.2979665976137,10.71369428367,10.5041837335387,10.2566498199879,9.85918477525725,9.30306995740578,9.31154950874324,9.30723489270077,9.23031785378895,8.92520207870992,8.76250077351141,8.47470057966762,8.23148465382646,8.10887233540001,7.86664038037171,7.76214745767612,7.67051514828247,7.57315428221251,7.37777757037707,7.18130310274526,7.12417145959384,7.20239520901784,7.08939656221964,6.94073156284299,6.81049229196906
2.86639663729153,2.58231623664893,7.05555450870114,7.79079624504066,7.79858259731622,7.52542853394609,8.08094470278519,7.46473109597237,7.04859076951695,7.11304213055821,7.19953258907192,6.77374395382881,6.69002636479273,6.93153636626717,7.33572003739629,7.3753664918994,7.16145548971771,6.84854384043078,6.8665329952042,6.71811979740507,7.1240684586731,6.85385365409414,6.69935306629636,6.70064710652855,6.52954668288816,6.44281717731214,6.28433980410107,6.17088788314039,6.11552267754107,6.02097718938648,5.93227064844992,5.91039137707601,5.88272360332616,5.741631496756,5.66720139557235,5.65301348862342
2.83766351755572,5.22725486885667,6.05198661203751,6.00946923555316,5.12987203516301,5.42992001851787,4.69626798110871,4.9366295028567,4.97299151070075,5.19429650646716,5.07732790293508,5.10811366514377,4.87377105034083,4.81425506781628,4.72214643025675,4.75099453390034,4.72402846287994,4.50506223868743,4.44351409388978,4.39024447201327,4.39958607547621,4.35338839525611,4.23588529211892,4.11843545756728,4.0000572895411,3.88484453011881,3.88717999775488,3.91888825149291,3.99223360102568,4.00415493838197,3.9190752293757,3.88042873890277,3.81867627973171,3.77059085238779,3.71849304928828,3.68756060267895
9.01835938228179,18.3250536391783,16.8756466250638,14.5556576735107,13.7677992588683,17.3515444429486,17.4733478505957,16.5890791676608,15.2089856193478,13.9982808627898,13.2657752896613,12.386350441907,11.9659833296506,11.8880149293156,12.2373620066257,12.1194832851477,11.8911913759687,11.4909233027949,11.166203422028,10.9079287951804,10.6559874393555,10.2445895283803,10.0315952042075,9.68214031590752,9.56433006832111,9.343883643,9.21922169661416,8.93744202023896,8.97381966959466,9.2674903600113,9.30540891117428,9.11946976899844,9.04549929873403,8.85161671050047,8.68248368837861,8.70146480232301
3.89190369298639,4.21751043771247,2.99888536693779,2.93248878133317,2.71004774145767,3.45250976154149,3.57067449804543,4.35631183750182,4.08006264843245,4.21139989239389,4.15189297754827,3.95426750751344,3.95244385819154,4.08266627950101,3.99887193957826,3.99198250049845,3.97780354482244,3.90427538311716,3.88660613149304,3.80068008163811,3.7610082400721,3.73713908866831,3.73205197607711,3.73444119100244,3.67951115204322,3.63914626622869,3.66237687997886,3.57822896280835,3.51980033649679,3.57182695683834,3.56459942824207,3.58825081520381,3.6931816683496,3.59744758864801,3.52508161824298,3.49771749260925
1.73086234358267,3.2076988673593,3.93163254531823,3.91068302469989,3.3607754706625,4.00526668543298,4.43159789514743,4.35579870998238,4.06782456903478,3.93722247224293,3.70864607257863,3.71116323066547,3.81216282919231,3.87057889253553,3.744845188124,4.03056984124269,4.20678512619296,4.25163761132645,4.14734779470349,4.06792842154957,3.90656785692179,3.88990373628711,3.8932617047264,3.86437052603903,3.82057680462182,3.80082426726464,3.78727143469549,3.70688814515868,3.67688640379256,3.61264873902976,3.66014774747432,3.62695223112644,3.67107566540241,3.62583353470393,3.57641777981355,3.58227527804801
7.93550454673824,9.98293268652537,10.125260698051,8.13422078461037,7.70745641939703,7.51532651605567,7.66916432335846,7.27433664897023,7.18846985905626,6.89108867242428,6.38479432742903,6.6032423187005,6.2767229965944,7.24911152338294,8.24225996399684,7.91115149322588,7.65765303879788,7.60770044104841,7.37849971119378,7.21855250488351,6.89450686807664,6.73959890035506,6.55327494135841,6.44460884066989,6.28254240970739,6.1388757866883,6.08255818830925,5.98784378377353,5.87550013772048,6.10027217434871,6.55605325833944,6.42420166472625,6.29433176931793,6.19725755193774,6.19169042933107,6.17904055203367
2.32920640589301,1.80801080380351,2.20678741171917,2.58069070283192,2.71436611964236,3.24055191933697,2.9079586626992,2.9815092983769,3.11688290573149,3.06687576232027,2.98214134042973,2.96903977907114,3.40117940919191,3.46189829380967,3.57891055250967,3.74832056994612,3.72826886253037,3.87242687366304,3.90392015265097,3.87126710039192,3.93282009741453,3.98182503951872,3.91548895197845,4.0756030085277,4.24624281918568,4.25921980256474,4.35507571790777,4.31447372426831,4.1800031914471,4.21567176191974,4.15046211914045,4.24469540549641,4.31808316500663,4.26565870190214,4.1882421563843,4.21238594509418
7.00833593533944,6.54219955934618,4.81498699333552,4.65389852407191,4.41377150495828,3.79287056364572,4.22458781211806,4.62162056565658,4.5841592158781,4.47552560322242,4.33757085702929,4.36210580048058,4.42567205030642,4.55510042142291,4.50179669950176,4.40256617196002,4.30488193602332,4.14441967367631,3.98451599387986,3.8981095086043,4.01616144455677,3.87741187004535,3.80071748210105,3.83956582707902,3.8615712967274,3.8221537629565,3.89436985184461,3.85200198012116,3.75558125794177,3.82756867590605,3.93289313539889,3.89680619478588,3.89750382291309,3.88156452998221,3.88101143396878,3.89854387633115
6.72270977811384,14.3473123489243,11.9419752269515,13.4914015246952,14.6762396265612,18.8366189852118,20.6171982799882,19.3266724179929,17.4976330399097,17.8707074361992,16.3534448788298,15.0656816913814,13.9150727639636,13.1880274112189,12.598271217754,12.0209569144285,11.5202853582102,11.0683735923179,10.508162779282,10.1161141208987,9.83602128451755,9.51912362096515,9.17396642581205,8.93929688113302,8.70607334182625,8.51885994267326,8.35304845158393,8.17268488285316,8.14008093598536,8.30421816368626,8.24217509043646,8.1275867458934,7.93541576860774,7.73378001693185,7.67469044869411,7.65084968730632
13.9583646385421,13.1424139102343,10.7940211999685,8.56880708281536,8.03154531771467,7.77730443529182,7.53739300689467,6.71225422005692,6.35670137491251,6.19619102829457,5.79261389837696,5.65969635714115,5.52441380412624,5.32077163472735,5.0917498095977,4.92465795920298,4.81760087892788,4.88272957577602,4.70967790717287,4.64275652106112,4.51328356458531,4.49181626888735,4.40593879731275,4.26436917889896,4.29044491168207,4.15916620175983,4.14091968361734,4.07289156933537,4.03274620779917,4.05986204775871,4.12024033152411,4.09528230686139,4.06721011838448,3.96917194034732,3.94275264614689,3.89729276248834
2.07328441172294,13.0196480050708,13.6115846645073,14.7752034842514,12.4327125904598,14.4171499709422,14.9902915322195,14.601318450192,15.3391986014672,15.7920213579296,15.158168176551,15.901890452041,15.4643697036671,15.8632687468277,16.1027032378377,15.6962524657155,14.9156394964013,14.3255791824029,13.7426001075868,13.4643475563279,13.9760726364948,13.8744457974551,13.9313514521056,13.6754684279931,13.8694789123506,13.6485707388861,13.6749749225722,13.5147801422366,13.179036377873,12.8265375356212,13.1253535405597,13.4284981830327,13.2265671082272,12.9085289681924,12.6411119746826,12.7626476556897
4.80479223204069,5.5770747892214,12.4225033938348,12.0520243418805,10.2953758259718,9.6787753966149,10.6933186902925,9.90690583782071,9.29370159842705,9.14435171936977,8.68645963946612,8.33726115467074,8.19698931164756,7.74334695691104,7.59884018218713,7.32385895710972,7.02520686174055,6.94319528026861,6.84369585633554,6.62536788168281,6.48300946830965,6.50899345031151,6.33020118321134,6.23767727047611,6.13610979944087,5.99941732805625,5.9602452409498,5.91181718720451,5.79203684577532,5.78244456644888,5.74499403276605,5.74573849918461,5.83842732632756,5.70941082162317,5.65144960070032,5.5181169365539
3.34319560081403,53.2390562942734,39.4361019400354,32.7469409927238,27.650012571409,26.9532619508671,25.9133908605933,23.8153044337347,23.255770749981,22.4316135906228,21.4550250861219,21.1592988580937,20.1315089798595,20.3887875647704,20.9564706710762,19.7110786474458,18.7971034715139,18.1393300687642,17.5477967483444,16.870860950169,17.2539789466339,17.323504859391,16.9873779512937,16.66136261956,16.8971663250143,16.4611909514139,16.4584958172024,16.3584076050498,16.0735444955917,15.8692560906456,16.2083207816923,16.3394505836035,16.1008737905587,15.7550931518581,15.450280868142,15.5964664326535
11.3931567239263,10.3784688622349,11.766496794734,10.5536313272219,11.9823363952054,11.3597717784454,11.6589530201451,11.1367858751895,11.1247153483275,11.2632634700245,12.2393094964752,12.7706596125697,12.6940622998673,12.5090154081891,12.5077448721503,12.5736206671494,12.0019782327005,11.8156794205334,11.9246752612115,12.1159232493067,11.7139948950483,11.6543979516007,11.5118739005667,11.3810898696041,11.1347853587686,10.8847826657042,10.8635599356765,10.5478589584212,10.2388749879182,10.0460438044558,9.8175265210792,9.60147218696613,9.51165788177401,9.38915036050079,9.3148248977845,9.2547433010605
52.0247017629693,44.0518979171113,35.3688139586591,30.1747169081452,34.9540658636577,36.9543001483462,37.1284934472318,34.8542390091501,31.3758726994604,28.968135174221,26.8009895444268,26.7269966393935,25.489879590172,25.1306056892222,24.2501203036776,24.3085391713954,24.2406553420117,23.3663993408178,23.3913440099435,22.6881271260318,22.313874902125,22.0104020930718,21.3036880458919,21.6226209099262,22.2080797481432,22.5626368934248,22.5130731419404,21.9340952790736,22.0471054335365,21.5834632795429,21.0234421362995,21.7959078108668,21.4565943562256,21.3296635685748,21.5052441226302,21.5173530391248
1.71515504463854,7.93546438206591,5.75360794643076,7.58493340004151,7.45644464138942,7.10817788097866,7.4899674900414,6.71917609430148,7.8735519519699,8.83344740683559,8.48915978831028,7.9606594929991,7.57290162503559,7.15323288070522,7.16583854502335,7.0172167021605,6.72340305567362,6.6826418691559,6.48627182793054,6.3092380517017,6.07318997367203,6.10020750831971,6.65218277032841,6.84262410137176,7.02300611159739,6.80689546490357,6.71954684681405,6.63731969719845,6.47544303550207,6.30063696889762,6.12484315417385,5.993041665598,5.84889905776966,5.70778381839409,5.64095054123945,5.7206933577222
33.2078302577746,27.0333693323254,23.7247322823846,40.8672981501599,51.0926545079416,54.9707923676081,57.4201798523881,50.3812865957331,44.953830610254,40.8119632868645,37.5639670527453,35.0707507873175,32.9274690420639,31.0287689929039,29.0650517471923,32.4443173535859,35.5631680548661,33.764354021932,36.3604363066958,35.2672099671666,35.7694569315577,35.7224654024349,34.3336697066625,36.4155786550627,38.4488993034874,40.237885297232,42.0044802161334,41.1805159138416,42.5629546742281,41.2722871920127,40.0560472690947,41.6806486522491,40.6736323672082,40.0205939697475,39.4557259723643,38.7476552139027
13.5229670909776,7.76838144984636,6.35906580055695,8.71268304895482,8.12251245633874,8.59586149829156,8.95918877042345,8.26275351695608,7.43617923442061,7.36443180891416,7.19832604603562,7.21175208630715,7.16006585892644,6.85490719211606,7.18577093614028,6.93938858057834,6.69368568429501,6.67279606334569,6.69985267942617,6.75979885211026,6.73219518711539,6.74350983638909,6.69313762364839,6.67572218091817,6.64743785987964,6.43920641332692,6.30876899973022,6.15541740693863,6.10143429990538,5.93255314560948,5.80547621616785,5.74667939839786,5.66287193377623,5.59179740099656,5.48728481405092,5.4110899868542
10.7827837675588,7.15431582104318,8.14107504360855,8.00598160170355,8.73127695314846,7.41016429794692,7.09328592154856,6.73876921061671,6.7865672378968,6.31210431670727,5.93506892395281,5.64038070017014,5.48398279001184,5.46991572246117,5.61418887300252,5.40208595725035,5.15154553748871,5.51535400797492,5.5152484221301,5.48214242619865,5.2945880702169,5.12871497425172,4.99757392813215,4.92237586836978,4.85065061688667,4.78528296430221,4.73346521351408,4.91918484473119,4.85750310812778,4.78883988304697,4.68365462078174,4.57741068790128,4.48988401483065,4.39368609736112,4.28512673394567,4.28512566263394
4.27467686837263,8.34175569608741,9.27254077963098,7.94366010709616,8.48125268291157,8.63862557359433,8.57572189397465,8.62435181259659,8.72264836354944,8.27320746036751,7.86515156382657,7.54430120347355,7.2024068638606,6.72692860273902,6.97319959713514,6.78544175237761,6.9746585032581,7.16644406163814,7.18116574544553,6.96532816246417,7.10026167782936,6.87691114852105,6.82202260569929,6.84547761447578,6.90473611112282,6.82611595019535,6.63691252036609,6.4757607699571,6.40107502342378,6.42014092536821,6.25042576788789,6.26317471694668,6.24285038678601,6.14113457792773,6.05200877332034,5.97184885971452
32.4070740491372,39.4348051811855,28.7642522338327,23.2792384442253,20.7295700446336,21.265209640446,20.6383836093124,18.6662555418564,16.6713892938541,16.1968731934801,15.7095558598106,14.7194543943389,13.9919069413327,13.3877214529848,13.4155737130332,13.3354094553769,13.1629697181387,13.3031701960919,13.0254692325357,12.6273182835138,12.19374976627,12.1780769482034,12.828962955892,12.5989445974283,12.9125450284149,12.757937545878,12.3828590703377,12.2014811729009,12.3539412467726,12.2938725625549,12.5260909914926,12.2883861852434,12.0839280671181,11.8282160488084,12.371895695212,12.3527304008479
6.25096911672252,4.37506604568603,3.52257906254953,3.60784839663644,3.75372729424456,3.51120834653306,3.50842852562122,3.70281446082311,3.44983211633345,3.60385470895123,4.00259051642762,3.79648866491387,4.08487623286323,4.61136141634899,5.16272784868977,5.21235165558902,5.26358732451699,5.53038223222299,5.39443387991793,5.17682492359162,5.03929871879719,5.00000679830149,4.96162681778902,5.07016391966071,5.00191816868556,4.94293311052779,4.8810847121027,4.74354295544943,4.67952356289856,4.70978787177527,4.68034888769664,4.55421981027682,4.50161443701344,4.46767786904589,4.47211886667517,4.55378163556131
7.5681402938377,7.75394889468664,7.51153436048948,6.86680375673539,6.36499707697643,6.14081641767531,5.62397471620194,5.38317108970831,5.40182746257699,5.47341731722835,5.25086844802419,5.21449770911778,5.33589032660305,5.48035963712502,5.70968029664312,5.74409368415488,5.52870693968539,5.36753890655999,5.29909195304618,5.23385885777737,5.16790726014994,5.15438514962262,5.00896195687878,4.84566648363324,4.97947756938346,4.90939283548775,4.8183570502798,4.7343683822878,4.75340789991549,4.68629041326291,4.70405978072922,4.62484083726107,4.54915493037727,4.54766039403919,4.52697419333927,4.45988695108362
6.23836015496688,6.0947505386919,7.22100074995486,6.86040247262665,7.42855400202242,6.78808303340095,6.44079884276423,6.45727858063259,6.07982850015437,6.19610537334793,6.58176236155006,6.43423993862485,6.18632674692051,5.87364220453704,5.58064441655043,5.44926088229586,5.31139502683008,5.2922278192312,5.28066077797553,5.1373240986637,5.01184896717807,5.04685402745928,4.93176946884697,5.0383059210892,4.94796779866513,4.7847873463499,4.65543548748888,4.55987416333238,4.48692318104643,4.50809828392475,4.44142567873253,4.33995194277144,4.32228751743847,4.30598124228444,4.25771248945097,4.28085556674945
8.59518522054321,4.68261015919379,4.82209291971146,5.37842562158091,5.70478974754501,5.18028637607202,5.48166409789768,5.23870176556694,5.02842065804963,4.83045734288828,4.7139984141694,4.84859087884572,4.69923070263467,4.97428560116251,4.81534227820161,4.84875497124987,4.74153176717171,4.57270598228132,4.36755112826856,4.52548184446091,4.50194092849084,4.56332086608508,4.52245166629869,4.55191912915155,4.48661628135932,4.40201512809207,4.49294214135428,4.54164920942407,4.68488228871169,4.65445925092709,4.53470564937762,4.48616692931759,4.49763705882126,4.56545311874154,4.47060558764231,4.58321072810385
2.70098891785866,4.05062549360263,6.02334288152113,5.79590440689568,5.3029045302771,6.55532784858275,8.19454055178072,7.420795585741,7.17005098677629,6.5803945841256,6.32873661014331,6.09128133614813,6.87339566161704,6.70152453760039,6.39172726190138,6.55004768247864,6.58604737882795,6.64121650975354,6.40978630008718,6.54706834243817,6.63531362020127,6.44286550373517,6.29775476680806,6.32330648854996,6.08936452320752,5.89969673892924,5.76983306648811,5.60419146040629,5.67964386765171,5.74623608506099,5.66153717935912,5.58956893451569,5.66548719097803,5.73636060051006,5.66414911667399,5.72784725443583
5.7670404530782,4.3912058917353,3.99371064911332,4.18893660396666,4.78565307844595,4.4196466905225,4.19390952903503,3.83522156440839,3.66062258472882,3.43671363719327,3.28109583454008,3.29967342654087,3.47011875597806,3.42191295373638,3.256142300084,3.13898198042099,3.06580774567791,3.4781643894408,3.49044179230921,3.93359660821448,3.89457008712328,4.32285009536918,5.16405938039998,6.35613561757647,6.41084359358073,6.32541283079238,6.13776153880655,6.03077040486966,5.85334378576487,5.70706977305377,5.55291621520039,5.40683204614596,5.28143974310435,5.1808001008159,5.07788125788823,4.99983695420074
18.7621470262143,18.4940208301818,13.9340242705226,11.2335050355275,10.9622768364588,10.9420364818535,9.95367993313712,9.34925000453601,8.66845505375184,8.39052303265499,8.16033748271021,7.68886509203439,8.23045031687024,7.96261567182081,7.65424557471474,7.45214919287124,7.32063395031576,7.06979053122975,6.87725168437372,6.71026779769242,6.54407970442442,6.47033664339386,6.27244841227585,6.15017461284083,5.96108186139382,5.79016209048921,5.68360704208002,5.66515825280935,5.47912792890513,5.51129664240949,5.38629665547605,5.40268086525192,5.35813484048713,5.24997480480505,5.15825131528812,5.11771829030258
11.0707250689295,7.29590404140512,6.08457306543438,5.93817520934426,5.85947220012386,5.09930900112502,4.72360602595467,4.57863761626554,4.74208649093691,5.15546343822275,5.27244577640308,5.17352755674857,5.31517661396422,5.24026011586296,5.08764351770658,4.92079001765569,4.70584551568918,4.76822782767968,4.57409386643693,4.71287398567908,4.49879193394685,4.46994039160543,4.31700215245987,4.19674050497115,4.17201180811462,4.20257966998853,4.14282428895452,4.1511690606675,4.17939388535009,4.10935056534467,4.00874329629787,4.26927818585872,4.55769382500267,4.56537983207724,4.60313124500819,4.57254788937763
2.18664610034268,5.75985838744458,7.77127077595649,6.89063043987993,6.86093510035503,7.57307009361828,8.08509551203718,7.55818120289569,6.82865044400535,6.55434803912765,6.78588014186457,6.76817261671122,6.85971594984519,6.49287294113485,6.27793791772123,6.54939537516004,6.73850142932798,6.82289673858493,6.66499631740432,6.4902250545958,6.6500331505045,7.15001380474828,6.91606971853588,6.82647380606595,6.9720696389279,7.01910626260098,7.02662839287738,7.02059173443673,7.06879580582574,7.17314087742831,7.00505131174456,6.95101474124917,6.79795304209025,6.74070474127171,6.79910877579921,6.77513036170469
11.2764003484291,8.75611745438564,6.94141657214585,7.45250620130139,6.21206751428347,6.47219494577686,5.62030270552996,5.6985956155424,5.6907286702518,5.18488609541136,5.19417157028314,4.81755164844555,4.79439196107988,4.57392403315557,4.52705110300531,4.75435969319185,4.71426770664387,4.71903763806705,4.57059553403516,4.45323207359972,4.68313112387825,4.6672756390227,4.55107117498339,4.63016922337912,4.54864493480505,4.56330706935306,4.46370617423034,4.37636501453317,4.26758991669448,4.14781886411586,4.0787159720746,4.00687658415803,4.04258040098174,3.99424446268256,3.99501010163191,4.00079699402963
13.2003924670836,8.24898153372104,11.1365102071232,9.94561439225813,9.27730300664028,8.81540660219012,7.94184708567166,7.32535438283706,6.94228821280265,6.43566878156082,6.24127584081079,6.04797293223852,5.71550699548804,5.95919083928489,5.73619526305972,5.49590519034985,5.2642899536966,5.09502464107131,4.91414516093118,4.83332579007965,4.81710749200667,4.85641902011506,4.7586674218169,4.70509992790814,5.0467303296108,5.12890485794304,5.26575958071996,5.15511789341663,5.05668209676752,5.0139571017479,4.89761506455813,5.12598618141761,5.18672018222234,5.46193602536453,5.41147529840444,5.32618001302821
1.58996622824975,6.4345850269246,7.05919746054322,7.00516245635607,6.61222700064666,7.59701218135744,6.87850752097468,6.72839780546942,6.79035656367916,6.28020791953942,5.97730596189126,6.29995511097976,6.492430867564,6.55177047790772,6.39278942471837,6.33108919911429,6.06760738781391,5.78180670701591,5.92399713045284,5.91772912962732,5.90513070879633,6.0737774638049,5.85740265561139,5.80046323934686,5.92198574143545,5.91454252908609,6.04998073155448,5.98188161261333,5.88332105813561,5.72413525332048,5.58773971262354,5.62171195228404,5.6757715662571,5.57845009882158,5.52890211655522,5.42208519091844
2.22414459801314,7.35940888541285,8.21673929224894,8.40293490599136,7.61087793202452,7.87647824860463,7.64575917081963,7.50443010608222,7.17988103249849,6.77094904299936,6.36733905758253,6.65252941270185,6.69873293001984,6.35316604064662,6.2150141529904,6.16937763492433,5.90467119206606,5.63443978139197,5.8358929984086,5.86005587397655,5.86496472543781,5.94949330743773,5.76053701989839,5.97114371334368,6.05178947398262,6.05154861637001,6.43927225749889,6.41209389701278,6.26438312775888,6.1635578830132,6.05250241512538,5.95353878990359,5.92877388287283,5.80021899699175,5.93207676097302,5.77598902355645
8.64266467684562,7.44667257911318,6.22567821472084,6.53801638377251,7.93026651973185,6.76301464541695,7.25838957059664,7.56737897920033,7.62862410660359,9.1893534824581,8.64469442457656,8.00017491074542,7.55824208755166,7.792976806101,8.12261609787918,8.51441758617763,8.7599693841476,8.59060746855954,8.29850195729736,8.16226934395338,8.22050967140053,8.24067411723349,8.11613699101193,8.25085436990113,8.11404031218263,7.97133962489789,7.93231520208711,7.76909810040468,7.58136902768844,7.47630120161974,7.27676423607436,7.17650318595976,7.21624041451125,7.14468402505252,7.04409179366657,6.87747181361647
1.21725726657835,3.49498550853112,2.79753259280797,2.61229525211101,2.552845484146,2.52327157296198,2.57689862247055,2.34232542679322,2.4334668698936,2.42711660299538,2.66314586344954,2.80374284108677,3.32035991304761,3.54347477489556,3.58086026238642,3.64593563572256,3.90452700409264,4.12644358301031,4.10515885255788,4.02151670112813,4.05926640902603,3.94723590819688,4.03822639677924,4.05894462905658,3.94840230804523,3.91407263954512,3.99370987728715,3.98607113613762,4.1274021944276,4.0952704728437,4.05912097109674,4.00578679874335,4.0424545078933,3.92906650469911,3.96779107048042,4.03439843183501
2.48355625628244,5.86033892243227,5.78066978584087,5.3100715499545,5.59526361297893,7.02919430640295,7.62799492656018,7.23579532346795,6.92346592996626,6.67013906924768,6.19250869661176,5.86766637050475,5.66797321117694,5.50588619249537,5.50134902396767,5.36877427197008,5.38983753444602,5.36920356278604,5.43642229101479,5.32863747755675,5.24923035459648,5.21864120733728,5.20859483786756,5.06908496257188,5.23121355736701,5.36705238082144,5.24022019220199,5.13324095887243,5.16356582043595,5.18536713860949,5.06243509792976,4.99962379768373,5.11800303406078,5.05292506510261,4.93661722179806,4.92443424860061
12.1365122374061,10.8848102620213,10.2543987918407,8.3114029157281,7.00800721791225,6.48249513500118,6.60685118016861,6.28679194542321,5.84770203035835,8.67588259579784,11.4696836770073,10.7740881816539,10.2940568620925,14.3692095372353,18.0801999422975,17.302232707085,16.8486057356956,16.0129700987702,15.2344297457372,14.6658682595177,14.0247047931466,13.6394687334915,13.4986401602137,13.1907054935801,12.9465150406494,12.5326652067786,12.1427031638849,12.0358629957336,11.900923324924,11.5484965119976,11.2840278980587,10.9792052145119,10.8432510351477,10.6130331190722,10.33363107805,10.1906349663297
6.8700535248605,13.8146681032486,14.4943436106679,16.723325511809,15.2131340333207,14.334380525743,13.1787078226878,12.1908383699338,11.7534201235336,11.1038475499836,10.794268963338,10.865495700927,11.0047397937982,11.348739503694,10.7472765806623,10.2558515486868,10.043995648752,9.854426662958,9.69970315766266,9.3928543857422,9.40876885632397,9.80246666744115,9.92950213435839,9.72939316977972,9.59098331021561,9.42794073233749,9.2972960284825,9.46613625292559,9.29978990610909,9.25688264292081,9.11783046223346,8.97470812794775,8.8008338540661,8.7677423089938,8.54325434967673,8.46010663025643
1.76263141365444,5.99487010251135,6.17808703962171,5.51949618048153,4.9235377923538,4.44237625585984,4.67825759864556,4.66136555813322,4.60246373545259,4.59945051537355,4.45454776887326,4.62108532004288,4.49367963936935,4.63535664091864,4.58962188755498,4.47449377757969,4.26307166667698,4.45002745524115,4.31387812136437,4.15950859039043,4.06945494780611,3.95720270393563,3.94424715229064,3.86959757464588,3.82400557314672,3.94978292010071,3.95048590664986,3.97650853630411,3.86356476263658,3.90794798187687,4.05425471470311,4.1014178699804,4.08994342999166,4.06204696719271,4.02684896256196,4.02198562190468
1.81487252811451,4.01195428445143,5.18159936361387,5.04341115839104,4.71162072779985,4.30688007838867,4.58727331731241,4.76281219047842,4.60121829527247,4.3796135051926,4.22258386992105,4.50199292203251,4.89995547828878,4.99408635442454,5.0441118056478,5.01569640866207,4.95289199998603,4.71926913489796,4.62931002121506,4.53017654914972,4.39693029205194,4.50431065721389,4.3250596926943,4.37528383762508,4.40383049100644,4.28957479957629,4.57288287958615,4.81472628225176,4.94367117551253,5.11486346678377,5.39583238303947,5.66050034823429,5.79422525816754,5.87040889197256,5.77081931519891,5.65021474297537
2.38399640515255,3.28366814129591,4.72918443531152,5.292108684294,5.47309936333687,5.31524966348807,4.97868016588053,4.74036346950969,4.88557875702625,4.46968466790178,4.12743113466382,3.90682081728982,3.9831717862877,4.08522002262206,6.48584849536049,8.47450001611557,8.51309163450145,8.18721326375047,7.98285249061098,7.95010418129873,7.98549585726249,7.82517148345794,7.83084132295573,9.38973188162944,9.11956094856983,8.94804104334593,10.7778148145137,12.5648039094741,14.1949906544212,15.7295050933568,17.1754351556892,18.716455070935,19.9532820224596,21.0193288266978,20.6728873160459,20.2695049916611
17.1080638619477,23.7635198711676,19.089588921205,17.5605710559949,17.4930564420609,17.7966107753594,17.4226574604905,15.5279128519535,14.5366796756669,14.6058408357283,14.0757126089674,13.7983696462854,12.9545850198365,12.2977361329489,12.0171896164982,11.7637179644671,12.4131830529044,13.1314762872128,12.9471654297264,12.7771225518118,12.4333814639265,12.7104652711139,12.3721265894385,12.0095776969476,11.8281957306421,11.5108692163664,11.2074337571503,10.9206412370955,11.0863915633999,10.9253661977112,10.6296357011288,10.5849751513597,10.3946864538432,10.2312098167172,10.0130463883875,9.87785670088862
10.8419823699962,10.7274912136168,8.01946191951878,6.89456359719628,6.13865112097066,6.00471831374578,5.73292138636781,5.21604856495022,4.76669967527726,4.88722378758737,4.73523664366751,5.06772658177208,5.6971809740027,6.08175754892419,5.94104028069861,5.83276168320897,5.82923862209468,5.68097778043252,5.75120682612938,5.59183247322723,5.89450002297582,5.6586010564905,5.56105908065588,5.65228901262964,5.59375943192023,5.5601886327057,5.46062697280694,5.34821393044535,5.27102349907198,5.29200818501781,5.23175982153014,5.18721832538131,5.21772406307669,5.20956788662149,5.26810763546914,5.28513540102639
35.1093355858963,30.185291836023,34.7619818858815,27.4484349022458,22.891908460694,20.7180835371585,19.7180951407228,17.9909180852465,16.5721755485245,17.9543171573483,18.8469010602004,18.0204616661481,16.9596131439973,16.3706018985604,15.6976214684852,15.2202097121927,15.0282775909626,14.6838009644863,14.0279011184112,13.4557561302378,12.8746558342509,12.5235418536875,12.3257408851985,,,,,,,,,,,,,
60.9867528285695,98.8861111872222,116.774723972479,88.7906225696015,72.3016373403893,62.0839476049356,54.8603315909637,51.7885219244082,48.0248443484905,48.6431706162826,49.2811676570195,47.3436814362581,44.4964577419612,41.5346762208655,38.9994922001706,36.7294213803586,35.0602406796191,33.2558057447462,31.8070399256465,30.5147587103581,29.2288680530458,27.9564212516706,26.8353631200322,,,,,,,,,,,,,
20.9148220827726,12.6251307219746,10.3015766471906,8.40716161923889,12.5961732599869,15.7676275473648,14.0220875510286,13.2572654857247,12.6874515143148,12.090131470737,11.4608578488077,10.8397514639445,10.1999342469532,9.93337018918517,10.189522488935,10.3617509406234,10.6909294013009,10.486889192311,11.0127442347888,11.0430607118593,,,,,,,,,,,,,,,,
7.01018743391129,10.8961699028395,10.4324433277958,9.1150889269801,10.6714795063142,9.75291896580769,11.0801937180517,10.2048438203854,10.3199330858517,11.3367264763764,10.6587016860482,10.057031547047,10.1595398797324,10.4816880487864,,,,,,,,,,,,,,,,,,,,,,
6.99945936732096,6.18705256475186,5.76153787830313,22.2613530422537,23.8084369970486,26.3989677599018,30.9798950533228,36.0314170269299,32.7654602502158,29.7250859588196,27.6250606644585,30.3511466893829,28.8141356232769,,,,,,,,,,,,,,,,,,,,,,,
39.2879203927997,34.4631458435941,27.6206761627493,31.1788248168677,,,,,,,,,,,,,,,,,,,,,,,,,,,,,,,,
43.6792882586826,28.969446414424,26.5963426386084,24.6151016251891,,,,,,,,,,,,,,,,,,,,,,,,,,,,,,,,
13.405695929047,6.8988253558093,7.49814663480854,8.55771697528775,9.39474074758939,9.73169393992983,9.06524647846547,9.01458131780028,8.34300853948782,7.72760037823614,7.179016969125,6.90699110873863,6.48988670693875,6.11612796596405,6.32213860532483,6.06101483154248,6.26118453430683,6.02448961655826,5.96949154493292,5.89577472398333,5.80149123168067,5.75761326393273,5.54272641787144,5.44764943751843,5.46103927088287,5.36784929807514,5.19830878271049,5.36855397087908,5.28205445498194,5.25606859189067,5.19318068405928,,,,,
12.81570967319,20.1735391013457,24.5425537289949,26.4682264529255,21.9643422254875,21.274839698568,18.8081564707686,17.3381451316951,16.0724882433526,14.4817230736175,13.3188000626714,12.4321864386051,11.7478872517523,11.199010016348,10.8130643903474,10.8692304558903,10.5423088857387,10.9769424258338,11.890858228149,11.9023099572983,12.9648031846996,12.7148442892529,12.672140716409,13.6464223128266,14.0150658647484,13.7568551177176,13.6540101779624,13.290143735572,13.2284909934201,13.610788503615,13.6249638029043,,,,,
5.38823601085416,,,,,,,,,,,,,,,,,,,,,,,,,,,,,,,,,,,
14.30231643604,28.8213572564141,24.6776695433132,20.0810392995795,23.3429039841584,21.6656880212648,20.280049661582,19.3984852738361,18.8923250536242,18.093905286159,16.9050016514537,15.6640998592735,14.7467449297312,13.8434697934129,13.3804238553609,12.6567365218289,12.3609051124044,11.9632934097939,11.6989906613659,11.3162386264662,11.5018124406227,11.8488652371148,11.51147613766,11.1300068016231,10.937105236322,10.5558401320755,10.3073240993535,10.0845727802103,9.98123620743526,,,,,,,
2.85303670371738,12.6227195501797,9.85535287829947,9.07534558384723,12.1260995279336,12.7708791572492,14.3293248712076,15.47756635949,14.0325890047293,13.2613798259647,12.7265608935502,12.2527247656991,11.522177534309,10.859823736953,10.2422040140169,10.2213399056496,9.87748554912446,9.49514213215897,9.40990102739394,9.17100970711955,9.43566115196391,9.24008560741965,9.02378563822269,8.96801136967246,9.17678545435286,9.21715507546874,9.02184944592112,8.73117140635225,8.50462751295291,,,,,,,
2.38731125772866,8.7693664839732,8.16235027955418,8.38894452886094,7.3519923597703,7.17365662983554,6.5484928597571,6.37799895012963,6.0635707823212,6.11260635767431,5.97404372015558,5.68714619927356,5.65522691366357,5.74330059511396,5.65088312100252,5.64730514358241,5.74999658500039,,,,,,,,,,,,,,,,,,,
1.48118835473213,3.7029591094386,3.68426290128164,3.75069493912811,4.22753234984326,4.00621471201803,4.10143915651138,4.30298341003761,4.24071527682431,4.11944187470333,4.33121778892546,4.48650940909752,4.48203404634089,4.19615705359035,4.17354221323427,4.25580246403549,4.27903290149059,4.31693225992387,4.22747998029636,4.39979119872766,4.38146568302884,4.57018086015132,4.52892078036372,4.39829090225742,,,,,,,,,,,,
14.6856137043384,13.5892263713475,12.6244290877578,11.3009597931469,10.2089308441517,11.0091467843732,11.5566833149493,10.2379927702674,9.2504959359845,10.4549345004509,11.5217929954347,10.7568819705486,9.99438493615575,9.65621291980734,9.90960850769769,10.0853782811597,9.75711818869252,9.37120317776621,9.8509539973877,9.96554952585867,10.1522141119028,9.76564954980044,,,,,,,,,,,,,,
1.03193086410504,1.94975606246357,1.62601041583949,1.97633344758893,2.942251250343,4.771589959666,5.25668336454344,4.96234278827261,5.38041925304698,5.00191891281726,4.64425005587676,4.34992181766564,4.55074562493675,4.36350862184677,4.22385152605248,4.52003592592698,,,,,,,,,,,,,,,,,,,,
4.07773879148736,3.54457557034279,3.63249510605573,3.67789776757543,3.79388252944383,3.25369145603992,2.89515963254043,2.65454638222339,2.55376841527909,2.6292488950977,2.77322081571683,2.84445429078589,2.80890260549696,2.8099983722754,2.83623048028141,2.85179420237183,3.29698448345712,3.30323829078916,3.37934796968933,3.45029229854237,,,,,,,,,,,,,,,,
6.16805615002169,20.7125613821558,27.0616554516419,21.1799130038022,17.3991332404994,14.7156431493816,12.7824852714318,11.5283453862495,10.336173411432,9.46847100245392,,,,,,,,,,,,,,,,,,,,,,,,,,
0.29711168051655,1.97638160104137,5.30469006694259,4.27035710061385,4.2258770768483,5.00675059906685,5.09181074006752,5.97327172800012,5.96151890417297,6.18097318157626,5.87788426130814,5.76343813239774,,,,,,,,,,,,,,,,,,,,,,,,
3.80611091414345,3.29503213327711,3.95724902026673,3.47509302735588,2.97251741068346,2.99979288619525,2.72998498044089,2.69720085217191,2.63818447950723,2.78812350267348,2.85579031463522,2.84289409261254,,,,,,,,,,,,,,,,,,,,,,,,
5.94665179597782,9.82425428598798,8.91595204873876,8.16643728746312,6.7841602044092,6.01321549025279,5.57599467423999,4.99223428894514,4.67916590491417,4.37089621557336,,,,,,,,,,,,,,,,,,,,,,,,,,
9.27627352935947,6.9490111124836,5.40569270856376,5.31079030222431,4.7522440424018,,,,,,,,,,,,,,,,,,,,,,,,,,,,,,,
3.68023373870481,3.5199673957805,3.64976104237933,2.98055550945186,2.76316555565207,,,,,,,,,,,,,,,,,,,,,,,,,,,,,,,
