Var1_1,Var1_2,Var1_3,Var1_4,Var1_5,Var1_6,Var1_7,Var1_8,Var1_9,Var1_10,Var1_11,Var1_12,Var1_13,Var1_14,Var1_15,Var1_16,Var1_17,Var1_18,Var1_19,Var1_20,Var1_21,Var1_22,Var1_23,Var1_24,Var1_25,Var1_26,Var1_27,Var1_28,Var1_29,Var1_30,Var1_31,Var1_32,Var1_33,Var1_34,Var1_35,Var1_36,Var1_37
2518.70948678072,2526.39987425338,2536.15467208357,2543.32141717204,2545.75670954423,2551.26409861325,2545.78680818802,2545.72578837842,2543.61549520767,2545.9676659865,2554.1350829174,2555.26980863514,2556.67546683838,2554.12098687332,2555.65820777161,2560.58979297063,2558.63636363636,2557.96021992238,2556.89926366912,2557.19507851708,2559.75434888636,2564.90249877511,2563.92308945739,2560.06648199446,2557.82157877709,2557.14952333166,2560.88492597577,2562.3694311172,2564.47754415475,2564.90233512149,2559.53156604352,2561.52531451365,2567.44033588686,2562.07489467936,2563.91600060323,2564.30590527578,2564.91722339905
2493.42963576159,2490.13447161043,2499.30246408969,2490.45551144325,2485.29056192035,2489.94558972626,2482.60852761501,2490.50074275811,2490.45383668445,2492.27374914325,2497.56397568217,2495.50363016743,2481.62798452714,2484.65666929755,2483.01977885065,2486.13272084806,2485.89681133747,2481.85940164316,2479.20431414249,2481.28114663727,2482.95022900763,2482.18249959263,2480.97369687249,2478.17678018576,2475.79247807344,2480.884743083,2482.74186046512,2484.93659658344,2482.65143824027,2486.54378661733,2482.58845110863,2483.17418351477,2485.7238507128,2483.44619505278,2482.33518665608,2482.74161767043,2479.19291147435
2415.65026256564,2415.85589264877,2414.9262342974,2416.40946656649,2421.93256395996,2428.90125777071,2427.98239222829,2424.92736077482,2427.25378203149,2428.71385083714,2430.1784784938,2429.51024179886,2423.24756176853,2424.4439245283,2424.77373417722,2426.21600129828,2421.90216875099,2420.79604730277,2422.63625058293,2423.48020493712,2425.51708074534,2422.79635499208,2414.60966057441,2419.27837185236,2422.58258444376,2420.63636363636,2419.46438837432,2407.59794908062,2413.47970288478,2420.85127881276,2421.72534766119,2426.2132923674,2427.94145873321,2427.75441519494,2425.97653772987,2428.80644122383,2429.16834729106
2364.45153488372,2359.7719962157,2358.49772296015,2357.20105920182,2367.78821717366,2370.28555197879,2366.91782086796,2372.03335330537,2381.07340882468,2381.42134607726,2374.97597776454,2387.5157976352,2384.8913436433,2378.99220467719,2382.6920696325,2385.42158616577,2384.65545545546,2382.81307435255,2384.66946505271,2386.24525009694,2386.90912706303,2390.84501347709,2395.9292579777,2401.53759541985,2398.3721103654,2401.61048831465,2408.17372723894,2408.48755846586,2409.83005054907,2407.12529942878,2406.46057078483,2412.2050304878,2408.20070908017,2410.89491193738,2412.88700133613,2416.77024630542,2410.26248245438
2313.79371094269,2310.60025150203,2307.2339030672,2307.94222016509,2309.04996524828,2312.46987951807,2310.67504230118,2309.45742358079,2313.07560398716,2315.63632483193,2312.78779863481,2315.15725020874,2318.62953759723,2311.53522794553,2312.10866828087,2314.257316134,2311.98481705017,2315.13272072755,2311.90343430446,2313.6317550441,2311.71459868552,2315.40470193115,2315.80607740478,2314.36440180145,2316.56006006006,2314.49831227698,2314.88019026856,2317.22133960969,2317.44701507953,2315.81927229108,2317.33968598795,2319.01768279453,2317.33763643997,2315.60396611475,2316.8302070172,2318.96360683924,2320.13813306852
2197.59708944126,2193.34259433077,2184.51664526326,2190.434907696,2188.0002356823,2190.48887621221,2190.28108776267,2184.9076132425,2185.53437358661,2187.87777211318,2190.97474918273,2190.90428625616,2186.10987466323,2186.73655139289,2190.61292943361,2193.96833569314,2185.50816655164,2186.45991352687,2189.07319778189,2186.70884077582,2185.64377358491,2191.1645021645,2187.59504898067,2187.83295540438,2189.06220341157,2188.45558145558,2184.43356037152,2190.31887941535,2190.0146230212,2189.7354807223,2189.87056873247,2190.25217843673,2191.38880359041,2188.13958810069,2188.39461444308,2192.4126984127,2187.95779220779
2184.38492427719,2156.76356845688,2187.47229276551,2190.09851749069,2154.33712653367,2148.19269223048,2186.02728974654,2183.87317073171,2189.24362719065,2188.15738481412,2189.86330935252,2188.903944997,2190.33674911661,2185.45434726853,2157.24779301277,2190.21509127789,2158.51497451147,2183.19073040524,2148.14732414633,2186.66669218403,2153.77784064606,2198.04779215743,2175.19523459212,2205.47689513329,2203.92562525212,2200.79452900041,2204.89525903042,2202.48832837224,2201.38645690834,2201.71236626026,2204.04772358998,2199.02315412899,2199.50151101579,2193.58135618406,2199.75010131712,2169.33969086502,2174.84977998852
2163.13578844906,2161.49452617174,2159.78703703704,2156.81098936513,2163.63614800759,2164.18062103723,2162.60827975537,2162.51226246549,2166.50970161422,2169.14221073045,2171.46115702479,2171.50786088614,2174.02844737236,2168.01552033981,2170.1776539771,2170.18950665623,2169.39270118528,2166.19176398279,2168.43747012904,2166.47828162291,2169.93514544588,2169.71780778894,2168.80167338085,2167.9356805365,2166.4808259587,2170.25038402458,2171.30388364537,2172.7750164582,2172.45629032258,2173.48912348049,2171.66237785016,2174.04937867888,2173.29039404969,2171.68005497862,2175.67116302023,2174.22688671687,2171.24089590719
2091.60124058485,2093.93712871287,2120.41149425287,2132.94254207777,2144.2348608838,2142.46628814762,2145.89292120878,2145.17348495354,2146.8585576789,2153.26823529412,2158.75822345593,2152.37016185785,2161.00926836119,2160.09224618021,2167.88696638775,2164.87247346227,2168.108115818,2176.00788807858,2175.75229489386,2174.88287117273,2180.87970838396,2180.81261510129,2182.86527629776,2179.84122159502,2176.00508982036,2177.98155467721,2177.03830554304,2180.40760375644,2184.07482891996,2183.87157767357,2185.23201305444,2186.36378762668,2185.83511197956,2183.07159658924,2184.24936119044,2187.81561461794,2184.22424061942
2112.42613009923,2113.27399044724,2111.65998396151,2115.3694073949,2140.09388511427,2140.90875462392,2105.53222630612,2103.64096219931,2117.04949454104,2122.26634836729,2132.24797406807,2131.53491468997,2135.83158995816,2135.62133910066,2134.00345224396,2144.28474228726,2142.96227285306,2138.04141132776,2138.3737496211,2139.57834431395,2137.97710878138,2136.27329568374,2139.3939906477,2141.39783343272,2136.38294782699,2136.77548236211,2138.0490011308,2141.33894444995,2140.96050967805,2138.290745923,2141.2461380979,2131.91303505714,2134.20575466936,2135.00301871604,2131.09630395937,2136.41193567138,2131.48147410359
1912.69134396355,1907.28247844513,1911.36104405552,1906.32298903813,1912.07419001409,1913.17714114294,1912.66411931468,1906.82401506373,1905.55694779116,1909.08931860037,1914.62734906038,1912.46451914099,1912.62066782719,1914.4057660626,1919.2407115869,1919.21275242487,1921.83800766284,1924.38001811047,1920.57168839042,1922.0519041769,1926.38708666353,1924.82027318476,1929.1038979054,1929.11467116357,1924.1754590985,1926.09816629782,1921.79282565739,1925.61052145824,1931.8782853567,1920.26121553025,1925.25540006085,1928.35462904249,1926.06613879832,1923.83321423467,1930.8423313762,1924.88933789245,1930.22928560407
1906.81201782028,1907.48293126991,1902.12042818912,1905.64127096622,1907.74717751621,1905.00227014756,1908.35623716942,1906.59641660222,1903.67353908424,1907.3857983418,1908.98185884692,1908.97260600286,1909.88415415066,1910.45962885584,1908.28168028005,1912.91353193638,1911.16159787594,1907.82856356632,1909.6815845556,1913.43448785899,1910.95656347492,1917.37245894108,1921.77751820805,1919.59757942511,1921.31795441912,1914.66027429103,1914.29726996967,1911.13680747187,1909.90421333333,1907.62980868134,1906.68836428289,1905.52048892897,1905.09747950197,1904.04998485307,1905.79401516704,1906.62693645273,1907.18823529412
1828.1360664669,1832.66842706252,1831.69799022271,1839.01675831369,1851.65443104352,1834.02651312266,1825.90168612192,1832.01618559482,1835.28170189099,1839.47609447005,1830.00519978106,1828.93220786072,1830.36915504512,1827.24486396446,1824.2026763312,1826.37758112094,1788.36885395723,1827.64860471417,1797.25091530388,1824.53646127756,1829.15583309679,1830.56348758465,1829.34151156232,1837.98401904114,1775.75480684424,1830.00056657224,1834.2575928009,1834.45862454571,1835.84627092846,1839.23665527215,1842.3573412331,1842.23383963264,1841.30364597829,1836.62305212251,1832.71819787986,1840.54040978941,1844.0062767475
1746.32739704246,1762.76134726225,1823.68050446663,1820.30963665087,1815.29669788073,1834.83054448871,1836.79348358648,1832.18389186145,1833.11498536066,1835.00137475942,1836.89649723466,1836.71254960317,1836.24833759591,1836.24460057247,1836.91018591254,1837.8764950598,1837.34850640114,1832.48895318254,1839.39841914121,1836.81148176881,1833.22601984564,1830.56346666667,1834.69570974576,1839.39023601681,1832.97171686286,1833.39369870267,1765.13245805981,1765.09032434652,1771.16864295125,1829.56027315914,1791.32472853923,1785.35135640786,1831.19101123596,1828.99802092169,1829.28839590444,1830.91358390056,1828.20580551524
1803.71192512133,1810.59513573271,1807.3467139885,1816.9894043158,1821.89210046303,1823.80583530806,1818.96566015394,1813.47065372992,1817.11037782544,1819.59604863222,1818.46921182266,1809.03753638731,1811.35867537313,1810.09260150859,1821.42590542464,1815.77418326693,1818.40060528831,1807.48190739037,1809.47721093875,1813.29026687598,1815.785625,1812.86833411987,1811.1160085204,1809.63572821847,1803.32964889467,1803.53359621451,1805.40077041602,1810.95354293759,1808.31381475667,1806.56144652161,1807.74679787566,1810.52069961489,1808.76299238663,1810.3564122738,1810.81503077421,1814.11782993938,1810.47881743371
1822.01974248927,1822.54075478201,1820.3106827834,1822.61626894269,1825.58151345861,1823.72472939217,1824.29078254965,1822.05298798036,1825.59133287293,1828.82532379005,1831.89906310765,1827.18721389108,1826.24831500532,1810.09550443225,1828.645515349,1830.09944190766,1828.71502590674,1790.16975726224,1794.91585428425,1794.75680082382,1795.44883485309,1800.33341989094,1800.54678362573,1803.45624941132,1798.6673591275,1762.22685349415,1766.74631216839,1770.8280142849,1773.82887768774,1779.65527010495,1781.61339953843,1782.68588307191,1835.31735248447,1834.81962653953,1835.16459074733,1833.4906581741,1838.26768292683
1758.53863760218,1757.63454851374,1761.12765710303,1760.74041086051,1759.54851118393,1759.40848686198,1771.85430698334,1764.04578107878,1762.7244288225,1764.1023498062,1768.82618862042,1760.55089526613,1765.62665759946,1764.21498631387,1752.80381962865,1746.73382144544,1743.29609070509,1746.6412606169,1747.56288572037,1741.40578207786,1755.05506972347,1763.56232184504,1784.62157434402,1780.31161504425,1773.64288249911,1779.92211659604,1770.38497163367,1768.74407820529,1769.5167732672,1771.80786950567,1770.38834306957,1769.57729280333,1779.96725673956,1776.28281903766,1775.57864302236,1774.54363430298,1775.69830899308
1740.02714708786,1737.77714285714,1721.31466553529,1736.67294027271,1770.86977816191,1768.00818330606,1774.20990180033,1774.86826568266,1767.9497653878,1769.15457897972,1776.40204429302,1776.3237294918,1778.1870696251,1769.32024495677,1773.13679890561,1767.62436028659,1769.24195223261,1774.1173594132,1769.18270676692,1768.87936622254,1759.10704225352,1770.65149308084,1722.35050007464,1753.15956770502,1763.3723150358,1762.03087100331,1749.44090177134,1729.95211360634,1739.13846153846,1746.57790735342,1738.81365853659,1729.64437791084,1731.34021632252,1751.33695652174,1740.92044310171,1727.92880613363,1746.56347884039
1749.08832054561,1754.2556378866,1749.90286347097,1759.8392732355,1748.54848775804,1733.9019138756,1746.3422459893,1743.29821428571,1745.73072675061,1729.53554913295,1741.02724550898,1744.72761904762,1741.90717299578,1735.4403240885,1738.12094763092,1740.47264770241,1729.72701600251,1737.37297128589,1736.67237405334,1734.57966857871,1744.02765887389,1736.88885191348,1750.50956632653,1747.48356643357,1738.75429116338,1734.77689768977,1750.24299065421,1770.3373253493,1761.76135233676,1758.57800941493,1753.13903394256,1768.8624497992,1764.13650523931,1739.27664005554,1752.94585448393,1765.45854004252,1751.82086479067
1665.04440919905,1665.24081667521,1662.94713054446,1684.75637119114,1686.89719271624,1690.74697329549,1706.51668748885,1690.97090997983,1698.99434441367,1705.18623290901,1709.58786553703,1711.31501116071,1698.10514304798,1695.06645194101,1696.38383783193,1693.09192297035,1697.28916074358,1696.69261919315,1696.64848773517,1696.73983606557,1700.23865683866,1700.53369226887,1679.57682574114,1704.00523123578,1704.7460166791,1715.89102485613,1716.06948602794,1718.00622715581,1718.88528461347,1713.77902522784,1715.51046368486,1717.30765395163,1719.86008174387,1712.78718506203,1716.19239904988,1720.21174438687,1716.62442244224
1616.19195727301,1629.51790174854,1633.67872957703,1636.77252519265,1638.84187082405,1635.65853288875,1632.63901738714,1629.98898305085,1635.31185878093,1641.05112107623,1636.40341085271,1636.34900068918,1637.22070844687,1638.44119839022,1638.71710426468,1637.30923571757,1638.40520961776,1636.61830663616,1635.09440761026,1643.02139364303,1642.444589309,1650.03919291624,1656.52843186373,1656.37930575874,1648.40324059921,1649.1571076164,1649.69744271006,1653.0725388601,1654.58399869643,1651.56297379971,1647.877014419,1647.46702114192,1649.77158970744,1647.5124559342,1648.88602599814,1640.06771275092,1639.3339797136
1606.90554862843,1605.90084454176,1603.74581005587,1605.57395348837,1607.05688073395,1607.70152032268,1607.75062421973,1605.12101313321,1607.42812303829,1607.87035891089,1609.74422956956,1609.81032338308,1611.17985611511,1614.47058823529,1613.25251889169,1614.28304239401,1613.97952755906,1613.07810059356,1611.70218068536,1611.10149906309,1612.73117610454,1613.09538850284,1616.68475210477,1614.34961360124,1612.8863425209,1612.9425070688,1613.90644555695,1615.10284463895,1614.93836671803,1614.13814756672,1612.8506700702,1615.35720988427,1614.88979848867,1613.825,1614.18796992481,1615.05779054917,1614.24726477024
1601.26661645641,1601.87164527421,1594.4937775225,1595.31107680432,1594.17926689576,1597.26756102105,1594.80227001195,1595.81603053435,1598.15790424571,1598.94597192848,1601.72981721249,1595.69687993681,1598.53304705004,1599.14746362564,1595.87487875849,1599.72460671975,1598.33441187667,1602.00544853084,1600.86131243879,1599.53217077571,1596.98708942472,1601.95423930269,1600.27033914919,1603.78513488021,1597.1277009928,1598.7494540401,1597.27530674847,1603.57156617222,1603.35938449079,1603.18366939509,1599.94370025238,1600.03312426499,1597.57404766755,1596.50091817996,1601.02692003167,1599.12760055478,1603.29544164933
1558.45293999599,1550.04749086714,1550.34301856336,1556.64844523668,1551.42213953488,1556.86067370939,1558.40836334534,1549.23088297423,1556.16013414379,1556.43528126707,1564.02730093071,1560.94244322631,1559.93943421302,1563.16637819126,1562.13038053649,1563.32214626062,1556.51744554874,1556.79718583212,1557.90122873346,1548.53453073615,1554.69794159885,1551.98071495767,1558.30523731588,1553.56752411576,1556.55899295925,1554.50707603742,1558.07265521797,1554.54258943782,1551.40466830467,1552.93399258344,1550.61706502185,1549.57774227902,1550.1338992333,1546.88317137809,1544.49485041687,1543.56439942113,1545.34873844617
1552.56582424843,1541.98280254777,1534.68888236445,1518.72053730717,1529.45603015075,1531.31270887043,1535.1270433037,1541.94161630646,1540.48481675393,1541.68745422204,1533.13368323557,1521.31387297039,1527.24352986962,1526.17978881067,1530.44868093579,1535.81153230112,1535.41554821392,1527.02291745911,1516.31870669746,1528.4139892905,1515.55689335803,1525.64832875675,1529.20345038791,1525.30424528302,1523.88527673294,1525.34839406738,1517.02933789954,1522.47841284837,1529.12668773341,1542.23237704918,1537.99651889014,1538.21422178021,1545.39436762912,1541.05546963605,1541.96494682946,1539.92173556262,1540.14058030241
1525.5176590446,1522.82910750507,1521.48887122417,1528.99333877107,1530.68875302147,1524.8840605842,1520.4412309974,1512.87037364973,1522.10481531619,1521.53848827107,1521.19721115538,1519.26651349799,1520.85586112736,1523.46635773865,1528.01760683761,1532.83562091503,1530.65221436546,1525.5810411121,1524.19281849484,1529.1891654979,1529.11101474415,1531.29721051575,1533.84548482605,1526.07257799672,1523.20340743819,1532.87505129257,1527.96579978625,1528.43229813665,1532.13295743907,1531.06001486436,1530.35105980318,1537.29472042771,1539.04700564972,1535.25,1538.34815337568,1536.09377093101,1535.35757211538
1481.31167574108,1477.35605641593,1475.85024752475,1476.77022450771,1476.39699749791,1477.48484848485,1476.31191962247,1476.71510993295,1478.10010474338,1478.65988112927,1481.76307265155,1480.23890298034,1479.93796484111,1478.48579545455,1478.40587755102,1480.80230769231,1477.84806674154,1476.41997038987,1477.42812823164,1479.79735009343,1479.64571903574,1480.30948215535,1481.01485673859,1480.43022820801,1479.11905248111,1481.13164055466,1483.65513126492,1484.35611991598,1483.04127172196,1483.13781986702,1477.67833433917,1483.47470667436,1483.60870417565,1481.67409072333,1485.00519169329,1476.61448328851,1472.17644852803
1484.0135371179,1468.36140637776,1464.71891891892,1472.93728668942,1472.32276489101,1471.61573729864,1471.05438490869,1477.29658605974,1474.09050956171,1473.18738049713,1471.60899839314,1477.38889585161,1475.22186751796,1478.2305252474,1475.13480779358,1478.33012321201,1473.20446304045,1476.69095133953,1475.07643138855,1477.9258118701,1475.41576704545,1475.0107894018,1475.5336916623,1480.9194704909,1477.70747547326,1477.03395277351,1476.99633338034,1477.3397181557,1477.78665556943,1478.14854970431,1478.94259471871,1478.89151599444,1474.71241919956,1473.45155341183,1474.95681341719,1476.82549361208,1477.48429206714
1420.60417474975,1430.69326642927,1424.08705025275,1420.4670612455,1428.72483023324,1430.20461853259,1427.96998420221,1417.79285250162,1426.82522246941,1427.94376547648,1428.38225155127,1431.869,1453.53764734183,1442.17972260207,1452.33165024631,1456.27208201893,1450.46383701188,1432.58137292711,1448.99976384461,1438.517063426,1452.85079251579,1448.71661773341,1454.49915754002,1456.17914351095,1445.14962049336,1457.71703655352,1459.45209580838,1467.07390249283,1465.44113897153,1464.2886470102,1461.29219246948,1461.79648454045,1469.77723201387,1453.19861331793,1462.25378558449,1462.38329580787,1458.33168615162
1363.91940097594,1356.72851631007,1357.44301407484,1356.97238372093,1352.80286142073,1357.42934309113,1363.2133072407,1355.417807062,1357.34317089911,1352.40485268631,1352.00099272005,1353.94755303157,1360.2109375,1356.07441348974,1346.56198066814,1355.2947639485,1357.43316786174,1354.59519695923,1359.20424016831,1360.65928122819,1355.30442324371,1362.71753867547,1356.28494060098,1360.19780585106,1352.27534757545,1356.58444522472,1355.62594776748,1357.50786668922,1359.09768413721,1353.27459214989,1350.78096702546,1356.99982596589,1360.13483146067,1353.81014234875,1347.75332853544,1345.04332386364,1354.21587575496
1344.50576004496,1345.16902404526,1340.45243251047,1335.01863647087,1335.83167377904,1337.38074966255,1337.65960217855,1337.48728094969,1339.80409313362,1341.2525440556,1341.75157100964,1341.14780763791,1341.51580524345,1340.61933577259,1338.4918542654,1340.49712683952,1339.66809483005,1339.3062424608,1338.35893316195,1336.99805289632,1336.21242256276,1339.81646041449,1339.90404183154,1339.03985405557,1341.33959146891,1341.25179307188,1341.30749926188,1342.60008305648,1342.07471867967,1343.81449738524,1341.21744169202,1342.98988350705,1342.25330571929,1339.99574870099,1343.63483066459,1340.99755538579,1340.34249713631
1244.34649555775,1242.74126778784,1241.43475441725,1238.33210969553,1243.86233836207,1247.05971350394,1242.29637451602,1240.16856300042,1244.15903288782,1246.09138030332,1252.63159603832,1250.18110613811,1250.62740827609,1249.00078015291,1249.28759662684,1251.52992930086,1247.88741824977,1248.278413204,1245.4856975209,1246.51332288401,1252.09080735412,1252.28342687356,1253.37919188614,1251.61055319149,1249.25602312881,1249.47378728533,1248.7572303747,1253.42308907138,1253.58627294493,1253.57897286822,1253.32703642134,1254.50079974408,1255.74844139651,1255.36959619952,1253.10094536132,1252.10867101162,1253.54381733398
1238.10504955168,1235.24721813983,1233.08945290468,1220.59173459173,1215.62016092303,1208.53379851723,1214.69240066475,1224.95190925068,1224.59750462107,1221.71980914775,1215.11495803357,1207.59600544712,1209.54886399004,1215.04150434522,1206.59733750979,1219.53993216158,1212.39499121265,1211.39863968149,1211.89027552674,1210.1412877632,1206.24709302326,1219.90455284553,1220.99452231352,1222.55631671181,1216.57682744903,1215.19520319787,1211.60591371789,1209.44772117962,1212.09600745689,1216.02567000323,1218.00922391858,1221.1305357439,1226.35447263017,1222.55646235843,1222.55938066216,1223.48110912924,1228.63725650679
1201.0562295082,1198.26234316441,1192.03918445365,1198.39061499039,1201.0626035111,1199.55716848801,1200.01273569302,1200.01919720768,1200.27612924497,1198.79120340092,1203.82366035936,1201.62042957862,1207.01728354802,1205.04990940537,1201.93796526055,1205.28760277285,1205.33523681559,1202.29068611203,1203.01134154245,1204.28182734296,1203.23885245902,1207.8243805089,1204.6754341595,1204.00716845878,1203.70210260723,1203.42180094787,1203.77963299719,1207.11328320802,1202.54371910687,1208.5480688848,1204.19938545579,1204.29007247598,1203.98650264821,1203.92952412317,1204.48328373884,1203.34816347646,1205.71537033913
1136.89484430832,1131.53476070529,1124.96273205874,1111.1602126044,1105.22403781229,1115.82557237097,1080.56374501992,1098.66898514069,1109.03863636364,1112.3135391924,1114.9849112426,1110.23070136745,1108.97674760854,1104.072,1112.33079511245,1096.45774132122,1086.11998229044,1092.49501265446,1096.98980678533,1094.55198850024,1092.07679465776,1097.67513010566,1098.81940914867,1093.76158456366,1092.22778393791,1092.6397628819,1089.06898638427,1085.69067574646,1086.04398826979,1091.92903828198,1075.33301078242,1085.37176303654,1082.01827861579,1087.16141215107,1085.20748644986,1082.27935290193,1087.92652103268
1093.14023919753,1093.24289305744,1088.82010793524,1088.34045149481,1090.79925727254,1092.61219251337,1087.51065557134,1083.25224014337,1091.48939452372,1092.03641456583,1097.35823529412,1094.6217062834,1092.90784018093,1094.27656873413,1098.02469135802,1100.1412462908,1096.258940524,1094.9988463757,1095.54785100287,1094.5075475397,1094.99592944369,1096.74403260237,1093.73600635173,1097.1276555387,1093.51139628424,1092.93303150349,1092.16931118163,1095.68596795985,1096.20693779904,1095.90456431535,1094.15712616822,1097.27811460982,1100.93378949487,1097.35859082858,1097.11047227926,1098.08834775609,1095.55113410267
1075.71349656614,1074.650373599,1075.09193330329,1073.45181154232,1076.22002398082,1076.96070606293,1070.15765895954,1073.03102104443,1075.83338354926,1074.8496371095,1072.15117739403,1070.73169998497,1073.87777955527,1074.06078793475,1070.23565965583,1070.37902469522,1075.48850746269,1071.78458727786,1073.34235474006,1075.40059162385,1073.08759689922,1073.76040037535,1077.27880038083,1073.317186251,1074.98426229508,1073.33137223724,1076.1128063626,1077.96055900621,1077.14001670844,1077.2353217473,1075.83070674249,1078.88932071646,1079.99590096737,1077.38692232055,1077.07726120034,1078.91379310345,1076.36141260327
1046.07893982808,1041.4585250244,1040.58725341426,1042.51685595818,1040.36357744653,1041.50063051702,1047.38489608123,1039.21284143313,1038.1930469664,1040.2868705036,1038.47129348193,1038.02779799156,1045.23999384236,1042.91805644644,1047.64263124605,1043.39238095238,1041.0766977851,1039.25192847125,1045.94234356452,1042.79156327543,1042.67045641786,1042.58049101994,1043.8772845953,1041.43311654069,1043.70794725588,1043.18626651443,1045.38049130357,1046.15612206922,1043.4347826087,1043.55570117955,1039.38642374376,1048.53664036077,1047.90753884519,1046.68202923474,1049.49707291112,1047.49916060436,1045.32411542425
1038.68407789233,1040.0548379787,1039.62139062139,1041.39939167057,1045.07800600046,1048.10728654448,1042.29002722098,1041.37796312555,1044.84249161074,1044.34306897326,1043.11589895988,1041.19199826049,1043.97082228117,1037.20025188917,1041.45148771022,1046.4484246871,1045.99833783503,1044.83255715495,1038.61430317848,1042.87860394537,1039.70502008032,1040.94311557789,1042.99188640974,1041.00190154236,1042.24048800662,1035.0513136289,1039.30641778523,1045.86885597768,1048.99932126697,1049.27223106664,1044.19337864503,1042.46297928603,1048.76265345682,1045.61104796545,1044.64717787272,1044.87732342007,1048.66595380667
1039.20076425632,1039.25716322167,1033.9262835249,1032.57972577415,1036.08048630348,1038.60255031495,1039.16070820565,1033.85540978982,1038.51956917476,1036.14689880305,1036.47880410531,1037.22177975188,1041.76558265583,1037.12956494125,1043.07416640698,1040.02589415763,1039.37121557888,1036.79121514232,1035.94262167626,1036.17905663258,1035.8416464891,1040.7834375,1039.85646011866,1039.85924472781,1038.02544,1034.19975986793,1036.60344292804,1042.36556680823,1042.32882315922,1042.36771084337,1041.79430426442,1041.8058573453,1042.83317872604,1040.51226848187,1042.49665998664,1041.03477294379,1040.01770186335
1027.99330655957,1025.18638883579,1039.45918225918,1040.1943440887,1028.56911111111,1041.93162158451,1036.71055495103,1032.17544684854,1040.48027781418,1038.58577235772,1023.18448353631,1024.02942421677,1023.86687238263,1023.96089868222,1020.28380355277,1024.60648769575,1021.3048343778,1024.36232227488,1023.03959543792,1023.46035917652,1021.89932258818,1025.58432408631,1028.41633815156,1027.52594995366,1024.41798577655,1025.17373271889,1023.32270168856,1027.00928016052,1023.76604504723,1030.99312208303,1019.10504420177,1025.22111650485,1023.37278106509,1024.51975249881,1024.76137963397,1022.89468645285,1026.51338962606
1021.28355387524,1013.86511272449,1019.51274623407,1025.35137475644,1024.68456112853,1025.89888278735,1024.08467459762,1019.38384600868,1020.17384196185,1023.11658391261,1018.76148235758,1017.56910720956,1021.73024669289,1017.85581874356,1019.31179447256,1020.10362694301,1022.09675655977,1024.13667687596,1021.29072872949,1021.88466390341,1021.40271945611,1022.90581872436,1026.80659052612,1025.05451651413,1024.05347490347,1023.243496557,1023.89298758218,1024.98714907078,1023.94951107563,1026.17616875713,1022.28056603774,1027.76805869074,1024.80199252802,1021.68468118196,1021.28067095768,1024.30877680699,1025.32120523024
952.7908781484,950.734247691472,974.620261031697,967.084045191513,954.061406773353,952.45406824147,936.533040935672,942.659244264507,954.492845786963,935.472405518896,952.49361283983,960.882352941176,975.069135802469,971.759372869802,965.748658318426,972.72493315508,968.788950962135,968.306150186884,971.937820293816,971.109539473684,965.462569181474,941.318337912088,937.655127367733,938.738035264484,942.226434082523,960.513209839052,967.601464754349,976.832793259883,973.733744010951,971.925902267646,973.53862285914,970.477814669484,977.953856991899,971.408209437621,973.688708036623,973.401334269663,957.413251155624
986.428440535093,982.433946972328,987.690252164095,964.081211589113,956.333082140166,953.303393757667,952.310424921437,939.675868699355,939.33401920439,943.13277838428,945.29252826027,948.913464159171,944.436293984109,942.928851459271,944.704551724138,947.394076163611,946.33621399177,948.377124279592,944.15866851595,949.184236592614,946.989183732333,947.851054481547,949.572891480586,949.673168013374,949.387665800629,951.786143755124,950.897294151877,955.821362273311,953.770743611829,955.195860099929,951.265761945151,949.607476635514,953.489994114185,948.940316323485,948.585515727871,949.530597552196,949.889790007241
857.081456011382,858.147975682318,933.793253852864,935.881247903388,948.56059602649,955.691129731292,975.777179400875,959.631824817518,950.93321460374,968.422539785645,954.796347031963,943.213683855747,934.025035971223,936.297811607992,938.424652777778,939.210820895522,940.109102053325,936.615720524017,936.934603174603,938.539209332469,939.45577356063,964.049459041731,976.226730310262,972.566579634465,965.566535313731,943.834504792332,940.485655737705,936.561027837259,941.224275246894,946.757575757576,941.376478108022,942.592792185921,942.188727042432,940.675525339926,942.219084712756,940.945490584737,957.171379310345
889.143617021277,890.051526717557,896.529987542267,882.11252239049,878.130210070023,895.817481640695,888.845623179519,875.72571700206,873.108222184704,883.607713409714,871.107782426778,892.993533410711,874.378023386193,886.152910958904,876.335472972973,888.641750841751,875.8589447504,874.493673050616,882.997681056011,869.243376030883,884.450891410049,880.781075733046,870.980414746544,878.669016697588,872.435155412647,867.461000974976,870.61550126369,879.718623124448,878.403394025102,878.42969348659,874.242174629324,877.119330076762,875.179603202228,880.941261002335,875.801633812822,869.846560846561,876.989645776567
905.403783783784,853.390400972053,820.089670547436,804.44082911545,799.699724517906,834.99875015623,804.61643104828,828.673311036789,833.54961038961,833.589401120207,835.348981132075,840.058637083994,865.912231030578,873.170057943673,853.001432851374,860.04877008389,878.310611554266,864.148840206186,871.380205441421,893.779458097038,899.357723577236,885.648521378791,899.848884699969,894.347683207361,868.012321749965,902.179637034759,875.252575137576,895.987562189055,899.462066905615,880.032633697527,873.663173652695,869.555036124097,912.941711062363,903.846030215365,920.059099437148,899.541951522685,894.233025708636
836.450812660393,837.67636202569,826.688290449193,826.169872876589,835.932377802279,841.206660973527,837.553206191266,830.870365284263,831.296856024828,817.475663968996,824.430658773145,827.705656232839,828.298282976175,825.492910647405,826.286977266349,829.682293846798,832.697630331754,832.526330650854,827.30542143744,830.002725577392,828.030970982143,827.262617370892,830.746833719188,820.732259570495,829.138804895608,823.853444123314,822.479298413077,825.042484053436,826.544253152279,826.402762498472,827.179554227369,827.196761232193,827.261842596046,826.797704081633,826.019415027736,825.091627786418,821.740763932373
791.936035819941,777.558804932027,771.415492957746,779.872813990461,836.293973275157,779.792379583034,841.773844489102,780.166119125839,780.610835214447,780.435282189929,779.585753331056,780.681600612675,784.281617086194,788.293396770473,782.378996115925,782.325105782793,856.534635337199,777.462952215129,780.442380813103,850.162315843887,849.520611874514,833.438,852.74419173392,852.247624219386,776.343188174191,852.838740009403,781.31717472119,846.555369595537,853.100309437855,783.801767505099,780.140182429189,779.743712390063,862.769305488101,862.328438717411,875.402241918665,861.884996695307,863.141721396474
769.17984496124,778.449105344235,778.719569779643,779.318923018582,788.264543524416,792.222797202797,781.516159695817,772.303734001847,775.69102508337,776.248087110065,781.86156443444,787.303974069899,794.422805532035,796.160311165345,798.34657151722,805.330816148708,802.129047178538,804.89143950263,802.128922025474,809.26913155632,807.190223508603,801.695336627548,808.614309841855,803.48003787281,802.671435093593,808.353086039711,808.540035731687,805.661781105624,807.643772592836,808.098652470471,808.949185667752,810.034477427335,806.37118183272,803.627960150253,802.161672908864,803.080268628078,803.329686479425
775.539777587682,766.758296126463,768.919718309859,778.893691456946,771.542205882353,782.71803652968,783.223009685802,782.477388724036,785.500171096156,780.281348053457,780.94623655914,782.510619370622,780.430883494069,776.828058464725,771.608689313311,779.211881868132,780.756072051133,780.525014245014,768.901406365655,772.991501416431,777.054955489614,777.355498422344,778.728503723764,777.887358184765,775.488842475541,776.714739030528,775.734314053271,772.429580449216,782.293433652531,779.183370627723,781.686221806708,783.188773767505,782.12520363044,783.129675225701,783.118792259268,783.074355266329,784.437942425673
720.31652173913,718.522220439596,716.319109214562,716.746572376966,720.688844422211,721.518907892672,720.760685079463,717.667962149375,717.92206400245,721.956583742672,725.10131147541,722.934246575343,723.350313713774,722.200087057458,722.326592517695,721.805397301349,720.543569219574,718.186652942186,719.078883913193,716.088212334114,717.676402493321,713.5913478111,715.716819012797,717.34294815077,716.869144338807,721.866302367942,724.458117890383,725.463454075032,726.603448275862,727.808740359897,723.834614099566,724.725449293967,727.656239316239,728.378151260504,726.743868312757,725.815162580421,726.072096128171
735.452808382772,720.492323869611,698.319358717435,697.947649091182,703.68994693819,714.036571340949,692.125704841532,695.028477133428,693.925947409126,694.544867790964,703.235348645587,704.166522957534,702.373850415512,697.545286103542,702.508135852353,709.801014084507,699.623505765366,709.953981502369,694.566056034483,698.929903392496,700.903136531365,703.48763098196,713.665556510529,715.115477699666,716.209482663122,716.323429900613,711.189634347205,713.789048269581,719.474135016342,728.602875,718.408816347513,699.704759414226,697.593196937367,698.817543037826,696.436039904028,679.069641037255,685.892193719593
663.086889775867,668.223978118827,667.537734256289,668.936844010134,668.258404337723,667.505412521943,669.428034682081,667.55981095176,672.549300204435,673.903111261414,668.930205949657,676.225559001143,676.51158269885,670.027330173776,662.908255583828,672.800383264133,667.771086188355,666.080693610049,671.701627486438,669.293615676359,670.305452192202,672.525179856115,669.867716279825,667.421286348661,661.388775211926,664.523786407767,665.981332921938,666.431704260652,665.406115623507,666.53516391146,667.567899386136,670.648951730863,670.579169929522,669.197609438063,669.405647058824,669.192419379489,661.781681681682
662.816321865356,658.453302373581,657.592390563207,658.041045349731,662.911120970127,658.737707345972,657.41082852239,656.588780918728,660.050191345305,655.074691805656,660.181128640777,662.386999364272,660.412490118577,660.731695942795,659.329059168855,665.369995725887,660.816287878788,658.799513973269,656.175295043273,659.046723207402,662.556422662713,660.376752600633,664.398148148148,665.065893202439,665.109216589862,663.743407547766,665.396013483805,667.058559861191,669.013807245386,666.38357824572,665.593241357929,660.371643084031,661.236106750392,663.253837266876,666.330785844825,666.180867425408,667.206636964203
648.336544502618,643.427218248598,649.194650280137,656.154828720728,652.112684365782,644.871606895185,648.207099391481,645.434548467274,651.098971472928,653.812476791682,660.172137710168,650.711234705228,654.987035069075,657.717428735412,656.238846153846,655.225110039824,658.338693666865,655.487686717804,652.238150512672,656.549019607843,654.740634005764,655.24723395695,660.920400943396,660.099709583737,653.750472947408,656.277831558567,656.504155124654,656.101176956432,657.733554679394,659.890410958904,664.630619924738,662.191273161984,663.086356141797,666.764040484223,663.66892295441,662.50841825432,667.595524956971
651.626848874598,660.150415256844,660.415051825146,665.504491316787,659.526060854141,655.035907859079,652.7808357237,645.500580334936,644.961716449306,644.935223703201,646.238260448604,642.787990607179,648.820837621724,651.727585078534,648.959390862944,646.95439122544,642.845343726677,639.821109584335,641.399346295676,641.98227973296,647.885180467091,648.544983433863,645.553247004252,644.162741089681,649.386354557801,650.365109962324,648.42752428074,652.419180201083,646.71562110511,653.309177392278,656.523702243499,657.419611650485,660.218808111219,655.965214932127,659.684617561068,658.444189534986,666.862557035106
650.273983265227,647.676092002532,652.627061917284,645.256192236599,649.669540849321,652.230152365678,646.146881287726,648.620472440945,649.140100855076,654.257136384232,653.166740872663,654.099863201094,657.491525423729,641.346253977437,645.184852002322,646.892128279883,653.08171882762,647.534097767049,651.389631714755,651.214013879561,650.698482932996,652.328068916009,654.271202683277,656.104050632911,653.045285820342,653.519549370444,654.057664233577,654.457029309488,653.334842767296,657.598958333333,655.217597208375,653.488651535381,652.490917452288,648.845832365916,641.630849947534,644.419710144928,650.782750444576
649.042829581994,647.363500678426,650.155536155973,647.922008696872,651.941075021558,646.297596504006,648.633701822528,647.597497842968,646.747693659394,648.968936678614,648.136554621849,649.701966041108,653.091918749087,647.657750759878,648.37969924812,648.37574697566,649.183614531084,647.288826318909,653.340934109137,652.582276677589,662.831634579086,664.261301660405,664.445798680815,643.007636178517,613.979334098737,609.715509289761,612.631876412962,612.161730319564,614.99852724595,614.222984340624,615.28935512936,615.173027989822,614.776821796376,613.57608558842,613.206082334034,612.636803874092,613.593765103915
552.443170320405,536.973117408907,546.351179094965,551.162971003256,548.85211902615,556.322537784421,546.004848484848,546.411683611925,544.982995534181,546.867272727273,541.929321088882,536.790458211773,534.773276136003,543.919451871658,541.315431435732,542.689384478144,538.361484669177,533.261674449633,534.248007968127,531.095511482255,534.408156090701,537.598867056116,542.347453516572,544.244425087108,541.526706500091,540.130962705984,539.771905663625,537.151062416999,541.72083408233,541.606394129979,535.204117855875,536.711558669002,542.558311800172,539.852871467639,538.201091591336,536.635407537248,539.810624779386
541.439104314582,532.837132956411,536.35105244381,537.710369068541,538.616375656891,533.7172526574,534.968857470386,537.262682418346,540.108706592854,544.971937875044,538.980755894591,543.142171976704,541.194714407502,537.121754385965,538.938663933026,541.675333926981,540.824579831933,539.898997265269,536.837593184239,536.039306771485,543.01328068916,542.840197984798,540.413685847589,540.504018998904,541.728337236534,538.840784590917,543.034559452524,540.524343728966,544.803068592058,540.584788245462,538.748790601244,537.762689518787,531.706228956229,545.492085029398,547.747699214366,549.718462246777,547.382072472982
471.61343764381,469.794963044073,461.164635915289,469.459102135697,473.562459546926,476.910081348053,484.857549452113,486.123921568627,487.292945270484,486.581844519556,490.617819843342,491.004328283669,493.529431550622,486.600922919159,488.318929321204,490.810529845741,492.487236215112,499.231750893313,496.630877868721,497.513026052104,499.559513615345,505.011112926949,520.918608521971,519.622613065327,514.879553264605,518.509528423773,524.810278011794,524.738115095913,527.707963059766,522.402113559018,522.684736842105,524.241658066735,519.011952861953,520.623358431098,522.800207039337,514.855512012268,520.37766858692
476.836874723329,487.730970960727,483.459546925566,485.741438356164,494.698547215496,493.613161049687,486.168896095122,486.659997100188,491.395123196732,489.453619302949,489.972545972546,484.760629251701,485.334297520661,486.780398248835,485.871100982766,489.683888308198,482.018025751073,478.818515382444,482.259357172673,482.653281390471,482.737167505392,491.697722263042,489.798127736675,488.160246986181,481.835456161137,479.328782871102,484.218251708428,483.406760403352,484.96023222061,483.779544477869,483.528431935669,485.524943820225,487.279298245614,483.191299252966,482.742397660819,482.165614899184,479.495769630399
448.436250968242,435.390979486483,437.885131017672,424.543191361728,419.325783710814,413.033678398896,417.58181299886,415.799602893207,413.79255075561,411.534034653465,413.204334828102,408.908055672712,410.01433796635,411.716666666667,420.822297406154,423.382717895052,421.777723970944,420.745150187735,422.962662084049,423.133778744562,421.641266474777,417.331578947368,421.958034647551,423.24119885823,420.435444492317,433.656474820144,440.600782141111,449.396052851647,451.024441076165,453.061992061992,449.3018161393,450.591498440834,438.52087188978,434.525582803512,448.926124370839,451.055221185676,453.387441650354
352.750710515631,351.488136431043,343.94609375,349.437400590775,353.64451246174,350.336120083603,355.501359927471,353.26810515873,347.687074829932,353.623630504833,354.966932174753,352.905013750793,353.461478599222,352.675626880642,352.874771062271,356.734298488397,353.563465009023,353.80249788315,353.288964490751,351.445410103205,353.435166187936,353.578753830439,354.144622240227,353.133293603496,355.519756838906,350.034754744885,351.467917829064,351.635810243493,353.894226531512,356.994654605263,357.978167808219,357.100531349628,360.625164113786,355.796943231441,358.067739012234,359.956301303718,359.768164435946
345.362866817156,344.941422594142,339.715085536547,339.41458165187,344.596431605777,343.899894254494,343.292543517797,337.186610683462,342.385936030103,343.287952458131,346.221153846154,344.298563218391,346.169042769857,343.667060910704,343.503430531732,347.144766146993,345.239707227813,345.975479143179,346.985903814262,341.468282828283,339.688211757464,342.312233718807,346.667064083458,348.060301507538,350.047740112994,346.718174085625,344.159670781893,350.814910025707,350.321864594895,352.175843182473,349.057269947178,350.478613363153,350.071199143469,345.115488133105,346.629077353215,339.563069279603,339.875354107649
350.686547895688,353.690369036904,348.021024617432,351.039298990972,351.40534351145,355.257528273607,356.169421487603,347.966885604817,346.553730764257,348.668906090259,340.456788545129,342.071632806621,342.189634864547,340.785270758123,342.385996659243,341.885563380282,333.427846590061,321.477616596475,320.300386349002,321.240605095541,326.74161644259,334.426556805578,337.744996873046,334.504328310356,339.576642335766,344.196382428941,339.800964291095,343.4664456024,340.269403563129,342.177993013655,341.1403114705,342.430752786685,345.220585881223,339.744659875123,337.635638730675,340.601651019747,341.51990521327
331.532734143601,330.418418647166,329.139086041589,329.419153553988,330.343591741332,329.998107852412,329.266945719687,330.673784977909,330.007109004739,332.430995792426,334.779661016949,338.927061931318,340.98063583815,341.399841646873,340.202533532042,343.184367881549,338.660263197701,335.71328,339.130062418348,335.470749126273,336.686046511628,336.949287838472,337.355402298851,337.288916180534,334.717757009346,335.896982627248,338.772329246935,333.285541073052,337.042260134606,345.095773310116,347.927022900763,345.109769484083,347.288445824481,344.12928891099,344.005873015873,348.058530310339,345.219248897674
313.030570478383,310.548872180451,307.61025853726,311.930408252216,314.726515565265,317.309714736427,314.736445993031,308.150421007564,312.528538483713,308.605512878446,310.786076772934,310.453964368285,312.323978919631,313.151599058563,310.508758683177,314.605728727885,314.699155382759,312.505165562914,310.5426124197,311.449584664537,313.734536803806,315.430435379756,317.442687747036,313.793954181917,312.635388739946,320.500389833151,312.546974063401,313.668678427731,315.037446286065,312.633593630378,316.668873175869,317.362803915377,315.570477427736,315.167536704731,315.116291071736,314.403602401601,312.809887869521
228.293170731707,238.686893203883,246.230430405235,253.972829688535,256.290894801841,256.221936589546,252.411498613746,259.328934506354,262.787072243346,263.22489854693,291.790886240169,254.516409124356,257.028203556101,261.273426061493,315.578483131599,260.06370523416,264.813206024744,257.025893397941,258.831754130224,259.254349749336,262.653120817618,262.322906026558,258.200691045206,265.911495673671,260.621229190136,257.366346639717,259.255954680057,260.67875453295,252.701329394387,260.305580732876,259.048684377781,261.947329468361,260.434423149192,265.444677779236,267.610814170292,267.695372074678,271.786314836373
177.91651244088,184.138137240245,165.983097055616,181.103397097625,198.021469953425,205.598981835011,204.376087184324,198.554547372863,200.008718766613,199.9102381437,203.554488141699,199.418095238095,195.497597728762,189.744421052632,205.073386844574,206.669997917968,203.806930693069,206.2086352657,199.676707426186,205.976887192536,202.416141408605,211.716078592737,193.810483152077,206.510700882442,207.308334286041,206.801192631243,207.367617336627,201.535135739024,213.15123490371,208.868534020176,208.103093822433,209.894237066143,206.017217630854,203.60486528397,196.528040786599,197.153798531883,192.086019590383
159.933539780848,158.945837373597,159.461721854305,160.743183009963,160.853375527426,163.249663707291,161.587378640777,157.784477310075,162.191178372785,166.320884250995,164.592549626192,161.970531710442,161.771054677378,164.701735357918,162.663961038961,160.887712386112,159.931437277806,160.390354279803,160.590284265314,161.918433056077,161.909399035328,163.159341406994,161.667522638194,161.47065337763,159.395339329518,158.522856764277,160.440330788804,158.433770802327,156.57057890563,157.094562334217,156.736849547511,155.325454297035,155.511120263591,154.919496166484,155.484942886812,157.234935855903,157.00501650165
144.642061611374,143.436490291982,143.206958073149,150.070097884433,153.868540344515,152.742549923195,151.853816847749,151.112246477783,155.949096385542,156.490667510282,156.224929267526,158.573365112468,151.348188976378,154.983546907135,149.906686701728,153.717859404687,151.411024374701,147.61950059453,147.971400669643,148.421108742004,147.326812977099,145.602759622367,152.297301417899,151.977247655819,151.482133139851,154.677936256383,155.750190694127,154.552635695292,157.948305905131,153.928289273777,160.124503034108,152.756735831527,159.068598596332,151.830038885288,158.996525515744,158.277106005643,156.908074298711
80.2703180212014,77.8890786926318,75.4845756457565,81.8769027927604,87.0632426216941,86.6788389513109,84.1825121443442,81.2232802906904,84.2339421797508,85.9235280319024,85.2128013300083,85.219512195122,85.7814621409922,83.5596791734638,83.5254591608183,122.554549569941,85.5727828101959,76.8562519488619,75.3799139593532,77.8844458952179,81.3170847699441,72.8531512938562,75.1226524846269,82.9832759468765,127.861263736264,127.375862068966,129.798926305515,71.9065356095879,132.715600775194,72.914070028911,132.878292461399,72.7374131208679,138.121000820345,80.5092287409361,135.807251032584,134.139567019807,130.30467571644
74.1818719678145,78.0120719065739,66.2753431140558,70.0123456790123,73.3061901602048,72.582272468174,87.610159898118,100.597987872106,102.860407569141,103.996189131969,98.3091352009744,98.9385855217452,100.074698795181,97.26000842815,100.670066692821,97.6970481615743,98.4674828857293,81.4633499522648,97.3049763691966,98.9942497261774,92.3835193889542,90.7370204899091,90.7083279866547,91.9767968307866,88.7308741208555,89.4451209992194,92.8689116924411,89.7221979938945,91.4150890081944,99.6950718685832,95.2543651968038,96.9998543123543,94.048693417107,89.7482142857143,93.1488517153388,92.0647704436544,94.6428783382789
99.8367188711428,93.064007719524,84.389819890368,85.6972955875376,86.8927119174226,84.281816748147,88.2293166906705,84.1297916335295,85.7103448275862,84.5431777524801,90.5023955063605,87.4295236546903,91.8256130790191,79.5828797624938,86.1129006019196,86.3290653008963,82.2026388662649,76.6702269692924,73.8852173913044,71.4853906762968,69.2578515058786,78.1222649072992,78.6932443703086,78.0129680661371,71.2114239742558,67.0870622568093,70.789268788084,72.1714630363605,74.4315601686669,75.1976705490849,79.4059389515594,78.8069339467631,78.9616372666552,72.9141061452514,75.9431582584658,71.4773222060958,69.4907069654334
1289.34824182603,1263.32396179848,1250.75997539786,1275.00995575221,1274.25184820108,1278.91680051397,1280.80514950166,1269.25581861958,1267.26228858351,1272.40203833283,1266.77239229025,1278.10517426685,1283.31974211535,1280.6462498001,1278.46621873834,1278.91633597884,1276.52483199476,1288.38191854394,1280.13374936752,1278.19729594392,1275.61323109843,1276.49829184968,1280.0475251076,1273.92487266553,,,,,,,,,,,,,
1231.23304012532,1229.32615989818,1092.5663003663,1233.68846578366,1234.01506133852,1235.90182696346,1233.44288988059,1244.94182280823,1217.5348468849,1233.22422614479,1185.34643226474,1240.62701829925,1248.05092838196,1243.31211666894,1241.89808746824,1244.77322477309,1242.71176470588,1251.05177111717,1250.08783127515,1245.34477711244,1239.9414908194,1243.38358752868,1243.48716243182,1243.73460549465,,,,,,,,,,,,,
2261.34428171441,2245.12039800995,2243.77346587651,2242.12420483461,2241.48488241881,2267.85897930325,2237.79504242223,2237.29864331101,2242.52434860737,2235.91579120158,2241.90882567469,2246.36323288951,2247.29168765743,2248.94537525821,2243.15053963528,2238.94817658349,2244.44518972786,2237.98702290076,2234.89073543458,2247.65277777778,2239.95661981607,,,,,,,,,,,,,,,,
496.29477686612,503.126284875184,489.352101071134,480.271038251366,475.362380146644,458.48414071511,462.987291981846,444.115409413282,448.178087211433,436.997654155496,416.643258426966,413.36560880829,410.311282616685,398.981019332162,384.320146818923,,,,,,,,,,,,,,,,,,,,,,
1360.39725256165,1354.39841688654,1358.82603699874,1363.46372297545,1427.6550701615,1401.32890906974,1368.41637864823,1419.41197546279,1354.6014573991,1360.9656122352,1363.15178911306,1357.24470304095,1408.29241718101,1402.24916207805,,,,,,,,,,,,,,,,,,,,,,,
1767.17953422724,1757.63574351978,1749.23200408998,1735.36087123393,1774.25849252658,,,,,,,,,,,,,,,,,,,,,,,,,,,,,,,,
1713.98157486424,1715.36720116618,1728.2932027068,1748.79555340744,1731.89069649212,,,,,,,,,,,,,,,,,,,,,,,,,,,,,,,,
2644.09646526206,2643.13678740639,2642.7448630137,2634.40987654321,2638.85382963493,2644.28794251665,2638.24445971483,2642.87908337396,2642.87921169739,2640.5385126162,2639.94142670157,2641.4915979224,2640.86881795861,2642.04598842018,2641.65633119695,2634.19226519337,2634.94325689856,2641.63352318959,2639.96473594549,2635.18474148802,2639.04456824513,2641.00544117647,2639.13837920489,2639.32845836201,2639.11351927518,2642.39960238569,2641.9692695962,2642.73326437121,2636.67518684604,2637.72951080051,2641.70551839465,2638.43762575453,,,,,
1743.44931163955,1733.96891517745,1709.20816149338,1741.51175742574,1719.63893324816,1719.58744289563,1723.36877934272,1727.00585585586,1730.29433962264,1724.69963285911,1724.53499327052,1725.46165711767,1728.13735951867,1724.62650740783,1728.68821855435,1728.16123009336,1738.83062078586,1744.13452914798,1753.5371120108,1731.60193223187,1741.99914420197,1708.71104972376,1712.72827938671,1723.39374133492,1748.62319797513,1733.24749807544,1725.96498237368,1734.5137415622,1732.39547211485,1740.05819500095,1728.53242677824,1731.39205842081,,,,,
1740.21244654717,1740.44590241219,,,,,,,,,,,,,,,,,,,,,,,,,,,,,,,,,,,
1760.06540789593,1754.84093306764,1763.49932401983,1770.35494557501,1768.42313764892,1753.67280945758,1758.61056020605,1769.31317157712,1761.54223852343,1749.46975916804,1751.60235533585,1756.60510162324,1758.58831302305,1757.33619834711,1758.79224051058,1756.85814472426,1756.64698372167,1754.30424481737,1758.19150285352,1764.89796846574,1763.05776235906,1760.07996438112,1750.57431781701,1748.6187664042,1748.77142857143,1750.69922922252,1750.3464344942,1752.83773279352,1748.84480707122,1751.58491484185,,,,,,,
1731.95482830145,1734.25286281842,1729.50826496878,1733.79133643072,1732.97409326425,1726.34191367655,1741.56534772182,1724.42634363687,1733.04856418919,1734.19579773724,1736.86320551486,1731.38607474862,1736.95284274577,1737.67800275211,1739.92707889126,1741.48320968372,1731.66742502585,1735.15633690902,1732.56782985753,1740.40840190559,1737.36581045173,1726.53612334802,1729.93704806465,1725.67375732581,1731.98807112312,1723.27898832685,1727.06299749829,1729.43766514533,1729.45994950654,1727.36251067464,,,,,,,
2666.49212962963,2668.00538979788,2670.80964467005,2670.02132752992,2670.0696807271,2670.70094176437,2670.79658500371,2671.5884086444,2670.58962037482,2671.11769458659,2671.67615658363,2670.89421894219,2668.66551126516,2672.14662447257,2670.65591082429,2672.34093416697,2673.05836575875,2673.41036414566,,,,,,,,,,,,,,,,,,,
2556.3030880671,2556.57815591611,2550.69011170873,2553.67675635277,2557.62372762373,2551.63349980791,2548.91928599146,2553.45665561345,2558.47608453838,2555.57953723789,2557.07998454405,2550.78457163171,2544.77486535009,2549.17209461776,2548.69739192569,2551.98556779339,2546.79234012649,2542.63273381295,2544.23788546255,2541.71446268194,2548.59319680666,2544.5825815406,2536.07222824124,2539.58831211231,2540.84675236807,,,,,,,,,,,,
1477.3564443147,1462.74032921811,1474.30456598093,1464.49477351916,1462.75329695316,1466.94203204047,1480.86744449846,1466.7044165316,1467.70102632753,1467.8488859475,1489.13629807692,1467.5198944823,1469.05273395289,1469.49766592247,1466.80625524769,1479.73629749394,1469.78062622309,1467.32507349853,1470.01536926148,1488.09597688851,1478.90532339171,1467.06530343008,1468.37981433932,,,,,,,,,,,,,,
1367.40716871193,1367.35901257569,1364.49167050161,1363.62379537062,1363.77009924429,1370.50017755682,1356.77795612627,1364.73791257806,1366.87571201793,1358.50390249118,1359.71038921238,1360.73480376929,1360.5085356802,1367.46087672737,1367.75973843998,1369.88905203267,1360.92629613357,,,,,,,,,,,,,,,,,,,,
69.8462230215827,66.7151347068146,68.9626676332004,71.9026146267526,68.5602787456446,72.347396427214,72.2847328244275,71.5413964135826,72.1158833063209,71.3704545454545,68.062611170402,72.2676524953789,68.6826260428002,68.9854238588416,68.360344209394,71.5527996993611,72.8542797494781,63.0572163291546,66.4590437980608,67.3524015110631,70.1301179736294,,,,,,,,,,,,,,,,
1306.09571242962,1309.02042139384,1282.12771568504,1310.72104818259,1310.02396755162,1309.92580899763,1309.50895036615,1310.69234097793,1313.31644981413,1314.05520361991,1312.39661835749,,,,,,,,,,,,,,,,,,,,,,,,,,
1273.55291383625,1273.42600732601,1276.61642411642,1288.0701889703,1288.10356422327,1290.35971086171,1283.50416740557,1278.81598062954,1289.38362357669,1284.32762790698,1276.44501143762,1279.26954131593,1278.36020104244,,,,,,,,,,,,,,,,,,,,,,,,
1240.27857049352,1242.60002589667,1239.90782745509,1241.35404643672,1239.4354333923,1239.97555496829,1236.91206896552,1237.61792065663,1235.15220799582,1234.9220011534,1232.11219045013,1228.61722151988,1230.75330641793,,,,,,,,,,,,,,,,,,,,,,,,
30.9701754385965,36.8565384615385,41.911703456893,43.9346124715981,39.5033530571992,39.3825115562404,41.2957184325109,38.6460775473399,38.1195700850873,36.0825112107623,36.1501766784452,,,,,,,,,,,,,,,,,,,,,,,,,,
1402.4265191225,1394.40811496196,1396.35678554139,1395.16161285035,1394.59951768489,1393.37184973847,,,,,,,,,,,,,,,,,,,,,,,,,,,,,,,
1332.92645850452,1329.32907801418,1326.29713423831,1329.91211453744,1330.81313012896,1329.96614100186,,,,,,,,,,,,,,,,,,,,,,,,,,,,,,,
