Var1_1,Var1_2,Var1_3,Var1_4,Var1_5,Var1_6,Var1_7,Var1_8,Var1_9,Var1_10,Var1_11,Var1_12,Var1_13,Var1_14,Var1_15,Var1_16,Var1_17,Var1_18,Var1_19,Var1_20,Var1_21,Var1_22,Var1_23,Var1_24,Var1_25,Var1_26,Var1_27,Var1_28,Var1_29,Var1_30,Var1_31,Var1_32,Var1_33,Var1_34,Var1_35,Var1_36,Var1_37
753.279315707621,753.423137378183,751.559924550203,756.61985317587,760.289661743687,756.407550077042,754.901743745262,754.858972306707,751.958306709265,751.572751530372,753.369022701658,754.539775423059,753.282839665164,752.822078127471,749.874385408406,752.935804846734,755.061027667984,754.538486416559,751.841140529532,754.173385138417,755.752397984068,750.449126245305,751.019064689588,751.703438161968,749.609673244905,750.01588894464,748.040881561238,751.980123372173,753.674852817494,750.018144525087,751.54780876494,745.546640073642,746.802740129641,747.462942736776,746.229980395114,747.312649880096,747.285807397751
1212.98209850993,1217.46827641948,1215.07217096812,1221.5003503036,1220.16966721222,1222.80117156697,1228.30270539833,1222.03330032186,1229.94993844891,1226.77573680603,1222.05019086668,1224.68676841013,1223.94171001734,1223.7226519337,1219.44977417848,1215.47109540636,1215.41496899911,1217.56068826539,1219.48139146286,1221.88943140652,1217.14030534351,1214.36679159198,1219.03448275862,1216.3213622291,1213.55091422625,1212.17280632411,1213.04775193798,1215.27020367937,1212.48484848485,1212.96638914585,1213.52161429255,1211.94152410575,1214.85183405414,1218.12919489523,1215.37029388403,1213.10249483553,1218.23045800291
1468.36339084771,1465.28763127188,1461.85086181712,1457.89676934636,1460.60122358176,1452.18071418245,1450.39329083182,1445.55675829654,1450.59154059895,1449.07138508371,1445.53191489362,1445.47789927614,1448.50357607282,1444.9521509434,1446.97405063291,1448.84599156118,1445.96754788665,1448.01927749878,1446.74242188714,1445.98478497128,1445.5399068323,1446.84167987322,1451.54014360313,1447.54208347706,1446.3875116207,1447.22070799402,1450.228840626,1459.80693069307,1452.22249093108,1446.3508051784,1443.85113780025,1441.941461837,1441.19801663468,1444.8622125958,1440.35272669626,1439.40628019324,1441.76961203213
877.619348837209,873.818732261116,875.583681214421,872.956686211462,881.90854832499,880.398788108313,876.542751615882,879.652686239265,883.41917219836,887.596176821983,885.147508437562,881.451637914324,883.015665796345,882.380371776934,880.229013539652,881.001590141125,883.623423423423,881.880116959064,869.14427957829,873.631058549826,876.013521574866,878.458413554101,880.222222222222,875.448854961832,873.360178970917,874.932357970739,875.623188405797,880.647708138447,879.938469583406,878.71586511885,878.087119789711,882.256859756098,879.747685641127,879.720352250489,877.086657759114,880.029162561576,885.432725085222
428.61454593804,430.637487774207,433.246000156091,434.703309419116,422.034365588076,421.850394957313,407.808291032149,407,405.772681196148,389.699818589265,399.602730375427,403.609796827164,389.3257346586,394.454368603569,403.697723970944,406.658067000385,400.932478310072,381.309871163319,393.604669110554,397.027983372199,403.491137223661,403.967674223342,399.563597166615,399.422655179166,383.482790482791,377.013887549426,392.788425329502,389.355594782779,387.366969634373,391.112654938025,391.067838451664,376.174224343675,393.152392947103,391.981420870235,399.339780347944,379.378068583437,381.243594836147
995.80879541109,985.651023089919,977.630346735158,994.025413569887,993.941668630686,991.365202509983,992.31977750309,993.246683399068,987.941090004523,993.502294162631,986.219253748168,985.376280187129,989.256647534263,986.38088376561,973.10677808728,989.291414596473,986.235679779158,970.02013588635,971.307208872458,967.759359494813,983.311194968553,956.424812030075,969.434471803018,980.268581506677,973.251250480954,972.290727790728,971.286687306502,961.262484774665,965.285350147572,956.672767203514,959.657867890844,964.334243724802,966.986181646392,968.5647597254,965.096083231334,957.924792139078,952.366459627329
1317.65597751262,1307.24952723147,1324.62010809403,1326.89359526765,1311.32256251756,1293.80473800442,1330.42821140553,1320.50775391336,1323.95253584705,1324.37749389981,1323.74800699981,1309.90768306522,1322.77314487632,1314.89708899718,1299.82564800902,1326.23123732252,1296.06648258284,1324.92234894443,1301.21307211246,1313.84214958279,1293.71225759992,1292.12883524793,1283.64373876083,1290.2177466745,1288.72549415087,1292.22814685315,1291.65892347909,1284.81920726931,1282.70563806918,1287.47369992535,1280.57576707961,1291.58556096591,1284.22723727822,1295.67383228491,1284.60688956434,1273.63730281718,1277.46041706524
1546.52660609994,1542.43551146083,1540.92515432099,1544.81856268128,1546.12492093612,1544.00926678589,1541.5214050494,1538.73201234367,1537.571498451,1540.21913380737,1539.26892561983,1537.97252659997,1535.3686180566,1535.22953765725,1533.62271742495,1535.47705559906,1535.50467872739,1531.67117393977,1532.72375338538,1531.646141607,1532.94182164998,1531.62421482412,1530.18639603347,1531.40100594422,1531.21953112871,1532.14377880184,1531.19975243695,1532.47876892693,1534.71629032258,1533.30150351887,1531.48925081433,1532.99934597776,1532.78287703751,1527.44807574832,1530.05132423096,1530.10479089889,1532.22397679665
413.447496677005,411.918712871287,395.39715380405,390.631921067905,385.472293663783,400.840075703809,402.257485856216,402.618638191652,400.124006137537,402.052041522491,403.495628036086,401.742153413089,398.969105462716,400.773240039983,399.627854205077,397.233241238912,393.243902439024,387.99464205983,390.16924842226,394.17735413056,389.580346294046,388.622467771639,389.704673466281,390.781010276451,387.45,392.604889474455,389.080366531471,390.863223265677,387.397649509075,389.163515353199,386.584928052218,387.425654212676,386.992634901548,384.765069097324,383.033518713362,377.68015705225,380.135944014294
1428.40859977949,1427.83859562062,1425.54734439578,1425.55422364793,1434.74252183888,1434.2760378134,1427.20543449724,1418.40144329897,1422.57258390619,1426.01099838008,1428.11963128039,1430.85967540574,1430.49023709902,1430.55970082004,1426.83694786226,1430.79718519899,1424.21474033761,1425.65608170845,1427.27311306456,1421.53690442089,1418.28594786958,1420.43767648245,1421.38841906278,1418.66100178891,1418.93745462089,1423.47047359189,1419.17216358839,1421.352015051,1419.41931718704,1421.26768310335,1416.59128978224,1421.59897346504,1418.62725896012,1424.34815858322,1419.08182074673,1422.37308661112,1422.54312749004
1314.18493735763,1311.38141166155,1310.23476161738,1315.62436313108,1314.26467365785,1311.44712764362,1313.86848268212,1304.27129200463,1300.09895582329,1300.32259054635,1301.27535652406,1295.09088079676,1299.14005380598,1294.36062602965,1302.62452770781,1297.45094609636,1300.9567816092,1299.02233625113,1296.44164898454,1299.16876535627,1301.06942485504,1299.72537742631,1304.64155916216,1300.80729725586,1298.15375626043,1298.93360733481,1295.30430156559,1297.61590524535,1300.10966833542,1295.88215118672,1296.29403711591,1299.38966391883,1295.93386120168,1294.47634700586,1302.73220678791,1292.89944047249,1298.46242863756
1146.48473323916,1145.11857077833,1140.07114183764,1141.55457122608,1144.71907278405,1146.42304199773,1150.15601980437,1144.86762052075,1148.44219580066,1141.72800213961,1144.01167992048,1143.02131967604,1143.25136802887,1147.41956495023,1142.18261376896,1147.1986872002,1138.86809075549,1138.01004402862,1138.24044126865,1138.78861087144,1135.83909287257,1146.26105432411,1165.13233475333,1168.12569339385,1161.33713173986,1164.14063226406,1166.02482867094,1165.73031203566,1166.38016,1164.63762600288,1164.1514223627,1164.30638212604,1164.49731754226,1163.63031404625,1163.2674728428,1162.14711771525,1162.7720978657
951.882320893489,959.60904938624,943.253123302553,942.361351139042,982.196119559518,944.585163363685,940.27626459144,945.558672781225,947.147942157953,944.950460829493,941.357142857143,937.320232128726,940.19168717528,937.94058856191,934.197100641204,938.506301957629,922.980259550356,936.551341099973,937.759824261655,933.053985302431,936.468350837354,931.841704288939,935.573604060914,935.564773886433,925.539954136532,931.496883852691,953.580568053993,955.447441990495,957.829832572298,975.849329476729,960.91649694501,962.004945249029,981.79766212079,976.968833960236,974.382950530035,974.069721115538,973.359486447932
951.714103991096,962.579791066282,989.276931161324,984.34028436019,985.526367668802,993.009030544489,989.303772660461,991.205575894114,996.976310886345,993.930712125378,988.529628654201,986.21875,987.282352941176,983.351288056206,979.289342759885,984.177327093084,966.386201991465,983.332982640715,968.987395855586,978.550555986553,981.211411245866,977.589066666667,981.063029661017,983.123504688005,961.522702950619,979.64707439767,965.990955506929,956.983987956754,929.108300395257,929.029691211401,928.131940176193,937.895416276894,937.596369922213,933.058241447554,925.320534698521,931.304232021308,933.956168359942
1757.3092211694,1756.98808500184,1753.59246114307,1757.90063315674,1762.44520836256,1757.04872630332,1755.39979277679,1753.08652775569,1752.83286586372,1753.44316109422,1750.43919334975,1750.22322659721,1749.78062810945,1750.81816722837,1750.6528546576,1753.65274900398,1749.72029308697,1751.04998466728,1749.3914920838,1747.75086342229,1745.968125,1746.21865659902,1745.4640340816,1746.34590377113,1745.00926527958,1746.44589905363,1744.26718027735,1743.92788987956,1746.34583987441,1745.93181121667,1742.9247110278,1744.31113607189,1743.98477325389,1744.87505900865,1741.55442176871,1742.42561790766,1746.27293508077
296.110042918455,295.64156470791,294.06648154198,296.118097892353,292.128999492128,288.844129891757,290.072143948396,286.102420856611,288.261912983425,283.949727334697,286.699133816511,291.903867403315,289.048244058177,263.651540734487,282.387583604871,286.949771689498,282.252504317789,263.726223637087,261.625791003934,267.124345662061,258.504728132388,259.820825759543,265.997264667044,264.237543562212,256.339478923223,286.120551022821,277.606961693196,277.840768663908,275.28967013335,272.811860150666,270.327085810197,269.956949820058,284.950698757764,283.447357965832,283.612099644128,282.458598726115,278.92987804878
1297.35095367847,1298.46965787998,1293.55976303868,1293.084183307,1294.87263142898,1296.66143159166,1289.88786482335,1298.0124193352,1284.95336848272,1285.82158430233,1285.18238503507,1289.39207750797,1296.19211152669,1274.85960310219,1278.54525198939,1281.79912612187,1277.94212826267,1275.4850245865,1273.80304320068,1277.19592259848,1267.83999054597,1260.91629955947,1254.81212827988,1255.44469026549,1255.65282215122,1252.0169510938,1259.64362625912,1259.50194259932,1261.64260540399,1260.44079193127,1260.02137546468,1260.17939724604,1256.39928265648,1254.72201882845,1256.08352608584,1254.75506863115,1255.77030489367
454.970631786772,462.463492063492,453.109319756753,493.101594008066,492.774704696053,515.450409165303,511.631342062193,504.735793357934,481.071487717361,514.942224953903,510.530494037479,511.163265306122,511.531369548585,511.525936599424,506.513337893297,503.933128625043,519.30356524749,508.38630806846,503.90037593985,504.776377385668,498.336776212833,508.769482884195,443.761904761905,498.746980292435,496.348107739516,503.683572216097,498.037359098229,505.091149273448,500.104013377926,496.994493035309,496.356422764228,519.365934797073,501.628318584071,495.197299077734,499.572339711313,515.704636728733,497.882705764745
527.608354646206,530.783666237113,523.483784211359,535.662473794549,537.253720595295,541.337021531101,542.345301757066,532.481071428571,531.043516677712,528.96098265896,532.857784431138,538.367238095238,534.36611489776,534.029292614522,530.486596009975,534.677399187246,528.988390335739,523.042134831461,527.833388212051,525.967495219885,533.436285808364,526.425291181364,517.149075255102,535.748601398601,527.667514303878,532.751155115512,536.036690896504,513.895922440833,530.903878024528,532.854741089442,532.666775456919,510.661646586345,526.343528745398,531.393613328705,535.471742808799,516.865343727853,534.768702814001
523.799277469381,516.270545019648,506.743430733656,492.292797783934,497.696573090541,492.887273359208,440.07504908085,481.701216158406,422.517890120037,428.581046676096,429.789286690353,426.375093005952,453.943949682734,449.140306266599,432.976013550432,453.224993072873,448.001025150355,442.197356356968,428.732475986346,434.25368852459,427.283046683047,425.73702363927,380.502169197397,402.702426080364,391.713607702217,440.270968531897,433.057135728543,429.837687829972,433.874596072583,436.174745740325,433.600875393243,434.116429818,430.520708446866,428.431257194015,433.553972024281,433.036039147956,436.096633663366
944.781966698084,943.062614487927,942.061994197587,951.59528749259,954.682468978683,947.612458320703,946.746849577285,942.679152542373,948.91369945685,949.523916292975,945.267596899225,947.740454858718,945.338480169543,943.420181845282,941.206252845652,942.513095420432,939.525739827374,936.194508009153,940.833093110406,951.930776283619,955.707663334782,957.524023806068,967.230586172345,964.026732278228,955.172271476613,952.520043169904,949.695283958818,948.407944732297,949.945576014339,951.708870860487,943.116079001575,945.262311685023,951.141463987781,948.171327849589,948.652506963788,943.924653661295,942.328013126492
1120.25935162095,1118.73381294964,1115.97579143389,1117.09519379845,1117.00917431193,1116.19453924915,1115.81616729089,1112.8005003127,1114.03640929065,1112.8353960396,1113.96007485964,1113.44651741294,1114.78323428214,1110.76688453159,1110.9266372796,1111.6062967581,1111.38897637795,1111.03748828491,1108.24704049844,1110.03341661462,1107.9564405725,1108.2239418825,1108.62737761147,1107.56105100464,1106.19479715082,1106.61420043984,1107.46714643304,1107.5839324789,1109.03020030817,1108.47346938776,1107.56668793874,1106.62058179543,1106.74023929471,1107.548125,1105.67136591479,1104.41730523627,1106.11691153485
213.959706270006,215.128743679502,216.096879188206,223.580277884986,221.766895761741,218.156325694056,216.772600557547,215.727480916031,212.381752484192,214.114401076716,212.203160700685,213.939573459716,215.489917849141,211.593590247739,215.447914645975,216.353078267625,211.66939474686,210.349289745087,211.153379040157,211.307476448186,209.670780330359,209.130150554675,211.796118408155,204.747028862479,209.751995328012,208.192177883661,210.078412576687,206.095357349258,205.483296213808,209.623078458774,207.206561832654,204.187181497452,210.301487064575,202.642930014283,207.812153602534,201.387358827026,203.861358048042
1383.02488460767,1386.13093635839,1376.10754640839,1383.75341651812,1384.01860465116,1375.66334462826,1379.58163265306,1376.02872834812,1373.26723957242,1375.91571090479,1373.98697001034,1378.17208300705,1373.78583633947,1369.07723929035,1366.93262632564,1370.12637248809,1373.20321421019,1367.32387190684,1358.99740075614,1362.92967366557,1359.27740545716,1364.33066792098,1366.727700491,1360.94809370694,1364.97397055686,1359.96737826817,1367.107001321,1368.22891822828,1362.05651105651,1365.30729295426,1364.45618093035,1365.40654952077,1365.05941949617,1367.34386042403,1367.67974497303,1365.7674867342,1367.27979015738
2132.5296498183,2127.5550955414,2124.26012918379,2112.0493231189,2118.68554310012,2122.56535854101,2116.39594685021,2118.6349482741,2115.55172774869,2116.43413204981,2115.11412987548,2111.75978987584,2118.99435687877,2112.76750648388,2112.6943753111,2116.47068873465,2117.82686351435,2108.81066945607,2117.27956727847,2113.78290941544,2110.46559936491,2106.94186156614,2110.15485912617,2109.59286556604,2106.80566003941,2106.91042137315,2106.31312785388,2106.33037316958,2107.68993584219,2113.23801229508,2112.58155011774,2110.56767777225,2114.70689304595,2114.79863903495,2113.18471839307,2111.6785311314,2114.08908868002
91.2020602218701,87.5552738336714,84.0515368309486,74.5802066340402,73.3994028152993,79.0732059141724,84.4744160177976,84.795289534266,85.6176754979694,76.9435273675065,84.5162984425933,86.8853149530921,84.2635069241272,78.410750695088,79.8613675213675,76.0524509803922,79.0474506885002,73.4682046731736,71.592556156747,72.1967040673212,69.8355594102342,72.8093517961068,72.7350111028867,70.1812807881773,73.4512777893206,74.1961427985228,72.6936230851443,74.0223602484472,74.168061113132,73.615198810851,77.6828160484481,77.0701715304077,77.7559322033898,76.3634529147982,79.5052928722654,75.1397633400313,79.1722756410256
176.562976406534,172.58780420354,164.942079207921,161.459550984573,165.84973589102,159.832224685883,159.440554117826,161.132855138001,158.732156217268,158.278306092125,158.976091315749,159.884590995561,148.992731575389,145.991978609626,142.128326530612,145.042307692308,140.188512754693,140.39628228327,135.182350913478,130.571088839817,131.420947630923,127.015745276417,123.316413158826,125.62252151141,123.679395548295,120.431298397263,119.050715990453,116.093183120107,110.001974723539,107.137013902881,106.202977268155,100.014233506444,93.8729660850814,92.4172456068655,98.4321086261981,99.0499423741836,100.681980123758
845.293449781659,840.490869446716,824.196972972973,848.932060580205,832.35820025644,843.389838909541,835.801424844471,853.84329065908,849.248841905214,843.751195028681,837.798473486877,839.869657851861,846.416467145517,837.655798020807,840.132569773565,832.794646650616,831.553277545328,835.447648988518,835.908336733306,829.231382978723,825.135085227273,832.618273695712,839.20385422129,826.8444567016,829.10902307586,828.553304457175,830.231138062333,833.330414557395,833.414898044112,830.627147282456,829.281716417911,829.764673157163,830.260349332967,828.422613136615,827.165059399022,826.572444831591,829.939320040166
1540.80429890587,1591.712690191,1587.71929824561,1537.05352547607,1529.64009447889,1530.63402513885,1535.69598034053,1539.29967511371,1516.72900444939,1485.88409617382,1504.01644834039,1582.06461538462,1643.64625932163,1658.88767337371,1650.00517241379,1655.22205948626,1648.28794567063,1647.06170458928,1644.57480221986,1645.75561844515,1643.70313431057,1644.51908396947,1646.05296967144,1642.98474446987,1647.60920303605,1646.59617058312,1637.64815197192,1638.97793955438,1644.46419464513,1648.02052907137,1648.52375089771,1650.52033036849,1662.31590099201,1651.73855265059,1653.03270745003,1651.87423608877,1650.73942388815
452.527679623086,448.18291827429,453.840885684861,451.021317829457,455.236566295126,450.293953650462,450.426970289984,446.162358506504,450.704873026767,444.510051993068,445.966578424884,444.692667446133,443.748611111111,445.470857771261,447.952348651857,446.063690987124,444.544401544402,442.631824464409,442.259750768733,443.16905094208,441.101300954033,438.164435946463,444.923480083857,442.639960106383,441.736859952526,439.458742977528,442.579443976411,442.622398917273,440.188577398572,443.209174608302,442.212198872373,439.425339366516,437.779561262707,440.372241992883,441.897265203311,440.024680397727,439.704055220017
1275.85487496488,1275.64981140971,1275.67893749098,1291.43253125737,1306.37496443812,1300.41272972692,1302.69831873076,1296.84553420011,1300.59291116714,1301.81310498883,1301.02764976959,1299.60127298444,1288.65468164794,1297.07331832254,1301.27843601896,1299.57337070778,1293.73807483576,1297.58157418577,1286.68332262211,1290.02644815836,1289.8374633192,1300.71030266885,1301.18428490673,1301.66629245018,1297.24271553019,1297.14054631467,1299.61972246826,1296.73283499446,1289.87351837959,1284.74941894248,1281.74532811821,1288.2782035561,1291.50979767405,1288.6786332861,1286.44041377356,1279.42933537051,1282.10342006218
1157.1217035679,1115.26131953428,1116.49262441238,1123.17598790758,1135.81290409483,1120.89505874779,1114.23530447026,1118.91052114061,1114.4949692146,1130.29103474755,1137.04416301348,1133.61221227621,1140.25933992294,1136.93337494149,1129.15811665495,1135.56842105263,1134.18265337901,1134.28912697264,1125.25524424234,1134.42742946708,1129.01934452438,1126.20303730604,1131.4353018158,1130.2250212766,1131.41358817861,1136.57517324495,1138.23821057131,1136.31854074542,1131.12466081405,1126.27761627907,1124.58440380837,1125.11244401791,1130.31811097257,1120.61995249406,1123.09902259253,1124.7030320204,1126.43865573243
1433.01057102407,1433.23199664077,1432.44083474337,1442.43443443443,1451.10702899651,1447.77714784126,1447.66309110137,1442.66080843585,1445.79205175601,1443.43550510036,1447.38009592326,1450.29565743683,1451.0404606287,1449.57252022775,1444.0839467502,1442.92599444958,1446.4575278266,1442.85384870604,1441.40599675851,1448.38037839487,1448.20219638243,1441.43284552846,1441.88319639117,1438.97578461048,1442.06514172054,1444.05579613591,1441.73436742608,1441.89181517111,1443.51794314121,1441.19422021311,1438.58301526718,1439.56145297728,1439.26869158879,1436.0208194537,1437.10640751112,1434.10831846927,1434.05369127517
149.022950819672,149.51947205475,145.12758840395,140.771941063421,146.011924478304,146.58685369434,139.671683757856,139.965968586387,133.351796900758,138.401896664487,133.272221338846,130.044925397606,129.309310288603,128.692966562346,131.270140612076,130.519909721103,125.336412495801,128.362446138548,128.667692806222,125.583473295264,128.796557377049,128.886911691335,127.649806103524,126.140296979007,124.756433978133,125.881008801625,126.819639609853,124.704761904762,126.090335776376,125.382711921083,125.484465687948,126.848137535817,124.182983085597,126.024699489544,123.912305268685,122.330229349888,123.417411844103
1029.67981112813,1022.42720403023,995.588390135772,997.788914198937,993.050101282917,992.489134652697,991.717446005452,993.612709453051,994.396074380165,991.817467568061,990.240828402367,986.6785766799,989.084032376748,993.967851851852,986.89357180804,993.329573751282,993.858913813459,988.640464493077,989.96668188042,985.236703402012,990.703141599636,990.243652420754,991.369440914867,989.638795497734,989.045144939015,982.320869433045,983.713464447806,988.645364064956,987.363782991202,995.439309056956,989.048659109759,986.171337353672,986.059272404614,981.799014778325,983.282859078591,983.432621747832,975.960823253295
1420.61786265432,1424.50841229936,1423.4697181691,1423.17754728493,1424.37136373014,1424.53475935829,1419.50395778364,1419.92988351254,1425.34149633629,1423.55322128852,1424.42921568627,1426.70130827345,1426.21918582737,1422.53463910047,1418.1404788627,1420.01266073195,1419.79078217632,1416.25783503172,1413.66093600764,1417.07449519702,1419.1868579182,1421.58490199884,1422.77768955935,1421.51194992413,1420.37962076231,1418.09036030938,1420.60705618816,1418.19146882841,1416.99362041467,1418.85299347955,1414.08235981308,1415.29356542147,1417.59810827128,1411.52076362921,1411.15954825462,1410.73857919098,1410.85694389176
1156.87399223649,1158.23988169365,1162.90356016224,1157.78018043821,1160.45278776978,1159.55855717575,1161.99956647399,1155.62790335152,1158.23154564628,1159.69580309246,1159.10769230769,1159.00931910416,1156.98912174052,1151.96829793783,1149.35962396431,1151.33901219131,1157.90074626866,1151.93007806012,1147.16406727829,1148.12174996108,1149.21643410853,1149.12230215827,1149.51237702317,1149.303117506,1152.03442622951,1149.81221179838,1148.02337282909,1150.91894409938,1152.21804511278,1149.38280883044,1148.33939886271,1152.40182494086,1154.75225446795,1150.38987217306,1148.27962806424,1147.80736074271,1150.60537826017
1056.28395415473,1049.83228774571,1061.83105715731,1072.06057328286,1071.8768632534,1065.98518284994,1063.09741392987,1065.75133025896,1070.14507772021,1063.98992805755,1067.79348193178,1069.03871343327,1063.6447044335,1063.23107761385,1043.91018342821,1065.64484848485,1063.82610287388,1060.72089761571,1059.76394777005,1058.95533498759,1063.13313560718,1063.5368264953,1060.30043516101,1060.52153278256,1057.29811119031,1059.63350187571,1060.92720100412,1065.47990323781,1063.39111933395,1060.66392061412,1072.57390537761,1054.5321307779,1056.78265873777,1058.53516766982,1059.55419549406,1053.89404961761,1059.20199244246
1381.55624284078,1383.43938363925,1382.22776622777,1379.80603649977,1379.38702977152,1378.21233795262,1377.41623360554,1377.44095697981,1377.91170302013,1373.74163109414,1376.05285502017,1376.97803870407,1377.48629531388,1372.20486985726,1372.19663648124,1373.69615882607,1367.42281321421,1364.22099915326,1365.36776691117,1366.71081725558,1366.0062248996,1360.99296482412,1365.56592292089,1367.0054933446,1359.34677419355,1363.57738095238,1365.28145973154,1363.3268941833,1364.07330316742,1364.38571753468,1363.05590879193,1364.40502423975,1367.8203747577,1361.94589679473,1364.29120755566,1362.75224141701,1359.40205303678
408.705614344503,401.697505345688,404.613026819923,404.807733785241,407.074638350262,404.715778153326,404.31290432414,408.590351248413,402.844205097087,399.276698274522,402.758738658337,399.895542962169,400.795091839807,398.465385836774,396.575880336553,398.769541997087,401.609158679446,400.680826470163,399.546571295288,398.465883071287,396.234866828087,392.2040625,391.940672379697,394.054111492562,389.69072,391.843313822602,393.349720843672,393.012414243711,390.30459408433,391.359678714859,385.47233289066,392.564950401512,389.983766233766,393.142630995726,390.436706746827,386.861860908225,391.257919254658
965.26716389367,959.158478302428,975.86334026334,982.956646318675,969.031777777778,983.117533983249,943.824374319913,974.794763248667,980.875507797143,978.725880758808,964.116147947677,963.291278577477,964.176768789949,964.229423201555,963.566144200627,963.160402684564,963.790510295434,962.067535545024,958.950720895201,959.005913272011,956.843260920346,958.928665785997,958.5,957.194161260426,958.892865336086,955.877419354839,959.240150093809,957.582894406822,956.958101235166,956.99484156227,962.412116484659,960.592961165049,956.407573964497,957.776534983341,958.828953542938,953.479655337482,959.256212303981
899.431001890359,887.607183798242,898.563731170336,900.320632171466,902.092476489028,896.336678659345,890.088640074644,893.972825061332,893.47029972752,895.387686196624,893.487482751823,892.197235711618,891.645155523775,892.099897013388,889.857726741923,891.568837897853,890.199344023324,892.539816232772,887.269172071728,885.789151198414,889.125774845031,887.925027974636,888.980340760157,890.786908077994,890.666409266409,885.817329762816,885.227720964207,888.727164887307,886.746358012373,888.617825921703,885.735094339623,887.987020316027,886.491905354919,885.922433903577,885.309732787205,884.994241461477,887.066325563767
1074.06684819605,1073.8045898968,1071.84804226227,1084.58032515845,1097.38890956457,1094.78182414698,1076.37192982456,1093.75303643725,1092.72114467409,1083.26304739052,1093.50966262692,1090.78660826033,1071.32592592593,1061.66291751875,1081.83542039356,1063.67446524064,1054.91899441341,1057.2962962963,1055.00409976085,1058.14572368421,1052.23099330032,1050.43990384615,1061.59405617244,1076.73866498741,1083.70412613217,1080.73823261464,1076.76502898993,1065.7634478289,1057.11225188227,1053.79463430214,1055.83921705697,1077.71596740115,1056.1489961254,1054.44117647059,1053.6517463547,1050.11446629213,1044.28875192604
701.082279640828,698.412064374204,701.973748588634,690.8148595259,683.090680733484,684.31784107946,677.797240060117,666.753879961544,662.365157750343,660.168668122271,667.663909567135,669.603161624421,669.191259931896,662.854363293161,662.349793103448,667.233991537377,664.214814814815,663.275306635141,666.880305131761,667.403282864016,666.255263916931,662.723052138254,669.564357843835,667.169685149067,671.269383290031,674.084722601804,676.509019493745,676.091103812652,671.968705139248,673.947037830121,670.093299406277,665.779583033789,670.046350794585,662.508504923903,661.100658376006,664.658027357811,663.886024619841
1141.72433009248,1138.5558142543,1068.45158476301,1056.80711170748,1056.85993377483,1055.48280843687,1067.62234937731,1056.3795620438,1053.61056693381,1060.45112049367,1054.14611872146,1055.72025615099,1071.08920863309,1078.54868379321,1054.91076388889,1083.80410447761,1083.2997241802,1081.01621958827,1074.06634920635,1080.77738172391,1084.68028304921,1080.68346213292,1066.38186157518,1057.51501305483,1051.6023037284,1045.55974440895,1050.00034153005,1065.91189966351,1078.74705320166,1084.65891472868,1076.29562160435,1049.94341529134,1070.34388853705,1078.6739802225,1074.61311262577,1069.68847043277,1082.56275862069
384.9257852077,373.568861323155,380.329773981135,378.42647777235,372.773257752584,373.364678488268,368.959527824621,365.979717952781,372.98851933142,369.614974987897,370.121673640167,367.884762062676,367.890437289765,367.903253424658,370.290033783784,368.155892255892,363.625866050808,366.134062927497,364.559222261862,362.646955606247,366.743598055105,366.540564849793,363.05250164582,366.376437847866,360.786530903894,362.381052973676,358.98550968829,363.829655781112,362.291320487891,360.704214559387,359.186893648179,359.890788555478,357.729899060216,361.025507454643,359.553010122536,356.295590828924,356.650317892825
780.883108108108,779.797934386391,765.914045082982,757.01409978308,743.213345576982,784.17310336208,748.371832488664,778.011237458194,796.307012987013,792.758293838863,799.841509433962,797.808961244777,799.563703284258,791.777253739388,795.218184186531,785.600454997867,768.257432922408,786.576159793814,791.051221543587,782.888153749212,775.41312857573,781.065737427011,774.517436380773,776.210976010516,788.253357330749,776.115964318671,792.319740369691,787.788059701493,782.530764635603,798.596607245543,793.531586826347,792.554186145346,778.064243183955,783.504660880746,777.941525953721,796.215040397763,774.925840474621
59.8340461933276,58.6341355381662,49.7095508068033,48.4199572505344,57.1234840132304,61.6379163108454,65.5692371475954,72.7107937379841,73.9638375387937,63.8803146016186,79.9089305957929,76.0697419000549,74.0059896179955,74.8154093097913,73.3150435026663,66.8049393051486,63.0858496953284,61.0707327403642,64.0064836529176,62.8079185195811,64.9962332589286,63.8835093896714,69.5682963366472,53.6628151260504,61.0979121670266,51.0511801541426,50.7625581672831,54.3983632206042,50.2443016488846,48.3065639897323,47.3512638525713,48.2021185924753,46.296033818227,45.1501275510204,45.8564044377206,49.0947382063245,56.91909830933
827.074038538418,857.008220044262,837.074485373781,851.945223298164,778.904008726479,851.502084831057,810.417684340702,847.904727896015,848.920692249812,847.396586684691,850.828151691151,855.792647903504,849.047902364607,843.05940023068,845.358828801912,843.786741889986,806.315532499237,838.748500677114,837.624159110851,792.423882140088,777.942183043816,820.841,791.964783565664,795.71219114852,832.385337594886,790.424071462153,836.285799256506,777.322175732218,795.08844765343,837.546974847043,838.713554168667,835.166795247647,795.43370568237,786.996104285286,800.043274244004,784.964970257766,798.873487729001
340.376550387597,330.530157601612,332.525708289612,336.0150423461,323.023496107573,327.21048951049,324.855354879594,331.117297796543,331.064230824996,330.457622130665,326.765756893641,325.745208568207,323.878775049393,317.573978035387,319.460750853242,309.927534127215,309.40795559667,309.391838036027,303.710158434296,302.892519346518,295.2722302621,298.100679431748,299.030093658836,301.228025879754,295.005174250495,296.833615514853,298.052785447458,298.529074398598,298.891883010187,294.324571618699,294.914332247557,296.586116264688,297.992483607868,296.825739016822,299.722066167291,298.020307003518,295.287393860222
486.397898081388,480.140581633884,477.354929577465,479.035661889177,477.105294117647,473.878082191781,474.504488542405,469.366290801187,472.363978555948,467.448925043579,469.379581454503,467.88335371956,466.6879503381,466.510185291748,467.353404286339,468.03869047619,469.634398605462,468.5150997151,467.179422649889,463.482379603399,466.13590504451,464.621946944022,465.528661701647,463.590877517944,461.483456084423,458.604333078017,461.599019280062,462.33733578189,463.512539899681,463.156165351549,464.406100268786,464.127860639872,463.408773562951,462.050885215148,460.831778969457,460.239334779465,464.301675318546
2054.18687747036,2058.06674153698,2045.85504733965,2056.98094963198,2056.63965315991,2046.04048328887,2055.43542663169,2047.84285231497,2056.80401163681,2048.19331326256,2045.3668852459,2048.46962127317,2052.46295189722,2049.58459082995,2050.11543646781,2060.52338830585,2056.76023285428,2066.48069994853,2056.0921460558,2062.91131928181,2060.52751558326,2069.43433298862,2069.94753199269,2064.57370376924,2057.20397579948,2050.54316939891,2046.43123061013,2047.8239003881,2046.03096752595,2041.89305912596,2047.62278650184,2046.88141848524,2040.90273504274,2035.35705345968,2037.61152263374,2034.73604590506,2037.89185580774
193.611988596964,164.864773922187,124.034308617234,116.620474688298,112.933242506812,114.894656137392,124.548706980362,141.174634606318,145.90931941222,145.556423068915,153.724070450098,164.520370769562,167.903047091413,169.992697547684,172.439663645299,184.161690140845,190.766740717233,189.532596435822,186.486206896552,193.223208267805,197.885262915129,200.278491952036,206.345401804899,233.455111213553,240.681289464939,220.242651723409,212.981442846162,213.386725865209,208.800631128142,194.90875,192.184166559568,186.695868200837,182.252541734655,176.848225787563,174.436039904028,148.929906012909,139.447257850509
1551.88302118514,1555.44461328066,1557.84771230795,1559.00796235975,1555.2043377227,1559.47571679345,1558.21589595376,1555.26597131682,1556.12863657808,1555.68075752452,1556.09414841451,1559.35253794679,1557.850153896,1553.99146919431,1562.96649703138,1554.71494730118,1557.90689814104,1563.75068268706,1555.40039180229,1553.70085335019,1553.9508170199,1554.50875821082,1557.7286154845,1554.41698897006,1549.84960537854,1551.06957928803,1554.21675408824,1557.45864661654,1557.55295429208,1560.21000280191,1554.71882018266,1552.49943117179,1553.13985904464,1550.68348339025,1554.02478431373,1558.64297722757,1558.50735735736
953.100011429878,959.283926728586,967.176871675985,974.189239046887,974.972197574682,976.226303317536,971.384927445779,973.770170789164,975.070356196644,977.531834662799,980.900940533981,978.83041958042,974.4395256917,981.224623037463,974.001081415109,967.437811654082,971.733743686869,972.252885783718,972.118017309205,969.237779491133,971.144997658811,974.317201869441,977.064814814815,975.382864792503,974.293855606759,982.370124743408,979.679906199619,977.878397917872,976.374572795625,971.788819875776,969.165400713068,969.568582154202,971.557927786499,970.88430434065,967.602924073766,963.782220855122,961.936242126287
574.395602094241,570.546491397642,572.013735767215,578.44048771047,574.310914454277,567.854963344561,569.170993914807,565.80985915493,569.143605666602,570.55848496101,574.024019215372,569.613793103448,567.407438894793,569.097952936675,568.056153846154,566.97966883253,568.530673019655,567.299354057327,563.54362545947,566.216862745098,564.617867435158,567.068396700865,568.184748427673,565.929525653437,561.958758986001,563.116360116167,562.44838411819,563.676233739418,562.556131977589,563.706154736639,565.647058823529,565.743375174338,566.534006595218,567.30204405636,565.153294843719,562.80815241471,563.003688222277
1072.24635584137,1071.13909566287,1071.86222880319,1071.51813161222,1075.24969300041,1069.86619241192,1068.65919838747,1069.03465428619,1072.53134202777,1075.87740894813,1073.12110698725,1072.28807447165,1074.20180508273,1074.23241164921,1066.14293771654,1067.78268760357,1064.35666307322,1064.4588629337,1065.09780422394,1065.43764938597,1070.10658174098,1074.08334041288,1069.05353691535,1072.39943116167,1072.14779899337,1074.8981862788,1073.68325087044,1068.10779195669,1069.43851267138,1063.76972579743,1061.79583215995,1061.50446601942,1060.47799521828,1062.83851809955,1057.14184664718,1057.25730168534,1055.91703138095
1622.11675423234,1622.85587676725,1625.01243126942,1618.30073937153,1620.8835956025,1623.01390002673,1634.29577464789,1616.43644544432,1618.37250602938,1617.67693701858,1618.33481745325,1622.03100775194,1622.8068751492,1624.7246167197,1627.00957632037,1628.15257531584,1621.72280178838,1626.25256487628,1619.72742200328,1617.49026192075,1626.6311630847,1618.39052404882,1619.80162913273,1622.30835443038,1616.11111111111,1616.08946322068,1617.11484184915,1619.47466467958,1619.62238993711,1626.1444627193,1618.84571286142,1616.24788607032,1619.45481719936,1612.22707220803,1615.8537250787,1614.26637681159,1619.04445761707
1921.69093247588,1916.17381275441,1917.31267277754,1919.60246878945,1917.02486346651,1912.59810633649,1913.71556617867,1911.07190106414,1910.05608434617,1910.493130227,1909.34078631453,1910.06523681859,1909.17843051293,1908.23495440729,1905.53455754772,1906.4699023466,1905.34914120687,1905.37877889745,1896.81286365781,1900.44593246901,1893.54951554046,1890.7830565992,1904.09850874677,1894.06329543526,1876.79965556831,1883.23995256292,1880.23197689023,1881.39971421148,1882.75056901861,1882.32341141452,1881.31870253572,1882.23969465649,1883.02346499804,1882.61321585903,1880.7907034244,1879.31828087167,1881.37481875302
844.389038785835,855.004858299595,839.37683237731,839.523647077066,841.637661556958,848.09948513536,851.426493506494,847.423574013441,852.338371693576,854.952066115702,858.161200393572,855.348035009439,856.829361296473,845.283589572193,848.93000358038,851.971097234612,852.872153487538,853.968812541694,851.342463479416,850.03844815588,848.797152399367,848.361479907948,849.655456750202,849.944773519164,848.006880318667,847.730442324371,849.204510242727,850.476427622842,848.064893043322,848.309748427673,847.575967341143,848.212434325744,847.346080964686,844.491886964448,844.181477059526,845.488694127958,847.386339569361
1661.79410158383,1654.8250957505,1654.60060649304,1658.00087873462,1652.57704695711,1649.98053965658,1650.32632785632,1651.24079221682,1653.38584130179,1656.98411577833,1650.43533287101,1655.35320315176,1651.76180733163,1646.05035087719,1649.91047326158,1651.01460373998,1648.7512254902,1649.6160437557,1644.6560170394,1643.92906914418,1646.24892318737,1646.38006010253,1643.37290478659,1644.32097186701,1645.06125022518,1642.94751722919,1645.60855431993,1644.97397352479,1644.05415162455,1641.42662057044,1640.45317899102,1640.5466930345,1651.30492424242,1651.12777023971,1655.38630751964,1649.83931860037,1652.44818817546
709.893350207087,708.679030933479,705.126051639106,696.741391834956,697.843203883495,691.990848343986,684.19353920592,673.108392156863,676.797374248656,677.489618541767,676.854601827676,667.761611453304,661.692566431214,657.777303025124,657.634709587124,659.750670690811,649.262593601089,656.323124042879,648.48579682234,652.205410821643,649.785065935948,657.984311161955,650.338382157124,651.542881072027,652.007560137457,661.824289405685,656.584161752317,663.80600500417,657.624847534414,664.160845423607,653.965614035088,655.160130718954,654.463636363636,653.45701278235,649.121290545204,652.870335661953,655.047610979329
1770.34462151394,1767.43328642702,1762.89009708738,1760.4895943098,1761.20677966102,1760.58611962169,1758.35008782597,1758.48368856024,1762.55789608068,1757.27560321716,1757.63688163688,1756.74886621315,1756.39366391185,1752.11495551476,1753.56060390258,1752.89278781544,1755.7008583691,1753.18077900085,1749.83386670377,1751.69118969134,1749.46944644141,1747.05128581925,1750.94715385777,1749.80887974125,1748.5470971564,1749.20692628251,1749.83670273349,1748.14742224116,1749.43570391872,1749.7503223034,1749.12435381964,1748.93333333333,1749.23354385965,1746.04394316684,1748.40073099415,1744.42127135601,1747.66780466083
138.467389620449,140.485124303763,138.328001218769,148.7200059988,152.379631018449,154.385369220152,149.733323831243,147.704439086654,149.947488932987,146.795327970297,147.649626307922,147.745395754253,143.983028529627,144.267391304348,143.642017077493,144.169831065929,143.168845843422,142.001564455569,141.998281518513,140.348819142324,143.289501590668,142.020123839009,145.318697729988,143.048049476689,141.001148930059,141.811805101373,143.649177122372,144.360428165245,145.791398256915,146.859383859384,146.525931473507,147.089282783522,145.279868393995,151.185588858613,153.223737619743,156.244658441168,156.445414847162
1069.87840032481,1070.84478497281,1062.4580078125,1068.69302431266,1063.29602098819,1059.49325479764,1070.8991387126,1069.63244047619,1068.589569161,1064.36541353383,1063.34178131789,1065.44912206473,1055.61575875486,1064.38274824473,1057.06227106227,1058.63338301043,1054.25546420694,1056.09187129551,1055.3246863704,1047.04399782727,1052.4905621666,1046.83922369765,1056.43791776382,1056.01251489869,1059.81680022106,1052.8861227508,1058.43241186914,1048.86251049538,1045.38893785809,1045.76891447368,1045.25920376712,1046.47056323061,1052.13894967177,1046.52358078603,1047.19098323516,1043.84258812168,1045.51553537285
1018.0355530474,1020.21940376569,1008.87029548989,1018.79714823783,1011.48569810252,1007.09799083539,1016.28241101585,1017.66923256356,1013.74317968015,1009.24932468936,1010.22292510121,1011.54137931034,1001.93211133741,1008.74009461857,1006.88650657519,1004.63557906459,999.492223238792,1000.99069898534,1001.23908236595,993.552323232323,999.615574022776,994.260803408399,1000.64083457526,999.847047738694,1010.47796610169,1003.21774879501,1008.69519890261,993.574978577549,987.918146503885,986.872585759585,985.995273839311,988.315348057031,991.172109207709,989.822118913629,989.453168685927,997.104885454044,997.084985835694
1713.38058352698,1705.27671338562,1702.64431137725,1704.9260488582,1712.39211195929,1699.45414906663,1699.28884297521,1705.40311986864,1715.030259925,1707.19205491456,1728.92840705702,1726.16794582393,1725.26516489988,1723.50079422383,1712.77505567929,1725.50278755869,1737.14669452321,1732.88082982374,1727.29201545396,1730.18359872611,1731.08174934322,1725.69418475677,1717.69074421513,1721.98060275729,1711.82779681216,1713.23909408725,1712.96715383456,1718.833885994,1719.8748257165,1718.54715782788,1714.24109014675,1714.21759047183,1717.1788058268,1723.6639829116,1719.3707078926,1717.28844286177,1716.78799368088
1558.79184965785,1559.28176416819,1553.65259618976,1552.27821486706,1550.44111154396,1552.73023381538,1550.47015933027,1547.93578792342,1547.72135489267,1545.68990182328,1545.37288135593,1542.53845024949,1546.37355491329,1536.86302454473,1543.19478390462,1540.37457289294,1541.32113144759,1533.83856,1540.96037160691,1541.64078407537,1539.53384019082,1544.34089841916,1545.88291187739,1539.84326066933,1536.10700934579,1535.57086254191,1534.53622034708,1537.11897544711,1536.70167475348,1535.99255975938,1534.5813740458,1533.62662694057,1532.73933649289,1528.58909332007,1528.44825396825,1525.05692233478,1530.7542952714
2118.99194167306,2118.8958935801,2110.13866998479,2113.73528984454,2111.01897870016,2104.79794925726,2118.76167247387,2109.67703724847,2108.67915825886,2110.72586232866,2114.53623942746,2113.15952672379,2114.48893280632,2111.32368821819,2109.18665055874,2105.61106430778,2102.23220270814,2107.5221192053,2102.90335474661,2109.4875399361,2107.13336132102,2103.88875154512,2107.99887069452,2104.59848176766,2106.05404261324,2101.43255886481,2105.1113832853,2103.52537913959,2101.74616329036,2107.2573878426,2103.0667970513,2104.25323650142,2106.72409873335,2097.82707993475,2100.73198004473,2101.4077718479,2105.61399932042
1299.88451219512,1306.15072815534,1312.141706519,1316.71769383698,1317.60592792186,1315.81282898764,1315.22880490296,1317.72189638319,1319.82295627376,1317.52938866344,1298.85299602692,1311.64282560706,1313.49785407725,1315.08918984871,1354.91971413855,1312.22451790634,1315.25268961807,1309.65475469412,1309.58612730807,1310.73134768505,1312.56783063633,1311.4126659857,1307.69723581918,1314.67663782447,1311.62323194392,1305.32908034361,1306.42899446376,1307.8398149306,1303.35598227474,1306.21118736242,1306.64026948011,1308.31960034538,1308.54565952649,1312.67515421971,1314.77352392791,1313.94386011044,1317.13077221575
886.165946946329,883.25235461205,893.319247546347,888.553100263852,872.372259457003,877.540784449844,867.675678507807,865.41612154463,870.487506645401,878.740993283126,874.951165816071,881.444,870.474557763704,881.769403508772,877.855519649745,879.548094940662,879.197312588402,872.99154589372,871.845213241873,874.694868532655,874.576048232392,877.42680794157,879.859689784275,879.077492646313,874.013033039899,880.261633478863,874.93981585448,874.04625181544,881.905124578392,883.69607211848,875.720145117404,880.330713817944,877.972451790634,880.130645473929,877.15823015295,877.819846113027,880.082457702582
1419.6227965698,1421.08269843469,1410.86860927152,1417.2864446775,1420.82845464135,1419.98708635997,1421.16370010787,1416.40247756289,1417.50743758893,1417.62034875738,1421.85344160866,1420.38436899423,1426.83428349313,1426.38571041215,1432.53396603397,1436.06131494706,1433.48552564754,1432.7342901474,1425.10863472574,1426.41534746445,1425.18889323426,1423.29595863383,1423.87403703203,1427.52796234773,1426.95611883347,1429.54273221147,1436.37290076336,1439.79705046678,1444.0892149088,1443.62334217507,1438.44061085973,1446.7652684793,1452.32564524986,1456.00109529025,1459.09125129803,1456.86704677984,1460.71194719472
731.194312796209,732.550911516229,726.346119536128,729.422008209662,732.067391961318,728.875729646697,730.978834485678,724.753212571606,728.289307228916,725.025466624486,727.395787488211,726.163116341427,728.440157480315,737.406739439962,733.8169797145,738.115104496517,734.147522701928,733.046967895363,732.387276785714,735.363539445629,732.953721374046,732.787944807553,731.854550998628,731.646856039713,737.15508797388,733.194752597288,734.145690312738,722.267010793055,733.091384317522,725.540717107262,733.490688428541,721.792660266336,734.137876386688,727.132372002592,731.48447339848,729.210802095929,728.800985595148
680.434518551237,680.549140189045,683.972398523985,679.824403691718,675.151654529194,668.966526217228,672.741845940319,672.72822954517,673.339784686101,667.533309875674,667.684538653367,666.979674796748,668.348955613577,672.715606307776,667.303867403315,658.121774558624,668.100063197809,670.818366074213,668.620976116303,665.120287253142,671.594459636191,669.610573106842,673.448063819179,672.222577471717,666.477564102564,663.887192118227,667.867740361152,675.17658216934,674.441375968992,672.289913266945,677.946412352407,670.89082895406,682.959392945037,667.962315974511,677.984396512162,669.248272685398,664.438914027149
127.502425748432,110.8286314132,82.7650733554188,73.7686264352931,61.2202104464878,78.4279878396352,90.5609169378803,82.7049338478501,82.8065502183406,76.2980945659845,90.4246041412911,81.6727803251355,70.9854004252303,70.6995364517488,69.1186086046816,76.6420248575867,68.7177461822012,53.5220112442983,73.3028912983041,82.7831325301205,89.6700940070505,94.9792019719612,113.508404978827,108.745755517827,107.03114683508,99.5903200624512,100.628414510767,101.681058293357,104.369737213902,90.9983866236433,95.4044095886357,95.1974067599068,103.91175210624,104.118543956044,100.679472639637,98.3212243005101,93.8673590504451
1953.88432315088,1945.4179800579,1939.30289741582,1941.55416732564,1938.24350954019,1936.5445513326,1932.95567290767,1933.10211547638,1932.86704089816,1932.97235322817,1933.36196927144,1932.41537961307,1924.87866645296,1919.80966518225,1928.76248576541,1924.79737516005,1923.96986479883,1922.32109479306,1923.81533596838,1917.22324359816,1915.95409888871,1923.964924002,1924.37798165138,1921.03128545956,1917.31504424779,1916.58171206226,1919.51100203114,1916.99345166293,1916.50129743756,1919.51514143095,1915.37906436629,1918.75057509037,1922.55386196266,1921.21525837989,1917.31237042156,1911.59034833091,1917.12575994442
952.100400987045,928.533426333298,906.61820558161,943.231010324484,948.686380811566,948.77545775779,958.441694352159,951.038924558587,945.485200845666,944.560693641619,914.693027210884,940.048364808844,947.297264331765,944.019990404606,952.456326987682,946.196593915344,938.500573676446,936.955243920633,940.101028841289,941.1901185111,941.120542082739,942.006995282252,945.738880918221,940.630093378608,,,,,,,,,,,,,
878.958669719243,818.001735508504,815.354945054945,873.291390728477,868.464107858618,862.405396892062,873.122421903269,872.448993754337,859.561378035903,868.210411870043,842.789245087901,849.286867599569,874.237135278515,865.058470764618,867.74000267487,869.747997864389,868.038030095759,867.566076294278,865.172471208547,868.386161011311,865.867634968484,865.175192333648,866.405880005321,864.247936121261,,,,,,,,,,,,,
1239.97856989016,1226.77950248756,1230.90040145288,1236.30900127226,1233.66117421213,1220.77863478596,1230.59158209948,1227.07762321827,1221.14824797844,1225.88181221274,1222.85448577681,1225.4751226349,1221.5765743073,1219.67225154923,1216.79903237812,1229.91805699099,1218.19796857033,1232.79053435114,1226.49226361032,1210.47713675214,1219.18184973104,,,,,,,,,,,,,,,,
514.803682209326,513.231032794909,507.865970887119,510.672950819672,512.273547659334,511.476643598616,508.957034795764,506.403610573823,506.749725174056,505.587801608579,507.922596754057,505.849093264249,504.269386255053,503.107908611599,502.601549755302,,,,,,,,,,,,,,,,,,,,,,
268.819389708366,265.212950747581,262.166149603585,263.780139245145,295.859465184008,281.481022237746,259.909850230415,288.504587155963,258.564237668161,256.677970931889,257.571469356681,254.572400922165,286.740962337826,278.313861623175,,,,,,,,,,,,,,,,,,,,,,,
851.561467889908,889.672578444748,918.094580777096,916.754269813855,932.203261130205,,,,,,,,,,,,,,,,,,,,,,,,,,,,,,,,
880.992435996897,837.335131195335,843.356327643672,835.801063315611,843.728622267412,,,,,,,,,,,,,,,,,,,,,,,,,,,,,,,,
1754.13303151663,1740.76173009323,1740.75684931507,1743.23921568627,1732.3766642806,1743.90273396425,1753.58838687511,1751.54136193727,1742.88143674507,1741.05262284197,1743.15854057592,1743.83959670028,1739.97474570326,1740.8794044665,1739.684046423,1745.07324388319,1743.06490478041,1736.37119609439,1735.26763202726,1733.87216267339,1736.17610646859,1732.78661764706,1737.24785932722,1738.0406056435,1734.78681826257,1730.02890350206,1733.03637173397,1732.83434313581,1740.7466367713,1738.08799237611,1735.97525083612,1735.4711602951,,,,,
943.588121515531,934.964636294991,947.001302365965,955.005981848185,978.698498882146,974.750029284292,992.171713615023,990.487612612613,984.253744997141,986.270881138137,986.278936742934,987.691714411635,987.833125212851,987.409670380154,987.53375071144,992.917847336628,988.087886538014,987.802815146985,972.026540710751,989.973116774013,983.744972186564,991.653591160221,997.946337308348,993.057239057239,967.300099042588,984.219976905312,983.692596944771,990.583172613308,993.326228602982,984.748139668002,1006.59119437048,1020.34732998631,,,,,
848.998089345828,843.614913176711,,,,,,,,,,,,,,,,,,,,,,,,,,,,,,,,,,,
887.161441864667,873.84749736256,916.314218116269,901.42656570437,895.439356968566,862.172461752434,874.4999356085,879.851993067591,869.147775674397,860.512315270936,871.209944751381,871.573864411404,871.925708412862,868.403140495868,866.88864628821,873.509722664966,871.720714969678,864.461796643633,867.921528218136,869.712704669497,866.111708586297,851.192698130009,867.801926163724,864.210958005249,861.859696727853,855.854054959786,856.815588723051,853.885668016194,853.09586945436,859.632603406326,,,,,,,
804.849965429823,806.540780556205,828.424758173136,827.856381525007,821.17082253886,797.763130525221,802.670263788969,819.010303536619,797.1328125,794.942276610483,800.672339508832,795.728514513375,800.038980794828,802.697464124238,802.671641791045,803.024014057009,801.67259565667,804.313667063965,802.806524881272,803.54807275877,807.040744021258,797.058149779736,800.902807316036,801.029954417191,796.649110961062,785.449416342412,794.949965885831,791.801104972376,790.918521918751,791.440435525192,,,,,,,
534.291203703704,536.137632338787,551.027284263959,544.123830250272,535.05523188068,538.196617336152,531.915367483296,534.59847740668,529.511052378664,526.002423915971,532.532513749596,537.05381303813,538.253899480069,542.213431786217,535.488413024347,531.470393527032,525.922957198444,518.538281979458,,,,,,,,,,,,,,,,,,,
2186.64735036218,2185.19192718639,2185.85022755482,2183.75747384155,2183.9118989119,2185.2362658471,2186.25649980598,2187.37328280436,2184.64330737857,2182.27331887202,2184.90340030912,2183.50444365446,2182.00179533214,2181.47788824134,2181.54733833512,2183.56323585264,2181.78355586788,2183.86366906475,2179.16928886092,2178.47445029421,2181.87573759111,2181.68910478834,2182.31310942579,2181.44694743715,2180.84776725304,,,,,,,,,,,,
339.518026565465,340.945061728395,336.218598427831,340.478581676573,333.357889949977,329.287310286678,334.889969210825,339.327390599676,339.472780008925,338.13037723362,338.694350961538,343.70872719279,341.936892154744,341.219200324741,345.738455079765,349.467906224737,341.547553816047,345.32444351113,344.510778443114,340.658356516157,348.594416507716,341.34036939314,342.333991704523,,,,,,,,,,,,,,
254.512315705836,253.481509082441,253.518545789231,253.066558587769,250.042793407994,251.056019176136,248.72808988764,250.556467439786,252.518909328602,250.06147760077,249.01757074267,249.318007662835,250.407061817411,250.746682529514,248.840541802896,248.057722308892,248.086445518453,,,,,,,,,,,,,,,,,,,,
2185.01169064748,2182.39936608558,2180.39507067778,2182.81583933308,2180.97839721254,2182.92436335994,2182.37519083969,2182.34452499046,2183.12641815235,2181.54583333333,2181.47634293846,2181.21848428835,2180.66158868335,2183.02454929037,2180.27034779491,2180.53588876362,2183.33319415449,2179.78431372549,2180.01370779004,2175.34916351862,2179.26162387231,,,,,,,,,,,,,,,,
2187.09701169337,2181.66645056726,2158.86638201683,2186.49366018597,2183.02839233038,2185.30228887135,2186.53173311635,2186.55041107746,2187.37081784387,2187.67466063348,2187.63140096618,,,,,,,,,,,,,,,,,,,,,,,,,,
944.598498391133,944.329853479853,946.114518364518,942.667180871577,943.834061869536,947.194978124406,941.502039368682,944.568834313386,938.586403215003,941.563720930233,943.657927151153,943.300979213194,947.712769918094,,,,,,,,,,,,,,,,,,,,,,,,
863.750752716324,866.766929949501,866.058083125738,860.978257951953,861.637229555041,860.840909090909,860.169628647215,859.311491108071,859.212176639666,857.05839100346,854.021206731427,854.534485180503,852.881386607267,,,,,,,,,,,,,,,,,,,,,,,,
19.3938596491228,18.5492307692308,31.2844648063307,24.4794243877809,20.5570019723866,19.307781201849,18.3084179970972,19.6113615870153,18.8741603224362,18.1130044843049,19.708038869258,,,,,,,,,,,,,,,,,,,,,,,,,,
257.473112017084,262.137278106509,257.94642568985,259.93378134732,254.93922829582,257.137739736884,,,,,,,,,,,,,,,,,,,,,,,,,,,,,,,
236.523829087921,235.747315096251,234.299935358759,232.811674008811,232.444548651817,230.750927643785,,,,,,,,,,,,,,,,,,,,,,,,,,,,,,,
