Var1_1,Var1_2,Var1_3,Var1_4,Var1_5,Var1_6,Var1_7,Var1_8,Var1_9,Var1_10,Var1_11,Var1_12,Var1_13,Var1_14,Var1_15,Var1_16,Var1_17,Var1_18,Var1_19,Var1_20,Var1_21,Var1_22,Var1_23,Var1_24,Var1_25,Var1_26,Var1_27,Var1_28,Var1_29,Var1_30,Var1_31,Var1_32,Var1_33,Var1_34,Var1_35,Var1_36,Var1_37
1328.6635610766,1329.4708886619,1330.11087866109,1328.51586655818,1329.19675090253,1326.65464222354,1327.06027727547,1328.60222222222,1326.03475935829,1323.23836608066,1325.14322747894,1323.66650485437,1321.68075880759,1325.28311540648,1324.94197952218,1331.75294117647,1329.26697674419,1328.74501300954,1326.72222222222,1324.5719844358,1323.28094059406,1327.87423780488,1333.199513382,1324.82244071718,1324.95189003436,1319.48843612335,1319.73426937077,1318.0158405723,1317.98347107438,1321.37081733406,1320.34632034632,1320.51342465753,1326.20340425532,1234.03228407505,1327.70751341682,1327.87666433076,1326.2152245345
1326.52463566967,1323.03804347826,1319.73541791942,1324.97395833333,1324.71950464396,1326.33740129218,1325.09902794654,1325.32799084144,1323.50718232044,1324.20936639118,1322.21197668256,1324.72106154715,1323.79740932642,1322.22997572816,1325.01354534747,1324.85869565217,1324.90683229814,1321.42771362587,1323.9131773399,1320.07116714111,1318.19830281376,1318.49196956889,1320.89694280079,1322.07598944591,1314.92082616179,1316.20578778135,1319.55768332555,1318.73121131742,1313.44378916329,1310.10451227605,1310.27688547486,1311.06656426011,1309.22375397667,1305.75446428571,1304.2929242949,1297.20061188811,1304.0456222744
1296.31021704606,1297.74655482325,1298.61811982465,1301.54657745754,1302.32830568125,1301.51495377923,1300.53399668325,1299.91684665227,1296.18789346247,1297.983845753,1297.72017892644,1295.17550818047,1295.50246548323,1298.25208333333,1299.2001117943,1297.84130982368,1298.07783719548,1292.15193644489,1289.99464763604,1292.73138832998,1290.27440239044,1292.09246275197,1288.91636551368,1295.14941356451,1291.52492211838,1294.52355396541,1297.7878077374,1300.90195121951,1303.38376753507,1299.01050304035,1301.55927475593,1299.94768799626,1296.28483835006,1297.38561438561,1300.48376068376,1297.58309726157,1298.0553633218
1278.87187839305,1281.76718167288,1280.24870017331,1283.96426892337,1284.48970588235,1282.50707918196,1284.10940919037,1283.98028769313,1290.58439781022,1289.9141390574,1292.24030274361,1288.34937888199,1293.12926829268,1287.54276985743,1284.66527632951,1288.289040318,1289.20389344262,1289.76046114432,1286.57973035797,1287.38199052133,1283.13345690454,1287.22354771784,1273.61116236162,1282.87439613527,1280.28898426323,1279.1366551554,1282.00153061225,1276.47647308181,1279.91248720573,1280.90106177606,1278.16248077909,1284.136643026,1292.62804547916,1282.27956521739,1279.15753734722,1287.63724539282,1290.29656992084
1287.90872483221,1290.73820915926,1289.68088033012,1289.27870967742,1290.09465317919,1289.31746920493,1288.24106517169,1286.40027797081,1294.88963210702,1293.09541511772,1293.17318059299,1289.21071176885,1293.01132075472,1295.80849582173,1296.39907904835,1297.23722789871,1293.14251497006,1295.57577132486,1289.83911483254,1294.34942216179,1297.19731465266,1297.5269035533,1228.07883984399,1293.65006150062,1295.78575037898,1301.91913875598,1299.2363238512,1306.79029217719,1301.36873597607,1230.31127905319,1225.08551515794,1294.70054119062,1242.94157864413,1290.42281264315,1231.99751149751,1243.85484275827,1233.60872600349
1246.4504391468,1247.17547169811,1247.22151532678,1245.86537295331,1244.14923153198,1246.07566137566,1246.44379328716,1241.38449367089,1248.66519823789,1248.71118611379,1247.69843462247,1250.27445394112,1247.2093495935,1250.46122112211,1249.58297180043,1256.17100792752,1253.10140056022,1254.35161744023,1245.95947712418,1241.97664783427,1256.68428063943,1256.98739873987,1248.67346072187,1257.63458720078,1255.24734147302,1242.96571664601,1249.7920751634,1248.13630781826,1252.80542071197,1256.04991243433,1254.13531522296,1257.21185917233,1252.8925579103,1245.96185522323,1245.60546038544,1235.41152073733,1229.94046466602
1245.52380952381,1250.06496519722,1249.80844490216,1247.54389632107,1239.54045596781,1234.02641509434,1244.29405346427,1244.60649627263,1246.67883211679,1236.22352342159,1237.34239677744,1237.92164828787,1242.48462255359,1244.01322233105,1236.67653061224,1238.15019255456,1241.15507075472,1241.17942088935,1242.40963855422,1243.68483647175,1245.81356759395,1252.81617647059,1252.9672991522,1252.43365424864,1240.51319192964,1252.56902523503,1245.00965319986,1257.67951927892,1257.68475991649,1246.33445738811,1252.06409719313,1247.48411416263,1245.07925290257,1254.17607457276,1256.35432473445,1261.95037593985,1270.90041841004
1240.06623931624,1240.46453464535,1241.27711766961,1239.13567839196,1237.34089736978,1234.03190941843,1232.67487266553,1232.90735434575,1235.39030244839,1233.75423728814,1232.16352497644,1230.42265907915,1231.06921824104,1230.87654320988,1234.56303724928,1229.2739992227,1232.39336099585,1231.84825556957,1230.00406173842,1226.35875831486,1224.86464208243,1223.5717419921,1221.05014749263,1219.7995930824,1223.39711359404,1222.80746268657,1225.69168765743,1225.7890625,1226.79018338727,1228.40085287846,1228.02544031311,1234.33545377439,1226.79788172992,1228.75702811245,1227.86168032787,1227.72065462754,1225.35120044668
1235.11295911296,1229.82299270073,1217.49714878175,1220.64516129032,1215.91362269016,1213.34105263158,1213.47385620915,1218.2,1217.78392394123,1222.90144927536,1222.57173447537,1223.38189738625,1227.81073602656,1220.66013897663,1221.63657678781,1219.42280837859,1208.37147147147,1204.01782062518,1205.30284711388,1210.34778481013,1206.18625393494,1213.83898305085,1216.8288863109,1216.41615986099,1225.55375472717,1224.80725936136,1221.35108562065,1221.9227563212,1224.01682294539,1216.80652242082,1212.96596724667,1207.31866551625,1215.74373259053,1212.92994996426,1213.81631037213,1213.24661246612,1214.40237603306
1204.3761682243,1199.08437343984,1201.10542962572,1195.12740384615,1194.42067039106,1194.28846153846,1192.74556213018,1193.03628117914,1195.39606013478,1195.15479378682,1194.98696360674,1193.33783054506,1192.13489037178,1198.07434761201,1189.72560040879,1184.86276488396,1189.10885700148,1192.39163090129,1191.45031815957,1189.80032379924,1189.55839217816,1189.9686825054,1187.82660204631,1191.77332630469,1193.89920159681,1193.86769394261,1194.44154370034,1198.32666666667,1200.40782122905,1200.47090581884,1198.984375,1196.91917293233,1193.17885744794,1199.90358974359,1201.61979989468,1195.96387520525,1193.9128678592
1166.68685376662,1193.95221503235,1191.36057476426,1195.1132345915,1197.55255255255,1210.87105624143,1203.51605504587,1198.10591539987,1202.04537743851,1202.61396720103,1223.20019970045,1201.35324074074,1209.73221670802,1198.72852760736,1196.99743852459,1196.26572284236,1193.8181024447,1179.97420515897,1174.92062000939,1172.48674698795,1183.58573072497,1181.59134836631,1183.24675642595,1185.723125,1188.07876905703,1187.05797474878,1152.3950617284,1157.79562363239,1156.56576862124,1153.83667621776,1165.00669269381,1173.34176653351,1162.97397397397,1166.03666427031,1167.25123152709,1167.40422204848,1150.01408450704
1197.39176245211,1210.90529695024,1187.81613891726,1172.92323409224,1173.43922538113,1190.84894837476,1202.59203296703,1198.08026755853,1196.60296296296,1204.09820193638,1206.93209054594,1194.01724137931,1189.30348837209,1183.39351198872,1135.32361189007,1134.86993006993,1143.90349946978,1152.30269607843,1154.15486725664,1163.14298808433,1148.83814303639,1163.08661417323,1155.10633213859,1160.90410958904,1161.51543942993,1156.90557129367,1152.54464285714,1166.32392894462,1169.03561887801,1168.23211009174,1159.87640449438,1163.55249745158,1162.75512774379,1161.20588793922,1217.68638392857,1211.81383647799,1137.20932265113
1107.15828480678,1188.18257261411,1100.17677238806,1104.64137264379,1103.90052356021,1174.96557120501,1180.93069306931,1175.37131367292,1181.58319327731,1185.07731092437,1186.35018963338,1187.55263157895,1195.05991735537,1199.96223564955,1199.29367088608,1184.01434878587,1164.43596986817,1154.83642793988,1138.81150550796,1138.03787103378,1153.17795918367,1153.29367327668,1144.54283054004,1152.65244536941,1135.121706399,1151.14479254869,1150.30148423006,1141.58585858586,1136.81414141414,1145.84650317893,1158.08607021518,1144.73529411765,1149.23568398727,1150.74050798638,1210.39756367663,1201.61527967258,1162.75992063492
1146.0145137881,1202.19041614124,1144.33539192399,1139.16718680339,1139.82965299685,1174.90533562823,1179.38386648122,1193.71698113208,1205.25430463576,1204.10319767442,1209.3972972973,1207.26291079812,1213.10795454545,1210.73519163763,1159.23750811162,1152.87006460876,1135.56625,1124.7568947906,1123.36230110159,1133.19647153168,1125.29689067202,1130.64976228209,1125.71775700935,1129.88292253521,1136.32092004381,1125.67014218009,1126.37263626251,1138.01271186441,1140.67184466019,1135.70913663034,1131.30042462845,1135.89089089089,1099.12052772809,1102.31376008065,1188.25720384205,1180.28872366791,1043.16638078902
1093.00457770657,1111.88752797079,1087.27822400714,1098.35421261579,1090.77572933549,1111.32409381663,1122.22285714286,1112.62260818369,1108.30702007106,1111.04216459977,1107.64999449157,1114.83496232187,1116.16141732283,1119.2353034134,1119.27531380753,1120.78366849482,1118.78250082699,1117.72377430841,1134.10353309481,1117.14297374507,1117.42141951838,1110.66909305528,1111.35732946299,1108.82632595454,1107.73372854144,1080.80523402114,1079.96923805017,1078.87195633921,1079.22231404959,1113.4255222525,1080.04200952793,1080.17074742268,1075.60951865873,1076.83104772353,1100.27389174934,1099.91869716559,1074.99396191361
1086.21363636364,1070.66951080774,1087.63080495356,1086.87115072934,1088.17694369973,1092.54010695187,1092.2672,1100.97897196262,1086.76217948718,1103.75160142349,1102.42307692308,1106.09020771513,1089.51686746988,1093.61890909091,1084.84722222222,1091.79791976226,1097.22509960159,1089.62789203085,1095.66890982503,1101.99931459904,1071.57622243528,1086.14157706093,1088.57953488372,1070.27288941736,1088.72061657033,1086.56156156156,1081.2992575671,1094.72772033481,1097.28940783987,1105.52135054618,1095.15903614458,1081.94003426613,1078.54370034052,1081.8786198398,1084.88989715668,1092.69320712695,1099.92312172394
1080.4649321267,1081.69719827586,1085.14814814815,1086.65619136961,1084.47583643123,1084.00634584876,1083.64971751412,1084.87597254005,1079.86830357143,1082.01992252352,1080.30434782609,1084.58366336634,1083.2877662209,1080.53794642857,1086.20654911839,1082.67081113085,1082.19371727749,1085.38830516217,1086.1237458194,1083.61431170406,1083.25556858148,1076.99010367578,1077.31083202512,1082.16923956547,1080.96443089431,1082.01516793066,1083.13902439024,1083.77167947311,1084.28585365854,1090.26848049281,1094.76764199656,1085.80391198044,1081.63768115942,1083.3967039435,1090.55333998006,1086.67120954003,1079.48834498835
1067.08837408837,1071.27436697884,1067.94108380592,1077.42444761226,1069.38828337875,1080.01046389955,1064.08025621703,1071.48511119487,1071.99342825849,1068.30919501516,1067.16217138955,1074.04433022808,1069.76914700544,1074.00696324952,1069.71374367622,1068.83796296296,1078.77050442819,1086.81969230769,1087.59685295714,1082.05062643825,1080.6469352014,1087.2024195928,1087.6626429479,1090.24836971931,1082.40885142255,1082.63513087354,1086.03850129199,1078.88229401453,1085.17075989598,1081.43267238828,1084.28839844915,1086.21506734007,1089.11903978954,1086.08255289629,1091.48549569653,1091.29749216301,1095.62444771723
1076.32357533177,1074.75750202757,1075.06141672947,1073.14789849326,1072.886981402,1075.2354767184,1067.95582329317,1073.37270550678,1070.27991803279,1068.34432371675,1072.23185988324,1070.51670702179,1070.96334626994,1070.33080808081,1069.52134831461,1068.28239051095,1070.54523463957,1077.83482810164,1075.10553745928,1066.03731953146,1068.08777093926,1067.07393483709,1063.22020326455,1063.01989749774,1058.33763996555,1060.35335789175,1056.42436631235,1063.61187089716,1063.7793382528,1048.57885232745,1050.45351804594,1049.68414863594,1062.7495053423,1059.61838942308,1031.84889240506,1064.48873873874,1065.6984568682
1048.70741482966,1059.04042179262,1045.67553735926,1047.65513833992,1049.94257425743,1046.67971970322,1054.01741654572,1052.77710843373,1052.83463949843,1049.7779799818,1042.29501267963,1050.16504065041,1048.2475856014,1047.40689655172,1049.88798554652,1051.62170790104,1036.64039408867,1045.91388400703,1038.04545454545,1049.43670886076,1064.03956834532,1062.45667125172,1064.40778097983,1056.49202453988,1251.93932711337,1073.20065252855,1064.55649241147,1063.14179104478,1063.51208791209,1066.67546490702,1065.58149010477,1061.78231017771,1068.48225712624,1056.96612349914,1050.5861423221,1073.959591268,1074.44844036697
1055.91847826087,1047.98325358852,1056.86910197869,1062.01221079692,1043.72893633244,1055.33832752613,1062.0760833609,1048.54232482787,1058.04440275172,1061.34763379036,1066.79180722892,1055.76887280248,1053.21398305085,1052.51320918146,1057.6463022508,1061.03365973072,1057.73501577287,1054.79965971927,1058.36209744013,1057.6977015972,1061.50084889643,1056.86877653416,1062.92687003761,1060.19681742044,1064.39001101726,1075.4410522897,1067.84950202877,1069.16186082276,1061.64690721649,1070.75905511811,1070.36692401463,1069.4493698392,1073.46048252912,1066.47173489279,1066.80160965795,1059.40335731415,1058.49162446436
1000.35123239437,1038.85538461538,1027.28901329601,1037.59792746114,1031.41465863454,1025.62990561351,1057.08115942029,1050.84233737596,1059.56451612903,1057.290625,1062.53989361702,1059.81032770606,1057.63402061856,1060.33298862461,1058.15601300108,1046.04934210526,1059.6912599319,1065.38841201717,1061.22596153846,1061.45098039216,1062.61547911548,1059.23190546529,1061.09733333333,1069.71076523995,1192.31294440161,1059.00817757009,1026.16849580374,1024.37765592872,1031.48573975045,1018.81095524382,1006.06380441264,1015.24124809741,1101.68475991649,1090.40172676486,1088.96128500824,1090.71655247025,1080.40858276235
1057.92427745665,1055.12380952381,1054.81888822475,1051.9415274463,1052.10488676996,1052.65445665446,1059.45724465558,1066.69907834101,1061.90525739321,1058.23718309859,1056.85207456404,1057.18858560794,1058.50517711172,1062.34228187919,1066.40592105263,1060.80719794344,1058.12207792208,1055.63605248146,1054.11850554583,1048.76473740622,1047.57865168539,1052.34156378601,1056.83126110124,1058.49389179756,1050.58161461402,1049.81753424658,1046.05555555556,1049.59283387622,1049.00840336134,1047.69309600863,1051.65149215984,1050.62954915807,1051.37722048067,1044.61932144911,1046.09284627093,1044.5627578079,1039.55825688073
1067.97843137255,1067.90130796671,1065.32123866124,1058.70818070818,1065.54369747899,1064.42921348315,1063.3202787919,1061.0981749528,1064.16161938157,1059.16910016978,1058.75634352635,1060.31216931217,1057.58657718121,1054.25594227504,1062.96261298274,1065.23509811181,1063.13654618474,1067.25778421434,1065.37092534175,1058.12672244094,1060.84460966543,1057.2969837587,1050.86599131693,1037.32130464955,1041.90040699066,1036.19203150336,1030.75266579974,1028.65717166625,1026.18283861312,1024.00965641141,1021.51070840198,1026.08996623251,1029.86171608502,1029.79113924051,1025.99177538287,1032.13349272764,1030.73968478838
1032.51997196917,1059.54460719041,1057.75967174678,1064.14880952381,1045.56888007929,1008.1016016016,1030.59445843829,1027.44099378882,1030.61341853035,1025.9272875817,1029.49045643154,1027.74488188976,1026.70700636943,1028.91633466135,1027.29318541997,1016.53474576271,1034.09072978304,1053.22476190476,1047.51121076233,1039.1243339254,1041.81781914894,1037.31401617251,1041.68306801737,1046.23157894737,1078.00852915579,1053.01807228916,1052.46047008547,1051.49739311783,1026.41885766092,1040.40143655227,1032.05436081243,1015.50150408251,1034.56245912361,1012.56198003328,1016.58003597122,1031.56134122288,1021.17917675545
1035.9033982436,1031.91334661355,1030.936636333,1026.25332866153,1028.26107310047,1031.52264808362,1027.77335834897,1027.63098693759,1023.42745098039,1015.64813126709,1023.37561837456,1047.14137380192,1024.60200153965,1049.63624100719,1044.46440677966,1021.20073260073,1030.82358040746,1048.32408630559,1027.36329331046,999.862967430639,1000.00300978179,999.357572838912,998.691503618333,997.88364696528,990.681938559322,987.576571428571,987.109659863946,988.183815925543,991.675736961451,966.428236083166,967.172419354839,967.586153548637,992.303909515613,990.037087912088,978.668795113826,988.378971692663,989.748443983402
1033.34759358289,1050.770188545,1039.67039106145,1041.4,1034.6262749898,1042.5045970795,1036.13801308745,1032.95654565457,1030.93326326852,1026.89697648376,1026.51317105702,1031.24479166667,1025.7053968254,1014.31446907818,1007.32688284519,997.252023935234,1003.15506329114,996.507677543186,997.863378873709,1010.82534562212,994.959239963224,1007.59440559441,1015.0627925117,1005.39445544554,1004.5799512987,1001.589763178,994.769159456119,996.150869137422,1007.54379562044,995.841393304024,992.124769372694,996.577344121847,988.571100038329,989.828696467646,960.106641366224,916.090305444887,919.41303494307
1006.00626828249,1006.83493761141,1002.15412026726,1014.53881428104,1005.3096473029,1004.44438202247,1005.85856469356,1005.34548854605,1006.51348793185,1003.23133543638,1004.88470432772,1002.58759305211,1004.93111111111,1005.41211790393,1008.01875,1006.58481561822,1012.19271523179,1008.75084459459,1009.79769299024,1005.44606946984,1008.61338617349,1004.85049205148,1003.4672833162,1006.50846846847,1002.79825653798,1002.65853658537,1004.57713498623,1005.71602434077,979.475247524752,1009.8612742883,1006.40810660744,992.444738000881,972.832549128148,1022.59314857583,961.709005726184,983.595789473684,990.714754098361
986.745879120879,989.118915588416,980.836606888699,990.475394017369,989.372781065089,1017.87446678854,1014.13209876543,1013.37977805179,1016.27178825048,1017.06762967827,1000.84311328443,1018.01334141904,1019.46771879484,1006.26175742574,985.356151113981,999.396313364055,1013.38996138996,1003.75037073653,1007.44108910891,985.577238438832,998.651154132539,990.698501219937,980.713071630919,994.244897959184,1000.87659811006,984.24708751016,990.45406824147,998.982380216383,960.346891788181,984.611595834506,918.821237585943,951.720017636684,915.88266509434,942.663089430894,915.281932902432,927.546449416342,940.83994985374
979.366639806608,978.872619829284,976.971381847915,975.817919075144,965.668915120854,968.412719013628,975.833822665884,981.891076115486,969.089666484418,988.650336803429,971.529294274301,971.916367980884,961.946400420389,966.949524940618,966.259150805271,973.823198773633,969.559922680412,963.024053224156,990.682187330807,983.468428781204,971.154,966.419107706174,960.164609053498,967.693833780161,962.357318876294,959.004337349398,984.140433001755,985.325109649123,977.925581395349,982.065527065527,983.755532139094,974.55875,980.622788393489,976.742320819113,971.046112600536,973.922149122807,972.527588018918
967.674047373841,963.463136033229,978.232744783307,982.038300418911,973.718502899315,977.592175777063,979.222304283604,980.19621749409,979.092343658679,976.774614472123,976.5,979.123207301173,979.52754491018,980.445398773006,980.429239766082,981.220875420875,980.005445881552,975.637130801688,969.850624399616,976.209925841415,975.647412755716,968.803351955307,966.477207977208,977.49824834566,968.701776649746,959.876068376068,964.835975943138,967.480790960452,970.383681398737,965.965236284628,965.089190785588,971.424464831804,972.330023364486,970.201934015927,968.517094017094,968.74415817855,961.550629958003
996.281397888606,1002.79484875711,993.111520428667,993.684894964988,989.757707774799,984.107761385504,978.636570130608,978.092225977789,981.875700458482,981.806739345887,970.644137931034,981.946977205154,986.262749445676,973.988089330025,972.894945490585,964.841296928328,977.485940879596,966.169546940682,970.003666361137,968.799660441426,962.376027693639,966.745454545455,967.332661967103,961.266323024055,957.644266337854,951.9065830721,949.279532533165,948.567637727142,920.790594216714,943.171107164002,945.182621150633,948.515646893975,934.995870612526,989.321247563353,1001.4229390681,991.298470097357,986.480295566502
941.010464355788,915.194781553398,948.516801493466,912.651413189771,946.695755417038,947.297195721307,943.571512309496,948.152796725784,949.528061929776,982.931099575271,952.643305154077,950.272800863465,955.557898151151,970.210826210826,953.959918675574,970.456118665018,949.803576934937,946.705759474784,964.646736422521,951.577974485811,944.764366308056,948.7197265625,951.075200534759,972.551133222775,962.775786539227,952.789985272459,950.975136612022,954.098781436349,954.156205216394,958.247775947282,967.186103210077,952.163235294118,965.409602845288,957.662378502001,958.377599524658,959.164135514019,957.581066074403
903.819812362031,895.526381909548,885.390081799591,894.997986914947,906.309121941969,939.620865428183,953.026173878732,943.176204251038,944.626042261565,945.863735070575,915.965581395349,952.697117453033,953.967224949466,952.831388564761,914.373306772908,912.076645987593,957.478578316573,920.294960303763,916.426329555362,911.017661197617,915.646936086097,916.735781505728,914.474488101826,912.338505419281,909.784010783907,909.27585089141,905.637422526181,909.728845805399,908.269180413721,911.96682626539,907.738732224632,910.541928721174,904.705803869246,913.627199833385,910.747360667812,910.183098591549,915.484553613604
867.791271347249,856.226689000558,862.489677419355,861.846206425154,867.831386861314,857.557876905703,861.962077012835,863.508436445444,864.395930232558,868.226226226226,868.293777134588,892.728703703704,880.253731343284,881.318181818182,878.811601150527,901.54249201278,881.758816837315,887.196498054475,902.545125585355,888.926030491248,893.336295283664,901.03223726628,912.913580246914,926.552402450822,922.519275429633,922.194690265487,920.515201314708,916.439644970414,906.352755905512,917.764218663722,924.412639405204,917.520227111426,916.62945368171,917.270486752927,910.846846846847,891.755102040816,897.822255046775
884.289026275116,887.614760746148,880.537878787879,882.698077443813,880.158222703874,879.064560820172,883.584056827151,883.744686800895,882.902808370044,882.562517327419,879.111934577051,876.985360660101,880.170835702103,877.641217436162,876.773915626857,874.889486260454,878.971915430735,877.676008623345,878.563564131669,881.108954451346,880.710996749729,877.647366969948,877.066040593759,876.392757660167,871.683752718235,874.800902425268,875.418313387142,873.626328502416,873.230911492734,880.520971302428,875.428683590683,874.181683899557,876.223684210526,877.438769906645,879.296641264465,884.420798372743,879.165660278288
876.989690721649,869.810400866739,870.419633225458,875.36018735363,873.212974296206,872.241212956582,870.691176470588,875.855051244509,876.39375,872.126315789474,873.569497025419,867.335866261398,871.744196044712,868.970794392523,879.062251655629,875.030882352941,880.997995991984,872.718839395178,879.797833935018,883.879310344828,870.874092009685,877.981852315394,877.194089993284,874.497816593886,883.41737649063,883.328388746803,869.633523809524,880.816527299557,881.151727591387,874.383240223464,866.24453150506,879.135479951397,870.658236500342,874.016456390565,866.916583416583,873.869775626925,870.666511843939
848.797489539749,852.085558252427,855.921012033323,854.557735606304,850.16985645933,854.064979480164,855.646551724138,858.42681678608,853.019667683961,854.525445705024,857.491289198606,854.685575925285,858.102182539683,856.848787878788,851.261758027895,849.954675118859,858.463240810203,857.611492591254,855.936044490789,853.381190873678,852.272670419012,851.971629042099,850.236849752979,848.152437131326,844.903966597077,842.070048309179,841.227318718381,839.154913622203,835.46929256284,831.548512585812,834.176400119796,822.114307535642,822.056154282473,825.415475704369,832.118799903218,830.143806359753,827.170944430601
828.592995169082,826.888223552894,827.918575063613,829.606572769953,831.748894783378,833.721453287197,829.024064171123,832.751898734177,831.971503726436,835.805701754386,836.682587666264,832.19156850589,832.322269161135,834.495044340115,837.730665467626,835.460624071322,838.410852713178,833.335054503729,836.181688125894,836.947990543735,825.57614213198,836.946443514644,836.955445544554,831.90639625585,832.828963051251,835.463322290582,824.8864,834.032003710575,837.124525916561,832.058661778185,823.223008849558,835.529574861368,834.093129770992,834.671846435101,828.411314083677,831.419010669253,830.900191021968
801.513416099319,799.818713450292,809.267345399698,794.622832980972,800.315439672802,801.045167118338,804.096835684331,810.330481283423,806.265367965368,814.390575079872,814.176362803481,812.169604573607,809.639429312581,824.864179104478,818.420937840785,825.286177806619,830.493771798705,824.122883195831,822.548274355614,803.805838739574,825.443490701001,834.921304347826,831.359928443649,829.76675257732,834.942630597015,834.323068611561,836.893566698202,840.57868338558,836.60993485342,825.780032912781,832.14966442953,833.749190356243,834.506947771921,841.010309278351,843.534292565947,850.384282907662,845.181728395062
842.066373179817,840.080858497629,825.3937027093,825.333425414365,824.381604160964,827.395665634675,830.471205758848,827.047214076246,825.906426906427,822.26162260711,823.962746305419,818.930251202566,813.425827647207,818.732776016143,817.798250904704,823.153758216633,818.538823529412,815.896363636364,811.705466412837,806.198302133217,811.566826411076,813.830623306233,810.220668485675,810.252857541121,807.071750140687,798.337579617834,798.095948827292,808.737427063073,805.423956931359,816.045219638243,792.824872231687,807.56569664903,791.173139509655,793.700710659899,799.860095976375,784.307240934163,796.465563808238
812.351328191945,799.794101433297,803.735854116385,802.507207207207,800.165699361579,799.582638245289,798.720433171844,806.405405405405,805.578764142733,799.24410283594,806.985727029438,803.35469837587,805.108172362556,799.179937659394,798.523947283832,804.076749435666,803.797687861272,800.845074455899,803.796273291925,797.713189804504,800.4,802.014167650531,800.865232521354,807.699271921494,802.601672916066,801.672591206735,801.11398624304,801.368070953437,798.659505208333,800.006758742286,800.658011212747,799.407922588449,791.639258222533,793.127972163155,802.182129603197,801.123617256637,798.856683240714
797.624471086037,794.347654710288,805.904572564612,779.567761806981,779.636959370904,777.246317231929,780.415475189235,776.777391304348,782.966017405719,787.970428280082,781.163458291118,799.013574660633,788.956223175966,806.713679745493,828.102428722281,835.057722308892,832.917112299465,809.181303116147,823.53698630137,801.501010917914,835.086931155193,794.063902743142,791.3404625715,792.012624423404,791.840167364017,790.295583852614,788.909503470368,782.494974874372,784.256903977705,783.973623188406,791.097493036212,806.306152927121,823.632768361582,831.365622032289,833.780115728564,827.705882352941,817.859642857143
761.024287716021,761.279642058166,762.760631834751,755.840968020743,727.938219002983,759.266203703704,739.27797833935,764.214326321774,765.855608591885,751.966988727858,762.91527520099,759.783061889251,765.101983002833,765.652898067955,762.861788617886,766.800391389432,764.151935719503,761.326345213138,759.365028203062,756.284475965327,759.951431049436,762.584302325581,765.266568483063,760.978173463527,763.671155209072,763.492792311799,759.339278937381,762.269721115538,746.430034129693,741.158850226929,716.983101662578,729.925018559762,719.504118616145,720.970881863561,721.746485819975,719.821200510856,720.417348027017
746.972313467855,747.681799075242,751.502994011976,751.984478075281,750.659675504551,745.115536537196,744.335396941005,747.285016286645,746.416608756081,745.59096313912,747.899470899471,748.407263294423,746.154733492442,746.709703287891,747.482157676348,746.654077942949,751.544138929088,744.85625,744.590718904526,749.128067826863,750.094907407407,749.455949137148,745.884420148379,749.686964795433,749.182350292661,749.957899502037,749.724816849817,748.555286521388,749.819346289753,749.219552609776,755.682182985554,751.515950659294,749.850243902439,749.747837960856,749.225438596491,749.589459698848,750.932484076433
718.560940325497,729.344410876133,723.494329896907,718.846882399369,728.146097654748,723.400362318841,721.1200224341,724.350798722045,754.138392857143,736.134414831981,759.842452208306,752.94592476489,763.226447709594,729.63338658147,720.070642733063,723.113387978142,719.472283813747,724.432853717026,724.420273348519,716.368559411146,721.176438653637,726.322420634921,721.821611253197,730.373503591381,746.6962890625,725.151058823529,711.995963302752,710.688537549407,717.80394922426,726.236868186323,776.517022504328,774.321301775148,745.270935960591,732.68969072165,764.883087400681,771.152663934426,777.364400840925
744.984148862853,741.67338470658,746.832273449921,745.547204968944,750.413914265636,744.290540540541,743.586519766688,743.669865642994,739.413621262458,738.083682008368,728.227358490566,725.732944606414,723.652063813624,720.890430971512,728.570190641248,728.630911901082,725.174008810573,727.368760064412,732.807850029291,746.127420362274,739.883110450718,730.253395585739,736.501449275362,742.527936962751,725.286351250929,750.068760151597,743.503541912633,732.030835117773,717.86673151751,717.486710963455,742.292881355932,732.175415282392,716.328973843058,710.656170212766,718.467479674797,726.253588516746,728.414617940199
740.441314553991,739.965147453083,742.609412906356,720.02347826087,711.26677231907,725.507413509061,737.174723354688,724.320571057755,719.220653133274,715.175892857143,726.276208411802,723.189688096754,719.421377183967,707.741733690795,732.82875399361,753.868891537545,749.344334433443,749.14657415438,756.643188854489,733.63155216285,754.690522243714,757.74773960217,746.136256851997,732.708192281652,722.020181634712,668.172755976545,658.055828494864,662.425905598244,710.355119825708,698.09011627907,711.829268292683,732.628169014085,734.239292997961,735.996153846154,792.260680034874,796.682839173405,806.597199341021
769.938550420168,737.076806467913,743.396825396825,747.862619808307,759.896606786427,752.013888888889,764.013114754098,759.738172391445,755.546478873239,717.025974025974,728.684868421053,717.62490948588,738.364454443195,737.090169491525,760.959832635983,736.985391766268,730.653882132834,717.615151515152,717.0978332239,705.392715231788,721.013198757764,724.71558988764,713.609507640068,704.561655405405,712.21409455843,708.218331171639,713.727595385981,718.232151082451,685.791304347826,680.597845601436,713.664141414141,716.64318975553,722.79307568438,707.788778877888,732.54537366548,749.888407367281,757.120188531029
752.180543382997,751.218965517241,750.535931174089,739.288581818182,739.757782389564,726.878427028524,726.174557900742,741.658018867925,741.160800202583,745.287415946206,742.51317233809,745.586300229024,736.893801276208,746.137720329025,748.478716841456,745.436342042755,741.768421052632,745.840529467381,729.808525506639,733.443224905209,742.651433900676,742.967758060485,761.308521057786,740.376710246275,733.406985769728,727.653372722797,731.469973890339,739.782916213275,740.566582716827,719.879843384522,671.889186090944,674.030089988751,673.347410604192,672.888321416411,670.313539192399,668.543859649123,671.720029509406
709.123362445415,706.737642585551,706.930184804928,704.826743350108,706.074360499703,701.806384455239,687.476527900797,707.179184140297,709.737884534345,709.780587833219,711.914608327452,719.562668723486,719.852075775897,694.424757281553,712.134365325077,704.587465564738,714.565338276182,711.384198645598,715.364677023712,729.847786537295,717.450123152709,703.410230179028,721.083874188717,727.350634802091,727.879499810534,720.179801517805,731.589296274394,753.756132756133,751.685483870968,745.118725099602,730.572902646927,727.114938721431,737.516974645466,744.697757390418,736.848225737495,728.454847645429,729.68343479654
719.264387271496,721.530227596017,722.211746522411,723.31976744186,720.108552631579,722.864445285877,723.462451973454,721.880722114765,719.442153093324,722.225475841874,727.482477033004,727.299931129477,721.811178788965,721.997022701898,719.506423982869,718.328395953757,716.630917874396,714.823741007194,712.396309667068,710.832186168469,712.089696281578,711.498202516477,713.793474604776,712.734444444444,714.424031777557,709.851895386424,710.715384615385,709.57064721969,710.645587213343,711.266921718658,713.501875213092,709.762285375962,710.265064319567,711.246122724208,712.426615064007,709.69152,712.291769041769
709.109334485739,706.456547857429,704.969068541301,703.085456475584,700.734407848634,696.642073170732,694.28730703259,697.211086474501,694.46729390681,732.924681344148,724.794829024187,699.591696750903,696.761386138614,698.540508806262,704.559398496241,688.853016142736,693.581211092247,696.135511982571,707.553794829024,715.508702531646,710.579351032448,709.861049845611,714.367444835305,710.438974358974,700.487050960735,695.528792912514,683.969360398315,725.488182559087,726.715946843854,716.671608598962,720.216651745748,750.131365553033,727.269759450172,724.345722028649,733.762403637082,697.469991546915,726.509212073697
684.803097345133,687.563583815029,679.563845050215,689.534939759036,687.869333333333,685.45498783455,689.312436804853,706.606602475929,703.205245153934,706.293427230047,686.978070175439,688.906906906907,704.781032078103,696.251141552511,706.323751891074,707.877245508982,700.742681047766,690.679506933744,699.903095558546,692.402083333333,700.741007194245,700.280597014925,696.325549450549,705.338108882522,703.130013831259,695.175572519084,683.874647887324,687.728358208955,685.090609555189,689.116448326055,694.169712793734,695.340322580645,695.808955223881,694.587677725119,684.181063122924,693.182503770739,687.89029535865
694.244318181818,705.585121602289,698.256944444444,702.331245105717,707.275773195876,694.052899287894,693.254189944134,687.013321492007,681.56699751861,686.822702702703,685.733423545332,689.098950524738,684.011904761905,696.363363363363,688.475106685633,689.928571428571,693.831460674157,690.5865237366,683.815114709852,669.910112359551,683.196248196248,682.420886075949,684.532281205165,688.926080892608,683.672108843537,692.605462822458,701.015564202335,704.007374631268,698.268608414239,696.770710059172,697.069293478261,684.36867862969,696.099846390169,694.708018154312,700.50701754386,698.715555555556,692.576601671309
708.33785680861,709.846083788707,700.997967479675,702.210326859308,704.382781456954,697.748960302457,693.731665960153,695.99188156638,708.417537870706,690.353574504737,689.772421524664,688.469191919192,683.600614439324,686.138157894737,688.071022727273,686.270763322132,682.146072796935,683.698318945934,681.910087719298,683.976480129765,691.707736389685,685.752797016516,688.391000436872,685.863334634908,690.451658767773,692.177729257642,680.194725433526,684.511893434824,685.883058470765,693.745381526104,677.109090909091,688.525358516964,683.409675443968,679.000384467513,672.02296819788,675.337756849315,665.502528901734
671.547456340167,671.448083623693,671.180731364276,671.591836734694,672.116793365584,669.317638266069,670.203808180536,671.548788927336,669.063210227273,671.806947227789,675.923798358734,671.552872062663,669.627352572146,668.575150300601,669.160092807425,668.653846153846,672.40423797881,675.345345345345,665.289096573209,668.665198237885,668.110823071938,667.974812797822,669.985443037975,670.856127886323,669.432638888889,669.467616580311,669.993180409175,669.318442153494,672.300416418798,672.768793430196,674.729838709677,677.602513227513,677.494794856093,683.123325892857,675.897872340426,680.421052631579,675.574209245742
668.092120289303,666.790833030193,668.208973322555,667.931615120275,666.285560730921,664.242150968604,668.326739427012,664.219746314707,661.975747508306,666.229993041058,666.094346167187,668.486677768526,663.905209222886,663.390788873689,654.727397260274,651.40805785124,656.840328861965,655.378977043899,656.054214760406,657.194112627986,655.436087295401,657.982110912344,677.791680207995,671.254973982247,660.570106432207,664.243517474634,664.703703703704,673.339829476248,665.971803785245,622.62982689747,665.725710508923,662.38961038961,665.817157712305,665.088815789474,662.480654761905,659.806040268456,655.070231958763
659.503361344538,663.296897038082,662.716898317484,662.162573099415,661.20594333103,661.105513955072,655.25340599455,663.329479768786,664.483833039389,660.707993474714,655.136231884058,643.94761624485,656.573333333333,659.798440979955,663.236149584488,661.174287607687,664.566281441196,660.896953985742,663.798199152542,664.090859030837,661.362968405584,654.007014028056,658.455414012739,657.180707395498,655.733060747664,652.598643649815,645.552954292085,664.974972191324,652.81233933162,653.794945433659,644.52716514255,645.851715686274,651.809215262779,650.992947813822,648.82119205298,649.212368728121,651.785294117647
645.96072319202,642.749111584933,644.040605643496,646.30199252802,641.662237762238,641.541476159373,646.155637254902,642.047850208044,644.189889825016,645.041556728232,640.966088922381,644.755039706781,640.785352112676,648.437121212121,639.263530927835,641.407521578298,642.161933534743,645.248728094969,637.685307017544,635.496366685299,639.458957150232,643.049773755656,641.41440377804,643.12213740458,641.167512690355,640.830213040671,638.951525054466,638.444971537002,637.664964901085,641.709261430246,647.329737019555,636.5535841022,637.545918367347,642.012250161186,636.835136855506,644.448361162647,624.925744992672
663.221101303069,674.089181853432,676.630263157895,670.80225281602,665.87628458498,667.724815724816,664.744121715076,664.553619302949,658.308228730823,651.391765185487,648.550095419847,644.542596810934,635.960994636763,637.314235345967,659.867034313726,658.237670825906,648.709841917389,656.992816829143,661.812584880036,663.062470421202,666.926267281106,664.036044362292,650.816947565543,625.042933810376,615.427402862986,601.721078779276,612.978494623656,607.085372201978,615.598476190476,596.902745995423,611.592611862643,605.452140077821,609.19884009942,606.378012048193,603.82581100141,603.203497615262,604.800253646164
630.857608695652,634.432779097387,630.717642033319,633.995667244367,635.413849287169,635.772579898101,635.565905096661,633.223759541985,631.677628531728,636.743808710504,632.161676646707,629.432345876701,635.998918918919,631.63324121595,635.192341941229,638.529534981148,633.20193953223,634.109792284866,630.618187681393,629.574538745387,624.930633147114,628.013247404225,628.585521081941,624.415172413793,627.440434477926,626.720494417863,632.584377059987,628.512477396022,629.131661442006,633.477385159011,629.738304093567,632.34811237928,643.457104103086,633.196694881096,639.055419151175,632.046015712682,635.976288659794
651.357888275015,644.732361516035,646.498734177215,658.577507598784,651.99699879952,655.819532908705,648.661403508772,647.181132075472,646.784493284493,686.61145194274,695.468534680753,651.066079295154,618.691341705221,614.770996978852,599.90084643289,602.894153225806,611.157040882544,618.220502901354,614.06292834891,611.048349056604,627.712666534102,628.796583546044,622.333784698714,626.80824088748,625.497722836695,620.751005716705,611.985016916385,664.720498162515,656.065124671916,630.282407407407,616.873132664437,621.730549607423,623.333645735708,603.798104265403,583.766264121543,585.821050711419,591.669491525424
618.661941885188,613.666208791209,624.003597122302,623.269100743746,620.312378483474,620.8332247557,617.659323367427,612.785058977719,620.658909090909,642.246604938272,655.597694840834,622.71609403255,643.546419098143,638.264198782961,648.42018469657,648.126932989691,646.630705394191,648.915989159892,653.433102081269,648.186713638651,624.933018867924,619.073898979846,619.684881602914,632.925165411818,620.130753377605,615.772787028922,618.738461538461,601.745616992583,614.087477531456,622.311200807265,657.072863766836,588.183061079545,590.644105242017,623.814956331878,636.240956710812,635.822061976223,633.826518218624
620.895025460243,625.062739630533,625.78087375301,623.633333333333,622.277456647399,623.255311218785,624.429484448232,623.27660472973,621.646759259259,616.420276909335,622.734888653234,625.586989409985,626.942912123156,619.269210663879,618.182403433476,615.502684840975,618.659548505186,616.260385438972,616.180642633229,616.806106264869,618.139976275208,618.050394885295,618.579973992198,634.392215568862,665.37027972028,629.892636312535,649.64047151277,643.095767195767,660.628307433851,618.5,637.49465648855,632.540540540541,637.164133738602,636.205110007097,634.401256106071,630.344649446494,633.550922213312
616.438626126126,614.688160088938,612.58535271944,611.376193149916,607.368081676518,611.556774547449,613.264900662252,614.971551261406,614.181931464174,624.738130200685,617.305444126074,614.0058403634,609.116666666667,609.705083039758,614.877887788779,620.246118458884,625.803062302006,624.810840707965,630.152163344677,627.732004429679,627.041272998508,635.456339210747,632.183948155533,619.05577689243,632.185401459854,636.650216450216,637.170580416482,642.380155642023,636.701093560146,646.307692307692,643.180763653939,633.676955827568,629.877384196185,625.937536148062,634.061538461538,634.306451612903,637.598670544246
606.838552915767,605.75414078675,603.737790422001,608.281849483522,605.827913956978,610.532291666667,608.267866596083,605.775475923852,595.800762631077,598.129608938547,621.056074766355,594.285290377279,592.857553130385,594.887614678899,620.538265306122,636.347593582888,615.901872659176,606.893404397069,609.171428571429,608.819024088944,565.422867513612,564.319943622269,563.969940828402,568.056561546287,564.785294808551,565.9199513382,563.734724292101,585.699174793698,574.217293363369,567.929639226629,575.95275339186,563.417270045589,563.399894347596,564.361029948868,571.059362549801,569.052111068847,568.295136948016
595.35347985348,591.317745035234,589.357206274046,599.154110898662,601.266531027467,598.551235317943,602.058153721025,590.635359116022,592.883781439722,589.446694003075,591.030208333333,592.023605150215,593.31678700361,597.818711446196,591.829688535454,585.46292004635,594.717340771734,595.341954022988,581.654344695151,585.160322436185,582.221880492091,582.900523560209,579.756392375639,574.937664618086,578.550776053215,574.832179009057,575.997640117994,570.508953442101,572.770934869296,568.041776837652,564.609144542773,570.153490522423,574.035856573705,562.850563909774,559.269108280255,555.433521126761,566.554574355352
567.783715012723,564.910350448248,563.023859355379,568.124045107312,567.326677316294,562.785373134328,567.157040882544,566.792524377031,575.854215003867,560.11419909045,558.521174205967,560.871457489879,560.897777777778,570.443570585922,562.756584536958,568.280278670954,563.083941605839,561.706876227898,566.727272727273,559.844712182062,569.412032355915,554.679409209383,554.883378016086,554.72167266187,563.28154875717,574.922343324251,571,571.702436194896,570.567483064096,565.035949145112,559.246630727763,564.189746300211,558.680528375734,540.683098591549,550.062407132244,551.5225,546.430897250362
557.816871329418,572.497187851519,561.119540229885,558.842703349282,558.147429171039,555.256772009029,558.899457861015,558.821285140562,561.47507585609,559.545928030303,560.500452488688,556.503232222775,556.61871616396,560.604776926544,561.466601178782,557.867760123014,558.37479361585,558.003935071323,562.537080405933,565.326180257511,566.490701001431,567.853170189099,565.695393169182,570.575965355467,564.590379556558,559.405188679245,562.704536330791,562.300084530854,558.696539485359,561.193903471634,558.368421052632,561.804962492787,558.952599388379,558.960344003822,561.208949260887,559.594745667971,562.75570874623
572.36258776329,570.841189674523,562.324712643678,564.22791846819,567.642824180895,562.340407470289,567.454806312769,563.829809725159,565.08002065049,563.87370347773,559.764729141953,564.938578883982,570.153987730061,563.945708376422,565.873770491803,559.754648526077,562.441552712836,565.669222343921,567.823577235772,565.242154811716,563.317483189241,566.437281553398,565.710477371358,566.634905660377,566.336851363237,567.082880434783,564.482152370804,544.730438521066,541.732411408816,538.211447678993,524.712394262596,527.200934579439,530.228550295858,542.631067961165,543.355193872666,534.163005780347,532.072428271519
546.011076923077,544.116788321168,542.601898734177,547.856426332288,549.957738095238,550.021618282891,556.146262886598,549.430354796321,542.114409066379,550.59872611465,552.018575851393,556.145420792079,556.681692094313,556.443700547778,553.288860918817,555.868362004488,547.895601173021,548.682119205298,547.464201877934,542.864881693649,540.066849315068,556.817153067302,552.240992321323,547.724284844796,544.868486352357,544.818073010174,540.522869022869,548.124626121635,552.484542211653,552.347505668934,555.92463134899,554.457637600495,553.71098265896,548.639355742297,549.599878934625,558.726092089728,567.487660944206
541.595302619693,541.772769953052,542.131351869607,541.784369114878,541.487488415199,541.436279069767,541.470093457944,541.468202764977,541.443518518519,541.575187969925,541.46218487395,541.453110492108,541.476102941176,542.119815668203,542.246691871456,542.366698748797,542.2277676951,542.196494464945,542.009090909091,541.848847926267,542.195189639223,542.05023255814,542.018433179724,541.757575757576,541.522563176895,541.799634034767,542.040167364017,541.569271758437,541.647810218978,541.587601078167,542.240331491713,542.211951447246,542.07068803016,542.041237113402,541.991627906977,542.019444444444,541.901036757776
532.05531385954,537.116875,541.748541423571,544.038073908175,541.578431372549,537.631809643081,536.396641574986,537.762985074627,554.783693843594,537.954887218045,534.700712589074,537.261418269231,529.659640102828,533.669513797635,538.505298013245,536.259489302968,540.882465057179,530.555423122765,530.024215740231,542.792682926829,540.041203400916,526.1585565883,527.749704142012,530.276153346329,529.502906976744,528.118600129618,534.260475651189,533.211363636364,531.682955206515,535.233091112353,529.568888888889,525.672682016179,527.26554013277,525.209892200381,521.02874617737,521.098316132537,528.369263607257
523.915718717684,523.35112936345,521.678797468354,527.612334801762,515.407656145064,519.284753363229,522.642345276873,523.636073059361,526.259146341463,530.649439601494,531.050285714286,513.637426900585,521.038247011952,516.780626780627,515.586007702182,518.54404432133,506.992125984252,510.295738045738,508.056545789797,509.919817470665,507.931978107897,504.32175032175,508.744222689076,513.175406032483,510.727324586423,513.526135389889,512.640375586854,511.985870556062,510.957436856876,511.991228070175,516.666666666667,512.583843329253,509.567051732798,514.455991516437,510.46257846451,514.539552238806,514.951423785595
509.479087452472,505.230769230769,505.036381514258,505.667591564928,504.150158061117,503.599206349206,505.823384311791,503.252116650988,505.860379103098,504.78865248227,504.58911739503,516.922897196262,508.178068410463,515.118199608611,506.375626043406,506.849299719888,504.143016138008,505.716,504.902,499.940119760479,495.668555240793,476.735721703011,494.106024096386,499.238044062332,499.42052815147,502.173433362754,497.871212121212,499.813024173656,493.247869581326,497.461944235117,492.257302921168,475.197265625,463.833793484263,431.313352545629,469.783410138249,430.402864259029,432.958600841266
458.463205932687,458.40291514836,484.183146067416,476.279755849441,473.98426023085,495.02196193265,481.31693989071,486.016853932584,481.759009009009,477.672443674177,485.851211072664,491.175084175084,486.36679174484,481.171849427169,485.514200298954,484.279520295203,481.141818181818,499.305524239008,488.843930635838,489.670068027211,507.06632213609,498.4887039239,495.955165692008,467.053333333333,487.486055776892,479.198406374502,486.994787788533,492.264529058116,470.140648011782,469.437353629977,474.150100401606,479.839421088904,482.531167690957,508.477714285714,494.189933523267,496.596244131455,494.39979338843
479.059521041618,484.583626047014,481.155725567621,484.223812621991,480.252902574457,480.365790097133,477.666666666667,478.270833333333,478.88899498687,476.146957123098,479.317301686446,479.934552454283,474.781707752769,477.627535101404,480.171201814059,479.044967880086,479.50462962963,475.775580395529,480.996933560477,478.854551451187,481.623800383877,475.048152295633,475.309681488489,472.861698183166,474.625688705234,476.095057034221,475.917136812412,479.272727272727,479.99779040404,475.746070878274,474.268671513549,476.105702364395,474.553676759733,480.525150905433,477.729260673377,475.978708047636,477.587229588276
468.310703666997,465.90575649516,466.302289281998,467.3536,466.909437559581,465.887008461921,467.576828669612,466.46626984127,467.146823278163,466.673027333677,465.594329896907,483.993605115907,468.069595261599,468.215736040609,465.503327283727,468.012306046014,465.787706317587,471.480158730159,466.281636536632,476.514306676449,473.609076175041,471.915036045314,468.84168157424,463.574722459436,464.139979338843,465.52162014231,477.185018726592,461.865499403104,461.333333333333,463.162428842505,460.47658643326,491.711409395973,498.892016376663,499.746811525744,494.159256265158,502.999151823579,500.524925436728
483.237950279046,485.265054294176,466.676584734799,486.648093841642,476.391672547636,474.98275862069,447.651715039578,457.133468149646,448.768740031898,450.716718266254,460.022222222222,471.047474747475,455.06768558952,467.162109375,460.993215739484,470.645945945946,482.202127659574,473.471935853379,488.511597938144,484.167176350663,480.566275924256,472.626974483597,469.215855572998,483.086899275839,468.794706723891,466.0874617737,463.062310030395,462.410695187166,443.777653631285,443.835846867749,435.839339339339,441.207331730769,438.2932618683,488.572751322751,476.294234592445,478.533482142857,466.159688412853
420.601729106628,419.184039087948,453.932655654384,455.329831932773,447.310738766184,475.789926289926,467.939530685921,464.399002493766,470.266944734098,470.92600422833,465.920050761421,465.079520697168,467.51814516129,447.707124010554,471.104964539007,441.537249283668,445.494521548576,477.839876033058,447.028898254064,463.398901098901,473.244147157191,478.498015873016,469.263852242744,434.868073878628,442.730730730731,445.305887764489,444.566265060241,481.712788259958,490.073382254837,482.983695652174,470.313357400722,475.796805678793,464.128896377422,481.334405144695,463.18138424821,467.851258581236,474.588536335722
433.248135256091,437.469109947644,438.599811231713,438.768799626343,438.986673012851,444.878232758621,444.575191570881,446.801177536232,443.38657282079,442.054738976178,433.468401486989,439.612589227774,446.658887785501,444.540588760036,455.360398860399,445.330899132816,451.385089974293,457.939501779359,452.080774084981,455.244864420707,450.705933304461,455.505898366606,448.096138044371,459.998709677419,456.903996524761,467.953840031834,461.431595250387,464.055370524563,456.377586206897,459.913817330211,459.048329355609,462.137341423056,461.887552301255,461.028917910448,460.672538860104,457.947740667976,463.167283189478
456.943977591036,419.07157326131,449.904805914972,445.369815668203,455.593373493976,454.785714285714,456.362974939369,463.571927781013,462.084062196307,463.079079798706,464.714060031596,454.601080246914,462.392812887237,464.926989335521,455.239685658153,455.500429922614,456.594717668488,443.405877680699,448.542284866469,446.42931547619,442.697610294118,443.011182108626,420.680628272251,416.27103960396,434.260922330097,431.42663378545,429.207564575646,442.446721311475,425.652705061082,409.828947368421,405.841176470588,432.093333333333,436.459322033898,460.972527472527,480.170854271357,495.26213592233,490.502692998205
459.086577181208,462.771252796421,460.353624208304,452.736826257151,460.019826964672,449.824733824734,455.216019417476,458.293224731581,454.27015090173,461.054759279677,427.816698395431,448.866961414791,457.643374366401,442.434236615995,458.598529411765,454.658627087199,451.890724269377,442.059842519685,444.85179584121,438.477598566308,440.04645243398,450.970092915215,442.45423936333,433.942348254043,409.332389380531,398.631852879945,397.492637215529,374.231040564374,370.158518518519,389.521650326797,417.035434305425,380.497064579256,400.537946428571,382.828282828283,384.31914893617,381.716353111433,375.927382753404
414.751879699248,409.968549422336,415.098138747885,409.715492957747,417.714169711734,419.810730253353,423.367094017094,417.714041826718,417.83381443299,415.533428844317,410.142184557439,403.279418057338,412.975108225108,408.082762557078,406.283845278726,408.176939426142,406.827974947808,406.81732776618,402.9833984375,404.357116034548,406.464049747377,404.351784413693,410.596743295019,421.458286985539,418.820126397667,422.934021378548,418.629193109701,414.451470588235,419.199337121212,420.374034749035,422.157057654076,425.615458937198,422.986492190798,421.926971762415,422.767491926803,421.012218963832,425.526050420168
418.419432419432,414.158514492754,408.430569430569,408.951677852349,412.355531686359,417.306868867083,423.070300560367,426.533266129032,424.337336244541,424.51357104843,423.08456444218,415.27025527192,417.681904761905,410.91622239147,413.954813359528,412.867290748899,418.405934718101,404.704588014981,410.87441619097,411.467318579516,408.511862695608,409.12375249501,399.057233704293,394.76886035313,405.011433597186,404.31592039801,403.089171974522,407.253497942387,400.97461928934,391.8,384.477477477477,423.729083665339,403.422259983008,413.073732718894,451.633952254642,466.957446808511,462.222222222222
416.232108317215,400.460020502307,399.422889043964,415.710536779324,413.846087332469,401.91784914115,400.211360312043,397.601334017445,394.225452812202,396.207037457435,403.241261498029,393.619982736297,391.093023255814,386.127931323283,413.1125,394.535611038108,395.422035928144,401.587124878993,398.691912108462,420.010688042752,423.721684414327,432.330065359477,415.914673330953,430.970688812897,409.976440351253,427.528884908195,405.138350968257,411.862251117432,399.63577386469,400.761331124831,402.743792325056,402.87852443609,412.853713009492,404.395078605605,403.305679642629,399.853601580744,404.549181630383
413.700951796131,401.171037628278,400.876745200698,412.913541666667,419.245864997765,412.02081934184,411.422783933518,412.685414091471,403.909154929577,408.953720508167,400.963365539453,411.787778304121,406.60214797136,392.469581426877,398.575339025615,404.397224835372,406.64603960396,405.336914285714,405.183580139373,415.380873410724,416.772064466616,402.60947503201,391.567739520958,417.759783513739,402.417090069284,415.589435336976,403.212406015038,420.744715447154,403.904300168634,399.404177651592,395.544808743169,398.711117955035,380.581937799043,340.839018781142,398.626928020566,338.453275309208,339.993716143012
450.401120896717,441.573116691285,431.36062992126,425.856384742952,413.024819027921,428.097345132743,420.242754986827,415.051111848656,420.427265803503,421.179426544487,433.518443658413,418.511528326746,415.501075268817,438.037685950413,415.754794170289,398.945033372595,401.726176584986,434.471047794118,391.373369019739,415.88689892051,420.958275766786,422.075943282865,399.751824817518,379.760144274121,372.959982014389,366.322026431718,369.127156036903,355.321678321678,348.704225352113,356.195419847328,362.500723589001,368.143984220907,374.165998396151,383.190355329949,368.809891808346,368.35917721519,361.903885480573
412.563038793103,411.097894736842,410.14042721519,384.905263157895,406.786494925839,401.982307692308,404.118828451883,402.575725026853,395.346392425726,404.387892376682,397.009602194787,404.774725274725,399.47160988644,393.599071656513,408.775176514307,407.115754283326,405.016198704104,395.38477437134,396.519962423673,359.523694390716,361.010201768307,363.214947742063,355.085289066972,351.160254372019,349.908811081185,346.040841083704,340.573806395094,348.420038535645,345.217391304348,345.942842160461,352.914364640884,357.466055045872,389.517692307692,365.414829659319,366.419047619048,361.882917466411,349.380952380952
347.394718792867,338.460163586792,348.9166150031,354.818537130095,354.552672548002,355.787128712871,364.239613180516,361.572351421189,358.392220421394,363.877483443709,365.77430708315,360.961169944528,363.153284671533,361.457376411055,361.757754010695,362.000593824228,364.443621399177,359.069640914037,357.976964769648,362.807730101539,365.017522412388,364.281479120179,370.33527696793,374.60243117626,372.338073394495,372.59496124031,361.786121673004,371.004885993485,358.299038461538,366.463406174124,368.091379835516,371.201329534663,375.067421513124,363.848856900931,351.874582447616,356.463678516229,357.322635135135
367.358119190815,335.468404059041,334.396584896585,365.900345337938,391.219062875451,340.332433243324,339.124169103962,340.267605633803,341.557696667422,341.10475161987,312.337832138338,339.390082644628,338.812381404175,290.151268867142,320.052070150063,345.724894094194,345.966842864008,345.147086466165,337.74290116663,417.691345672836,382.672040534316,336.539492045772,334.34126984127,392.042492917847,328.745872450631,389.465785123967,333.929224973089,383.144362969753,340.514209591474,347.117726396917,405.274916943522,400.429694078024,412.873164218959,406.251419302514,410.580406654344,403.815059991725,400.673182316405
349.469280280866,344.525092936803,356.717938311688,355.666878172589,343.584275713516,346.539867109635,354.405717427158,344.750819672131,348.297009630005,350.449558344956,352.166440217391,336.612307692308,339.058248110271,339.667640186916,345.759609120521,341.706196581197,328.165963431786,340.324439053972,340.965699208443,341.561950790861,341.152935606061,353.619085487078,347.421052631579,344.660714285714,344.576681989135,340.426385583135,334.899619771863,343.841151881096,342.269461077844,340.701406120761,344.172032828283,345.055809698079,357.646376811594,343.724311926605,347.718158567775,337.662027833002,330.387461459404
372.572350930498,325.328770008425,323.920230263158,369.721184510251,364.588107638889,317.704304635762,315.830628503983,317.64540942928,321.028092079594,313.667342799189,337.566301369863,316.6278850683,319.861480865225,319.065770348837,383.134431252394,326.079631181894,323.772504091653,321.613068078116,327.996355060034,386.632382216324,385.06087408949,391.576470588235,409.152739895859,387.968719923003,313.364951768489,386.966464834653,317.621905651565,398.642811296534,315.430419443356,314.469484391442,338.380724046991,333.819955228654,379.635675675676,315.921725239617,344.911895783339,329.672715489307,328.205408629946
336.574741348555,329.485412787089,332.773545910836,333.900980626644,334.293103448276,336.736668239736,330.358699411968,326.707273652085,329.032695002335,329.695885990858,330.8701215611,337.017543859649,333.021390374332,333.642086782042,332.118191161357,330.924280350438,336.497175141243,332.664609605581,331.138443935927,326.9795,331.958342468757,330.765503875969,337.369815668203,335.806050420168,344.617853107345,343.040142170186,343.258548009368,339.948431943097,348.827791563275,339.787461343829,337.720972329972,335.260452533202,336.383751306165,335.520371694067,338.707892595606,339.016358962374,332.841897233202
297.413625304136,300.773944080904,303.421608925426,299.2,302.967803030303,303.661067786443,302.305622009569,302.380025940337,306.787631831256,300.931861198738,305.463898916968,301.639130434783,298.152920962199,300.020066889632,301.869005847953,303.52688172043,296.995022399204,300.38469284995,297.765311653117,296.421703296703,301.104192355117,294.078899082569,297.756134201302,294.222636236609,289.427810077519,292.719835466179,291.065363881402,289.835523114355,292.944821347806,294.376077040041,296.022737608004,297.844845360825,291.739273927393,292.460704607046,292.650293646556,296.793616090949,287.677288821447
323.230964467005,285.552066115702,279.096023278371,319.73298002446,355.134690961058,295.462295081967,299.883495145631,307.222891566265,296.960396039604,297.844680851064,272.942307692308,298.30193236715,298.628571428571,315.145077720207,298.981042654028,292.622,289.81917211329,282.291193181818,280.35049833887,281.347676419966,274.753768844221,277.082788671024,273.565476190476,273.388773388773,265.930272108844,255.65690376569,266.29898989899,265.424430641822,265.76880733945,262.99043062201,262.380718954248,267.189075630252,268.39586919105,267.633187772926,253.640211640212,249.545886075949,248.72102425876
292.424733161575,281.139255014327,283.323577235772,281.987631416203,283.382485875706,283.854190585534,286.307916181607,285.55444191344,293.98846737481,286.885646217987,283.386572143453,281.206190975866,270.075493279954,282.156699889258,284.682813536828,289.572836332476,284.85758323058,278.663349917081,287.448180815877,286.174444947893,282.312580231065,287.394317692639,255.028932652565,259.499673273797,259.817980295566,265.638429752066,259.09558390579,251.406947890819,260.056748813023,252.898919753086,249.578515703141,251.672888250778,259.051886792453,259.663607159247,254.157938660547,251.325325732899,281.43599740091
289.047368421053,282.374149659864,266.059139784946,281.537047052461,310.233963815789,284.010845986985,296.322784810127,295.550561797753,283.299781181619,293.285714285714,279.363896848138,296.289926289926,286.090909090909,301.667638483965,285.155502392344,272.525773195876,276.424936386768,261.623376623377,258.032061068702,261.863259668508,247.85737704918,263.89029535865,256.956928838951,252.921501706485,254.686486486487,259.898128898129,249.528911564626,246.839255499154,248.886094674556,250.005772005772,240.478193146417,248.726396917148,252.663763066202,253.629067245119,232.041176470588,224.700159489633,203.123919308357
279.376913265306,261.927561837456,221.5,268.140488254261,261.811206281228,266.069868995633,271.402802101576,280.401360544218,267.968017057569,272.304587155963,265.588235294118,275.304109589041,276.956204379562,286.4,284.039215686275,284.967289719626,275.63436123348,265.261016949153,277.677248677249,261.408199643494,267.380116959064,259.470852017937,252.100682593857,246.511869436202,237.777150916784,232.967391304348,245.933333333333,247.50390625,245.511423550088,242.67,249.698113207547,243.879377431907,243.752921535893,247.106090373281,234.131687242798,243.84238410596,224.69262295082
308.005422993492,264.108695652174,246.309656823623,307.306129851288,311.51286225985,273.831111111111,278.622327790974,286,279.534693877551,275.11013986014,265.280898876404,266.191176470588,268.790076335878,271.26171875,270.895781637717,266.307203389831,264.288461538462,248.841091492777,254.628019323672,244.342902711324,243.411654135338,245.190476190476,237.356617647059,227.008720930233,232.15205724508,238.188767550702,226.693083573487,225.244575936884,225.797077922078,227.935582822086,234.859683794466,226.21706864564,226.771929824561,234.703862660944,214.173333333333,209.882580645161,221.065400843882
232.907352941176,228.511363636364,227.666222222222,211.497356828194,212.231149012567,206.701275846898,209.759533898305,215.072836801752,227.94043741275,228.078912171199,237.341397849462,229.076305220884,232.87508175278,238.906717850288,233.033270852858,242.408543922984,239.717624148004,242.995862639636,241.908314493846,237.954753961635,239.634607881389,235.371744277822,243.378401852924,238.123503808487,230.097761534947,235.074241738343,240.965471447543,257.666265060241,242.884158415842,237.700590640618,242.521438450899,239.68564231738,239.315764254911,238.162132148806,235.169835782195,235.728463128877,237.520596711307
201.01375,204.084611316764,196.880684376407,214.470277410832,201.85086176574,205.415875427269,207.225310173697,212.216064757161,211.953181272509,214.225425330813,202.473963868225,211.574926129168,200.416307471264,208.762295081967,211.782844733985,209.732744107744,211.700260642919,235.32725929574,231.563355563356,222.953589315526,229.38280954184,224.580179477175,236.650323774283,230.393970189702,228.146424517594,231.716227018385,224.653147444022,225.527403035413,223.2704378148,220.38178913738,219.475279682425,220.864842454395,216.09714061888,216.690086621752,210.126350789692,213.566608238387,212.235221165771
215.008790288824,209.292784458834,209.018561484919,209.097208374875,210.804670912951,209.811529933481,211.84126984127,211.666110183639,212.828859060403,213.451523545706,212.755766621438,211.007903055848,208.578339991123,210.692722371968,213.699871465296,211.695710009977,211.077344284736,208.907122905028,209.17534477906,209.691907514451,215.123127035831,212.855587576049,214.00505963137,212.855893669115,214.476105563481,214.074238795758,214.089082638362,210.666666666667,211.490955252301,214.936733376372,213.290026635099,211.478651685393,211.929556466642,213.758204451151,212.157212317666,214.974014062978,220.808372334893
206.577011494253,214.116101131071,217.568118948824,210.284732824427,206.502344031735,209.719464144996,214.540722082284,210.640619954795,222.710915492958,215.256458966565,207.122492836676,210.068639053254,212.247258577998,213.657497484066,206.204869857263,210.495253817581,205.876079447323,216.066445182724,214.659466911765,218.783155856728,213.598408855067,212.528225806452,206.924050632911,207.445922498554,198.693304535637,202.044139465875,197.691682470875,195.177937287495,208.135560552522,186.238884968243,204.22236503856,202.561252446184,195.989972652689,195.857086614173,190.976160602258,196.087982029203,214.697854379177
186.28045035824,195.786825726141,193.409751037344,188.843858969392,196.620240137221,200.844106463878,210.028697571744,216.051903114187,205.342672413793,204.980129160457,206.801253357207,205.930043124102,192.250525210084,189.002466091245,195.064593301435,187.376329787234,184.543434343434,201.702828001854,200.585451701212,201.05977710233,198.184435447593,198.324031890661,206.201988071571,197.866483138334,206.143732135566,218.537176547658,213.143960036331,203.791146424518,220.673076923077,200.191737288136,199.112221112221,203.761178861789,204.552951388889,215.387857610832,206.180948585094,210.017715617716,208.097662337662
193.225037257824,188.706543291474,192.58524173028,192.473414477899,194.391868002357,196.360867018161,191.572355613238,192.106733524355,196.686068111455,194.207547169811,189.86799742434,183.650326797386,182.33972438586,181.037146226415,182.51690458302,181.956388676358,179.225851285615,180.932479627474,172.148747390397,160.573800738007,173.411764705882,180.983946141895,190.043689320388,199.178881008668,196.211434735707,189.249046321526,188.291905672403,187.902593659942,184.939172749392,178.347397260274,176.008029647931,180.172508591065,179.473127035831,173.6503871352,160.747610773241,168.976065818998,174.630025125628
186.701793721973,178.414785553047,178.532340862423,179.586618876941,176.741588785047,177.873007146784,177.045334739062,177.962219598583,182.170976253298,185.484420928865,183.164397905759,182.225983076157,180.245429362881,176.996756756757,185.937740199846,184.312051649928,181.306394940267,180.921247357294,184.542615140286,181.965176715177,187.211369509044,188.86962962963,187.084590517241,188.696094168004,184.172396611858,187.327809425168,184.205550329257,184.345592212006,187.046479521399,185.416445623342,184.723150357995,189.982832618026,185.390243902439,187.897422409258,190.210526315789,189.053488372093,189.691977077364
254.103359173127,222.358024691358,256.877772301626,241.002307337333,246.513348164627,248.366215344939,246.954425363276,243.30106257379,252.397058823529,251.846997690531,243.947136563877,147.22491349481,124.889230769231,139.55421686747,138.582191780822,125.570422535211,173.218369259606,121.487455197133,115.925566343042,123.059829059829,130.093922651934,138.519841269841,150.245728234337,195.534666666667,165.610236220472,166.787375415282,185.934146341463,184.924870466321,205.960465116279,201.381818181818,156.641434262948,148.631970260223,151.20652173913,151.706081081081,148.228448275862,137.093851132686,141.313099041534
221.077230359521,183.014003294893,179.105237633366,183.71869216533,210.240793201133,212.210315186246,219.936656891496,205.998799519808,206.383822363204,207.496794871795,205.8625,137.828947368421,128.293604651163,142.772413793103,141.724137931034,125.726890756303,173.583401139137,126.318791946309,122.581993569132,116.390710382514,128.423312883436,131.247619047619,180.918205804749,194.11826544021,155.83023255814,156.368421052632,174.681198910082,184.938502673797,181.409350057013,184.079569892473,158.958466453674,146.390804597701,142.292857142857,136.013559322034,143.141078838174,137.270833333333,130.778169014085
154.766233766234,143.27911969941,145.83075157774,146.46357226792,142.294807370184,145.192681532304,145.40921710161,146.29210836278,158.887995712755,160.313463514902,164.521436848204,153.872868217054,167.452712433989,165.613835828601,166.150492264416,163.958559782609,163.204293628809,164.655019412091,163.409022556391,158.868539889614,163.876668446343,175.551230425056,173.444444444444,175.982967032967,178.151727591387,179.871587462083,188.032407407407,178.758383096004,170.284277879342,163.372349448685,176.840573012939,169.155161078238,191.473571809931,180.356605800215,171.869791666667,172.394268345636,174.030261969286
210.348822406111,212.337037037037,218.381584404811,219.443298969072,213.046526449968,231.639149468418,216.153284671533,223.943083573487,217.770212765957,184.741600488699,186.467732724158,130.51746031746,106.813492063492,122.546296296296,125.350993377483,115.076045627376,140.359592215014,100.512422360248,108.128099173554,107.05527638191,116.254691689008,124.809352517986,129.390594382756,167.058361391695,149.464190981432,158.003597122302,173.654761904762,170.528395061728,192.771,170.478927203065,143.276872964169,131.617647058824,138.615942028986,142.538461538462,138.020202020202,126.435897435897,128.180555555556
192.154975530179,194.303394625177,202.900501672241,185.719983719984,184.888123011665,193.600994125621,183.79926335175,189.799877225292,227.992694063927,220.688576898532,221.199473337722,141.813291139241,113.317073170732,126.819241982507,125.231481481481,110.710191082803,150.600847457627,119.089285714286,106.009677419355,100.597855227882,108.766203703704,121.16095890411,150.810975609756,167.382716049383,130.752941176471,142.194539249147,165.229281767956,153.509234828496,161.615107913669,149.784860557769,130.332179930796,121.233606557377,122.164233576642,126.864285714286,123.604,112.985915492958,110.724252491694
153.723627684964,155.466363636364,146.311427375471,161.340250329381,152.553358055212,151.730807086614,152.504871567759,153.954727030626,164.022370486656,169.580037664783,155.430167597765,154.92138063279,146.932924156072,148.979381443299,139.588703261734,134.546685673557,129.414728682171,133.769780743565,123.172398190045,137.360645365391,139.836706531739,141.84249628529,136.862361382909,154.02731277533,140.087755102041,144.53105345912,145.930753564155,143.285407725322,137.024156441718,132.866194809572,136.810685738326,136.797202797203,131.990266060999,129.238532110092,121.788407821229,109.570252469813,101.737610619469
162.993727598566,153.087730870712,162.2670405522,149.140360766629,164.777157360406,167.268361581921,170.36975308642,165.363876071193,189.011316872428,164.368296994697,162.255357142857,125.736,109.823129251701,110.769491525424,110.838028169014,97.3333333333333,138.020503261883,102.935483870968,93.536496350365,84.468152866242,89.1310160427807,105.257627118644,127.420479302832,137.685747663551,137.831831831832,140.587234042553,155.240480961924,165.610993657505,158.992709599028,162.78496868476,146.310344827586,135.920187793427,135.990825688073,137.102222222222,127.887755102041,123.603278688525,123.954918032787
133.739348370927,133.552070263488,133.631909547739,133.600997506234,133.375949367089,133.329615861214,133.346298619824,133.294855708908,133.247798742138,133.491293532338,133.328339575531,133.272955974843,133.221118012422,133.974874371859,134.206766917293,134.343396226415,134.195,133.941919191919,133.901140684411,133.854777070064,133.998734177215,133.949811794228,133.727848101266,133.679292929293,133.442355889724,133.513994910941,133.680050188206,133.408521303258,133.456821026283,133.386163522013,134.281444582814,133.998738965952,133.866242038217,133.854777070064,133.752538071066,133.727388535032,133.596446700508
118.243890977444,110.556152927121,115.521276595745,119.176644931832,125.210578842315,128.922734852696,136.074179743224,138.482551799346,193.339176161262,138.755964214712,140.954913294798,118.768729641694,96.0198675496689,110.51,111.344444444444,101.925170068027,113.796842827728,107.165991902834,97.9121621621622,89.5567567567568,98,112.328173374613,152.224284609435,142.755263157895,132.746527777778,142.041666666667,148.846666666667,148.492063492063,138.692677070828,145.427272727273,128.647058823529,129.241509433962,124.118081180812,123.975708502024,117.875471698113,109.658362989324,111.088414634146
113.091801385681,113.421482778751,113.585730088496,112.020033388982,111.873839432004,111.803953871499,112.130919220056,111.293987865416,112.137155705452,115.155132641292,114.827605019094,113.082860385925,113.969966629588,112.930429864253,111.839330024814,113.120364346129,115.565025252525,114.703639514731,113.881578947368,115.759694156199,118.808796579108,119.998742138365,118.528985507246,115.873804971319,116.658377738307,112.224022878932,116.77934537246,117.822746521476,116.481848184818,116.559301625527,116.927822331894,104.040366350068,104.915819010873,115.810975609756,100.695609111918,99.2333333333333,116.734080188679
115.763822525597,111.9953145917,109.683631361761,110.649073554183,111.003305785124,127.482329842932,125.773093614383,116.532871972318,123.832834032355,121.964304741609,118.579923273657,117.658333333333,121.767531219981,113.76974789916,97.1105675146771,98.3098591549296,96.6095751854349,107.191613278975,108.764803541782,109.861283643892,110.498803255146,110.844355133358,130.646699944537,106.861405197305,99.00390625,94.4028662420382,94.8005917159763,85.3856749311295,93.619923857868,90.9892252437147,98.3149568552253,98.2805916629314,82.3175331294597,84.4744475138122,86.5813287514318,84.2058973055414,85.8334284084427
56.9700598802395,57.7881489250131,61.9865374259558,55.634001082837,57.4103671706264,51.9656233966137,58.6652267818574,55.0282038594755,60.2394564198688,61.3606953162723,65.4799007444169,67.6709844559585,65.9086073500967,64.0925822643614,62.7533632286995,71.313713592233,66.6568306010929,69.288725939505,74.2473317865429,80.2436131386861,81.020979020979,84.2802996914941,85.9877606527652,82.6118251928021,65.7793209876543,71.2385723231058,72.9593123209169,67.5039872408293,62.3600348280366,61.1509648127128,60.9795031055901,58.6692913385827,53.6317411402157,49.6269633507853,45.2354948805461,46.0371318822023,77.415133998949
48.2851192730026,55.510556621881,55.9580498866213,59.4386437029064,61.2991803278689,62.2649151614669,59.3784683684795,65.2694508009153,60.1494252873563,60.1679611650485,58.8445807770961,57.0220729366603,56.0606806068061,57.7248293515358,58.7440617577197,59.1975903614458,58.3921671018277,60.2729591836735,54.8132068588107,56.7876480541455,62.5257826887661,59.9635108481262,56.6122540250447,55.1150234741784,58.3482099068171,55.9730668983493,60.5803528850739,61.9238476953908,60.2460383653044,58.7914893617021,49.344207723036,61.2909574468085,60.3339658444023,66.2822055137845,57.0482654600302,60.6943887775551,54.8200445434298
57.7905188981422,56.4899401848831,60.0990990990991,67.5152041702867,61.5602536997886,72.1398002853067,62.7414248021108,60.2445652173913,69.9438377535101,67.9587995930824,48.5361134995701,56.7135986007871,46.3000462320851,57.8682795698925,64.7053417576106,57.899922420481,60.1887573964497,61.7692797960484,60.7914012738853,63.8363019508058,62.8202328966521,52.6906847133758,60.5146641438032,52.7343049327354,61.0067771084337,53.4129082426128,50.199168207024,38.1996732026144,28.8572664359862,38.1748779405237,56.38818359375,64.4001068376068,59.485222998388,45.4169224024551,53.2697974217311,49.7048054919908,45.1196353968857
58.6779404341242,52.4838516746411,54.7101449275362,53.6610629067245,53.0880913539967,55.2824339839265,47.6014492753623,45.4910765687968,52.2851037851038,44.86625,41.4958990536278,37.584756097561,39.4323258869908,42.460739779364,40.2407825432656,44.5031007751938,37.3239237826394,42.6576121288692,45.8567035670357,47.5823336968375,59.6413387607417,54.7595936794582,52.6782988004362,65.2859912748425,71.6372732958099,62.6149003147954,66.0993343573989,71.7743148844707,77.5005417118093,81.3954943679599,80.2708600770218,58.6855753646677,53.66472303207,84.6212121212121,48.2380952380952,43.5198511166253,39.4816157431383
39.2155688622754,43.5685884691849,43.6048932847475,42.7387193811775,37.5950595500662,40.6495086569958,41.7124214596423,37.5613969207661,40.9916457811195,38.2901843120446,36.9289248762933,37.5348557692308,39.7967945048655,43.7048479087453,47.9847483477377,46.1413166855846,42.2867340868531,47.129638112689,43.4816814500578,37.8531499556344,39.5313092979127,36.2716599190283,35.0586876155268,33.2546554934823,36.70375,33.954114713217,33.0640569395018,40.9776255707763,40.1722903885481,38.4600146735143,27.9986613119143,28.2102272727273,26.5167286245353,26.218026183283,23.4080787156914,22.9537434430138,25.4143530644316
40.6043089858119,38.531045751634,39.1306051371354,30.9264112903226,26.4172526957337,30.7169720347155,36.5704496788009,40.2851619139681,27.8159645232816,25.3295913785361,25.8776732249786,24.0704697986577,37.1329908675799,54.7122328666175,43.5648148148148,38.4776119402985,34.6381578947368,29.469896519285,30.8805719091674,34.0945241199478,27.2869757174393,23.0740242261104,27.2211376640862,29.6215177713737,38.7437552624193,27.0815861440292,27.6383549396513,26.9558748075936,33.3037037037037,43.060860058309,29.7271599834642,32.0549401860877,39.4107332624867,27.5459340659341,29.5248518011856,27.5641569459173,24.4437439379243
24.4255319148936,27.345260514752,24.2238805970149,28.5909090909091,25.5237373737374,23.9576221306651,24.5437017994859,24.3196544276458,24.3086832061069,24.4058823529412,25.1030042918455,28.6497948016416,16.0138613861386,26.9385875127943,26.7081468218442,34.7622714148219,31.6588287488909,30.2039180765806,26.5699888017917,31.2551762730834,31.7577548005908,30.7778941854374,30.636696288552,29.7751605995717,29.0779014308426,27.8130797773655,31.8963511369646,32.9276830953478,29.1546134663342,36.4967453213995,27.6221264367816,30.1712389380531,35.2989175686928,33.7782018659881,37.30441898527,38.2692799318279,33.8573975044563
1150.24280230326,1150.89775461107,1144.81818181818,1144.98480371465,1147.02308326463,1146.52161383285,1118.7266656774,1143.95818540434,1144.04737678855,1144.17685950413,1143.98366235534,1143.74836295603,1118.01206371516,1120.4267453294,1100.32789317507,1101.97922848665,1101.04513618677,1093.15751211632,1103.00380904012,1093.42963599885,1098.07219181652,1100.73752588966,1087.96755833808,1095.02964028777,1096.83007915567,1111.23200210194,1114.7427333706,1088.74995169082,1059.1062037564,1087.50052399916,1115.67553055485,1063.16214367161,,,,,
965.056294779939,964.176912247771,961.33280085197,966.976076555024,956.623612960497,959.409513960703,955.906562847608,959.761796733212,956.457044673539,958.194217130387,955.6572265625,957.385052034059,957.144693003332,961.494152046784,958.501862692922,958.612171222279,958.347658402204,955.254578754579,953.613403880071,955.97409733124,953.98093220339,949.845177664975,952.772890025575,957.740875912409,956.901263453439,951.956048738033,954.249870399171,953.912783751493,951.864583333333,,,,,,,,
417.160812526449,414.325199436884,417.735368956743,414.362934362934,408.409594095941,416.498569677156,412.846846846847,411.952826510721,408.01595532509,409.08138238573,407.884587020649,407.772094772471,408.935147223258,405.908794788274,411.534443944169,412.582515991471,412.397667872939,413.978126289723,410.759543346415,416.151278409091,401.092463092463,403.183916891112,400.325443786982,401.162556053812,405.503125,398.984496124031,397.101376720901,390.806420233463,399.696085164835,,,,,,,,
528.527530152071,524.338905139992,523.207056638812,525.576337368215,528.203466204506,523.756994818653,526.704288939052,528.548044217687,530.869626168224,529.219851116625,530.158548233047,528.914526315789,526.97529364115,526.536007733204,522.36839012926,522.59987357775,528.425953442298,528.133986928105,533.301960784314,529.626188418323,529.384991119005,518.85125588697,534.361998361998,526.995878413189,528.033522190746,529.677292790584,535.109828611403,,,,,,,,,,
149.790128946198,149.834058759521,140.682771773681,162.350432276657,156.30677052127,153.419533851276,146.358502954695,143.007629704985,146.322844907838,146.694856577646,147.592477704537,199.311548458968,194.158825129181,195.356112302593,191.831118060985,183.289922286287,225.225664527956,191.85511177626,196.395315071145,195.002679726483,193.2112,191.554843039296,216.176486341725,189.443401287554,188.046981499513,179.30752233644,,,,,,,,,,,
645.082881105081,648.726666666667,646.490118577075,649.269552385637,643.962690488702,643.885404789054,640.228754940711,644.466,642.261303890641,646.534304511278,647.304812834225,641.323463687151,645.189737470167,638.381511027687,638.827566647759,639.209677419355,637.405590416429,646.32482124617,641.827268316351,647.136673346693,,,,,,,,,,,,,,,,,
601.126344086022,647.405687203791,597.089410589411,600.354468297554,600.193677872554,602.837513061651,602.885587583149,596.19591226321,592.840316573557,601.470683162991,600.095280898876,599.350902184236,599.566876310273,600.910891089109,600.840768277571,604.312986235787,603.07174392936,603.886999451454,601.049079754601,606.47469677959,,,,,,,,,,,,,,,,,
555.227272727273,562.906779661017,554.747023809524,556.717232202262,555.877887788779,557.194482758621,557.405155320555,553.96397515528,556.379834254144,555.073979591837,555.150740242261,557.062455132807,557.186339522546,558.061983471074,560.645726807889,559.198255352895,560.548037889039,558.288567493113,560.333333333333,558.566848567531,,,,,,,,,,,,,,,,,
551.919840818647,549.964968152866,557.420118343195,555.863384955752,556.139289678135,556.104988399072,553.946375957572,559.418774592468,555.866188769415,557.645434047351,585.304156171285,553.275604142693,551.294864715627,551.851711026616,552.556938394524,552.611001964637,551.785849652558,555.038043478261,552.835607940447,551.296360485269,,,,,,,,,,,,,,,,,
972.868407032499,972.985224274406,971.480277185501,973.771017185323,975.307550644567,975.936380772856,974.970984020185,971.763050385837,971.289926289926,969.811446090956,971.714555765595,989.462144308943,974.716029292107,993.428540910062,988.529368395183,975.114315679077,982.882274544647,997.321118611379,980.454202586207,,,,,,,,,,,,,,,,,,
910.02800810761,913.523683163062,915.848939686037,915.487451199108,912.443743693239,911.343374911744,913.240215924426,912.242564802183,912.069541959211,913.119368854333,912.054400821144,905.139561487131,908.936711522288,909.567004285158,914.809287383178,910.631794272355,904.339947780679,906.072875633089,902.247933884297,,,,,,,,,,,,,,,,,,
346.433431085044,346.283746556474,343.888186487554,344.065323897659,347.083818915285,347.515043345232,345.711212814645,350.368052078117,344.887069452287,347.963101160862,349.414969730325,351.697931034483,345.310146443515,345.622984919397,342.688836104513,349.622335890878,352.973991507431,350.837595334231,344.362290227048,,,,,,,,,,,,,,,,,,
1252.76577486118,1254.64056603774,1246.41189427313,1261.71573604061,1251.14711274061,1249.54666666667,1253.4384469697,1220.23828281479,1265.55729304709,1231.43197259812,1227.67908947683,1316.83408577878,1227.46932321316,1228.26500456719,1322.67663817664,1241.28728643522,1232.73323852093,1237.40930443149,,,,,,,,,,,,,,,,,,,
1287.79065743945,1256.0421686747,1243.47480620155,1250.38555347092,1286.58201058201,1281.93431771894,1291.30424638357,1215.82675913885,1198.66583448914,1216.37590870007,1217.42322435175,1326.74691358025,1206.57332620811,1215.42518330091,1315.89105858171,1191.93959910913,1191.40381252186,1187.63492063492,,,,,,,,,,,,,,,,,,,
235.027130545803,239.198556921432,240.134339914828,243.183781401498,237.976124885216,239.333157894737,232.11149825784,230.679726921935,232.123726346434,232.029615004936,230.383479212254,233.360608670686,232.6614017769,234.802611752888,233.441704035874,235.124858115778,237.548840477864,,,,,,,,,,,,,,,,,,,,
232.990367463432,227.888172858226,211.383819379116,222.549527476374,216.767685223943,237.088635259835,239.047484909457,239.300444803882,241.17353077279,239.113469985359,232.288264698881,231.629850088183,242.373256277401,216.613141250878,238.784516129032,238.01743498818,233.720170454545,,,,,,,,,,,,,,,,,,,,
1324.60095011876,1231.06128366034,1225.58468669408,1222.83446456831,1216.13828772091,1214.71323258386,1217.38104253948,1327.17415342087,1325.6620185923,,,,,,,,,,,,,,,,,,,,,,,,,,,,
967.784112149533,1005.03394255875,1006.45337026777,1011.15969062784,1012.50412147505,986.171986970684,1018.44868947135,1028.54398382204,,,,,,,,,,,,,,,,,,,,,,,,,,,,,
1007.40684875662,1016.3236036036,995.641563393708,1003,984.002031694433,954.620215897939,1017.55696721311,997.607787274454,,,,,,,,,,,,,,,,,,,,,,,,,,,,,
1003.3596950929,991.229795520935,997.356291883842,994.860936408106,994.472662440571,999.072620215898,990.439277350284,990.545061283345,,,,,,,,,,,,,,,,,,,,,,,,,,,,,
952.889164598842,955.085848227366,952.998496240602,955.774655963303,955.387928111224,953.878436163714,960.610843031507,959.384615384615,,,,,,,,,,,,,,,,,,,,,,,,,,,,,
1140.76420454545,1135.85714285714,1137.0942293645,1132.38553259141,1135.08642972536,1141.63656387665,1133.96162046908,,,,,,,,,,,,,,,,,,,,,,,,,,,,,,
1330.27172582619,1326.55785123967,1326.13326848249,1332.09836065574,1330.61926605505,,,,,,,,,,,,,,,,,,,,,,,,,,,,,,,,
1303.34453781513,1283.1896713615,1295.22488479263,1307.8947885939,1304.11802575107,,,,,,,,,,,,,,,,,,,,,,,,,,,,,,,,
1203.91767955801,1218.27092050209,1236.45257452575,1242.62948960302,,,,,,,,,,,,,,,,,,,,,,,,,,,,,,,,,
322.916083916084,323,,,,,,,,,,,,,,,,,,,,,,,,,,,,,,,,,,,
1293.95595854922,1296.12276612277,1287.64757228587,1307.7470657277,1300.0111627907,1298.03171806167,1291.70469798658,1290.78323108384,1281.93234323432,1299.70262390671,1310.55080213904,1317.62109375,,,,,,,,,,,,,,,,,,,,,,,,,
676.639211136891,688.577586206897,702.093802345059,695.667876588022,685.107973421927,685.895555555556,,,,,,,,,,,,,,,,,,,,,,,,,,,,,,,
1020.844620426,1014.4,1016.1776974416,1017.94724637681,1016.88801571709,1014.20362225097,1001.67636986301,1005.95402298851,1006.42077464789,1015.90370605005,1018.3280730897,1016.54731289153,1017.90536699549,1016.61334709322,1018.97541298502,1017.05475310715,1009.783847981,1016.54665686995,992.401167448781,995.081909061593,980.717563989409,982.139039242219,976.615874513504,964.617630331754,987.517852834741,981.589585290565,972.863156100886,982.595225234957,968.888581697539,,,,,,,,
978.765137914151,978.745036915505,977.031254883576,976.543386562218,976.357229647631,976.320993367268,989.971086417089,992.32298837603,994.273218726349,995.348757408755,991.870945539017,986.507557048306,969.458284827319,982.983828846926,981.139820359281,980.339240147434,970.629767938117,976.724137931035,945.585487077535,966.601052777393,978.428117553614,980.113273647334,988.211091234347,983.461333333333,987.191911181602,985.318316100443,984.822321122903,984.400222139948,983.350526315789,,,,,,,,
323.044397463002,326.883040935673,325.596529284165,332.303538175047,,,,,,,,,,,,,,,,,,,,,,,,,,,,,,,,,
254.640247329961,261.982044480718,321.293244246474,303.439139139139,291.115736505032,291.269036334913,301.504679965964,255.7679305619,301.19368737475,254.45220030349,300.65085293227,250.329348245276,250.296034550452,295.028388052333,285.925759482294,296.623524731468,259.16517335411,291.87270155587,262.3273958856,272.604439959637,,,,,,,,,,,,,,,,,
222.175136116152,221.877798165138,228.874362244898,227.468195027446,221.141122278057,222.081543502002,216.46918767507,220.876712328767,219.968592964824,224.485035629454,218.035976015989,216.302113821138,216.538929440389,220.841717791411,222.716019417476,231.706742102782,224.780986228343,222.366586949095,218.536558345643,223.725155279503,,,,,,,,,,,,,,,,,
1319.19700214133,1299.17476489028,1303.48073836276,1299.32268632269,1283.74605451937,1303.76384022425,1301.30178432894,1309.54223968566,1298.32105760151,1313.53194103194,1309.02148760331,1307.65056360709,1300.52008032129,1293.94280762565,1298.79557428872,1302.9791144528,1291.35623486683,1306.62156862745,,,,,,,,,,,,,,,,,,,
497.431421446384,452.848,448.476423990947,450.361801242236,413.152214597629,414.197014620182,441.911695215594,456.146306818182,463.276229994072,454.117950481431,418.836345776031,444.881285742457,428.465077834412,443.70384090466,,,,,,,,,,,,,,,,,,,,,,,
1204.6698637052,1223.37842255823,1228.20175759795,1220.40006131208,1251.05382293763,1250.81065793391,1245.95198237885,1256.89677222899,1251.38514115899,1230.05764649833,1256.2886002886,,,,,,,,,,,,,,,,,,,,,,,,,,
220.72706171491,222.648633677991,216.693122402467,203.236398381295,226.308270676692,189.959137794234,199.99799151975,198.243707949165,202.94245049505,213.008744266055,199.018290792601,,,,,,,,,,,,,,,,,,,,,,,,,,
149.038628571429,150.41367066134,147.618964003512,141.980700712589,170.773578632384,136.108960176991,137.738038277512,140.134456101601,147.883796171475,145.276147050442,132.463244613435,,,,,,,,,,,,,,,,,,,,,,,,,,
394.484705882353,377.381339610529,355.952127659574,358.261707988981,368.965260545906,352.33361309274,368.559115003457,,,,,,,,,,,,,,,,,,,,,,,,,,,,,,
496.733041575492,468.361269324654,499.821879382889,497.870422535211,508.630317555422,,,,,,,,,,,,,,,,,,,,,,,,,,,,,,,,
