Var1_1,Var1_2,Var1_3,Var1_4,Var1_5,Var1_6,Var1_7,Var1_8,Var1_9,Var1_10,Var1_11,Var1_12,Var1_13,Var1_14,Var1_15,Var1_16,Var1_17,Var1_18,Var1_19,Var1_20,Var1_21,Var1_22,Var1_23,Var1_24,Var1_25,Var1_26,Var1_27,Var1_28,Var1_29,Var1_30,Var1_31,Var1_32,Var1_33,Var1_34,Var1_35,Var1_36
1.19026695505893,4.2988495480638,2.67942686304482,2.58325630282823,2.98953999617417,2.38622257463287,3.0218765044722,3.68221824250011,5.39420655971986,3.55083004317008,4.99701399612892,13.9659457801214,8.75156470786955,1.07186492830685,9.5303417349701,4.35121192188699,3.43658031579979,2.49209242690152,4.91082544549961,8.40169039506842,4.74508015376305,20.1572957183481,24.1888051052889,2.98957297390387,12.7963251165054,2.1661638314306,4.81599414790913,5.35694353480763,9.05241470921513,1.73718318633543,1.65146923565633,11.6775721543624,129.800130991024,135.294438168719,10.4219825759513,14.53610947015
10.0984665575722,9.04644437859563,8.0662336386072,2.60735684741317,1.94090171865111,1.53720998323997,1.81459707310968,2.76766195859908,2.25436548452827,2.491907424045,2.65211280552946,1.63557880666525,4.59791244889401,4.25166193900154,3.66516016027501,7.37127518749245,4.5642746511404,6.09385956630292,4.58080871395748,6.22158556634361,0.299486005656116,8.96749241835198,2.35533335842786,7.19432747189857,4.02800415202701,3.45146064039471,6.63516851276206,5.31396040542709,4.4586636890545,1.85399767732843,2.1743644135578,8.46102863185756,3.79822878446278,6.36826110348889,10.058529156597,7.7927411725211
1.57891889506886,2.09159285827091,3.79014513851337,1.77787420878852,3.50478539805105,1.2786437471289,4.75632924329871,3.77606502380078,1.80894974119774,1.66148549243878,2.92210979894599,1.14212091216713,3.49091349742674,0.969642321788873,1.52650184580416,2.23805906092661,6.06231742943475,2.54256149254208,3.70848233476217,2.52177900300897,2.10254116879789,3.53297488502208,6.51704545951456,3.94259928913737,3.07919906481733,3.26485499472575,3.91484316735477,3.36829902860494,6.31735176094377,3.10777823678859,7.47741440956739,7.60716337734978,2.40033375296422,3.11222121368373,3.18224550340337,1.38888405633755
4.00128539617358,8.29112333677494,5.76352018321858,0.899897936028186,1.99375143660686,1.64158508850086,0.980604500289785,6.97631028885518,2.72929815125351,4.7564450521345,4.58870095829536,5.85219216794667,6.59701363811879,3.10136716273431,3.81237332136187,1.72144931761208,8.37034247767055,4.55682656628243,6.45087090234671,4.26431533706586,5.63485540205646,14.1596642412889,10.0747088456914,5.74449168876442,1.26991205514006,3.65526884232931,5.74606594514707,3.84090036576858,5.26851780907798,7.06126093363912,6.787601538163,9.45762776559684,11.2566686048571,5.01979514308867,8.63763632962868,2.84133913439221
3.22263916447016,2.08697980335856,1.07381362575563,0.868494723440309,9.965274759213,7.44937215491072,1.96319057023018,8.49642437086584,2.91247019935989,2.57633499858694,4.71673603921281,4.11394465601989,3.95868040328669,0.924745584682726,0.99152933722958,4.24057412026898,5.21189625974703,9.18796720907877,4.61807912190387,2.84970427238912,1.80906811050051,144.7013048618,144.036529759282,4.05738504118609,7.59955135323183,2.99462782523934,7.8184440560907,5.6707733255814,158.935091999491,5.23759566855332,152.793971442851,124.384585824134,113.535333416364,145.49192909237,11.8743134952559,10.2916570820773
17.848807672498,20.7737439670149,1.35740296308315,3.99369046074272,2.34274713812143,3.56258811922219,7.23280536602205,7.7049344421085,1.10116599036708,2.74641307639868,4.64407818482981,8.52482096906329,4.36736384116826,8.72866313142415,7.21011275768478,3.11332406424332,7.67435649727703,9.03373183342002,5.75908558587667,15.5099985020571,0.307868026906488,10.8440689799102,9.09305808534386,7.49300029649303,13.6629771033015,7.41969556845319,2.32041050047938,6.3963869521293,5.72486342876257,1.91499222614564,11.3573884864174,5.23199269702349,8.93524300358571,0.974288427187246,10.1940556951166,5.61647321494933
11.590700889894,10.7620135789782,11.2163002247057,8.73995421090024,6.00395607078167,10.8971941432201,4.30176870194099,6.19633030632334,11.1845573677446,3.15069139918659,2.96431289163709,6.47851709878067,2.81872567229861,14.8787328273973,8.193986178678,4.91259315708545,1.12117124232343,5.09543619060691,20.3313236755986,11.4014307207889,7.53961516158174,0.886129941322607,4.72496987147987,12.9836432493461,13.8014890764533,10.3538044631845,13.2005595748377,2.05984538082915,11.4025373066821,8.92554464436796,5.71779449919133,8.92920649566168,9.13114541280575,12.2473566905564,16.893022481656,13.6672371368587
3.92806682185549,6.02977006695453,3.1864585673365,3.98984003094014,3.85600900530587,1.35838148027982,0.60898623513387,4.11418080603736,2.80925236264386,2.99467693203118,4.24845150780461,7.5718646824123,7.83928093167792,4.0397320294877,6.7585270592693,4.84518399419709,2.30468789040115,5.9078008357437,4.92687544336567,1.85761192412522,1.30163991487226,2.81012062742128,1.25058625137142,4.45061158010163,3.65351932021118,3.02977512396817,4.66238924314287,1.0268501596429,4.45799814938611,2.03646448132841,6.66073266758645,7.53958663597203,2.26780039001432,1.88241954971725,7.54528868542816,5.80835310238067
5.61300747481981,23.8029926375909,18.7425150601538,7.43100445824817,2.60659490948226,6.58424279105181,5.59539368791248,2.89574954469153,7.37843182265787,5.33686615169244,1.22318658533316,6.91452096193109,8.03508252286437,3.34088124329159,12.3725256353863,11.0714612064153,6.05490620350309,8.82669765721157,12.924579648033,4.34571690906024,7.74067528096911,3.19060223307686,3.44148321667881,14.661123180335,6.00705406830086,6.11289073007298,9.04653817288133,4.07100009616974,7.8754686095502,6.64030753746241,7.95848690269457,22.504516789055,3.38245912151653,2.26837688259399,4.87764750227199,1.54805787920583
5.31939485065699,2.24245700361364,6.19740898925387,0.901086310895971,0.665089683217631,4.44024500460117,5.24007744830401,3.24603684341908,3.09617281970298,2.71700986507821,7.17672054028903,2.56770509883106,6.12088529024012,8.59919931802079,7.70248356394646,5.66808360373601,4.86816326223605,1.57241439436919,4.52626738859165,1.98221203618112,2.4597939293793,2.14339505525601,4.57837501433313,2.28570172478203,1.21459142469888,2.83272087865351,5.6159693302752,4.66734291913148,1.67817687724926,2.02168349993388,3.33262803426801,3.74459138356745,7.25770380024072,1.98438151082721,7.27074337584137,4.54246747290708
28.3337656529919,8.30451781752943,10.252963922187,2.6201062461874,13.6632934189665,7.58691738123794,8.93057386359752,8.30496226729364,15.5327337161694,20.9063120917672,22.0488556803456,8.38028825625736,11.3786802517507,3.65727034438083,2.37114162098062,2.76994602681863,13.852079046188,6.12315123460433,3.36734693320453,11.4817671291008,3.46896254764411,1.72180968100986,4.53704870552868,3.31692418185565,2.04214090416349,35.0351006060974,9.2150628426175,3.39686797698131,3.15914875502469,12.1249018071875,8.44318067576243,10.3682435819263,5.61517402673384,1.33212688496474,1.16170155065493,17.5184458627171
14.3334652479334,28.8692854160586,27.4532568338097,2.45783016382659,17.9764832083154,14.0637330357055,19.5937738128416,1.6808197155032,10.089250145124,9.79622741092412,16.9887758908841,10.0855376570966,13.1722958205922,77.6290625668519,1.94701207872816,9.86214297116849,9.58198386002503,4.23565008241941,17.8170360137587,25.3965835465288,15.3384168262013,9.42985181017707,7.0603929004021,10.4492969521684,16.8623185475833,5.90456644327901,19.658186186538,7.55318556956852,3.10114205488577,15.7111921503875,10.6531609120077,27.2318843531088,4.88760697040027,62.1945369227195,6.46356423660236,77.3542042210796
81.4602606161214,88.3322925651649,10.4156769877008,3.15896559342461,84.2559437940135,8.63182707515869,5.56547592806421,16.788630579867,10.9872071259874,4.62980191550647,2.31091131801247,12.8675074933829,5.38964086642135,23.1228311269202,15.3161655853338,33.0161943357198,9.59954646112133,16.0301320673189,2.55270954940635,15.1524822696006,0.748539727907182,8.98310000348304,8.34237198985834,18.2509249248933,16.9354306266318,6.21886000573994,8.88792816931758,5.76065679722285,10.2357741324609,14.1765355919398,15.2687121660091,74.275353676682,2.98046482120967,62.8139383108766,10.1865695702021,46.2425893194354
59.3554278797779,60.2772602134577,21.0492300505427,13.1619437760412,40.3463277093335,5.19847303401079,15.0347062175545,11.6171288713644,3.59714132087147,11.2829466530622,13.7480150399309,27.163086705168,6.4232075569051,53.6522255013451,10.6885713308856,19.7229353177492,21.6635603735165,9.84661635208673,11.0760180696008,12.0535342755172,6.01943551035505,5.34893251440592,6.00299936284464,10.4251061129698,15.1147842324044,1.58850002946148,18.534869956485,7.58471920502785,6.03958620296423,8.40523327214212,9.41167835761097,74.578553190018,6.37032043629317,86.2274227306224,8.25842457786725,137.411280633854
46.3856592744538,43.6663095762626,11.8061256326215,11.6235101847699,34.7888974973558,35.6984655564741,37.3480182735073,9.53722864820769,3.06343863712981,3.75026838856986,12.3495194083753,39.655286114456,4.13444242564142,2.24208192183346,9.89697185942683,3.89830774461144,3.07602204161208,16.409429919901,17.6876531041538,2.4042426291968,11.0117687015641,16.6259729870218,3.55836438924912,5.98647910711786,36.4587124711845,0.837927147195726,2.84630494672222,1.05583547898889,36.5849849640629,34.7073566977116,8.16470326491484,13.3002718932769,4.55048825098356,62.7236605703394,6.35531537837123,61.9099460497927
15.7364510128058,17.0777364502257,1.9670785293152,5.55756162548606,5.72943869960982,0.332372985689668,8.90868506581034,14.2308370292374,20.5376837178183,2.96560508076306,7.75057738635195,17.8031206029917,6.89495205048338,13.1449027923523,8.04294183383169,5.46349079154901,10.6238183430555,6.74663227881169,6.35560892873893,37.4881951179204,17.2841628474053,15.4646317374541,18.6807863680366,18.4627748060998,2.24090610899812,5.63276784017904,19.4657089066801,5.17088612451889,12.0069296914153,23.332263741486,21.7286312422715,12.8364175434521,11.3802710679116,9.68579471076009,13.5245941108913,7.39712826962986
1.40135076760645,4.19922644570112,3.32610980928735,3.59451681845964,0.603930956812372,1.31045651480216,3.86503261529767,5.49013558017675,2.19274846016348,2.79119087743795,5.22781134919962,1.31269475022698,4.15134415154917,5.76980934648102,3.6363402303233,2.61439157455963,4.29111860072371,6.85264581811543,5.03263873469794,2.53743663277735,6.42232066671845,2.69236436912449,6.30029573781911,3.03403467985108,1.39263713323275,3.17600629423652,4.78299766314906,3.05817212208967,6.04111878027039,5.97966463860367,10.1517558379962,4.53552096083906,2.43588216804333,8.53105406889254,3.99018375621033,9.52691605613241
4.27102147648351,14.0581564704952,15.6605614090505,8.34746684298809,10.884697441361,16.3392197287942,7.69729899536883,4.56449394428964,6.99242670110377,4.0019523347352,13.8026306393591,5.61984640444219,9.05448327436729,12.0763886658008,2.4756400641584,13.0375619895113,8.24362783908443,33.4051348680797,34.1023697103612,4.19295142169741,11.9578120616328,9.05718739056851,3.09931473278271,9.42770985385341,0.648495701364921,5.51237119572678,9.538967224235,6.32950867249105,6.24336158081982,3.35822754025968,2.17418672223287,11.1164259871376,3.03649326149644,6.35437526663951,0.785565435540903,4.34911400808848
1.58252402667216,4.01751068274789,3.64441259457327,2.15897084215139,2.36167289846083,7.58583837404668,5.95027126656134,5.57994005408154,2.14893430194455,7.04911255914857,5.64597073769779,8.19206077322696,7.57083638163211,2.3566348741236,6.54335312996122,3.24758350894103,9.3605729676646,3.20219560352051,9.07373883978101,2.11020667963478,2.27562058723779,3.8792882736295,4.93947406050855,5.57743660160642,2.02924993955416,3.95180158489177,7.4226923558279,4.54375974463431,15.2178631117978,2.28736366361344,2.25368109461825,14.3057756458285,6.43836626106202,41.1034622991684,45.2543665657479,5.72600276332603
11.6618290076932,13.4593405049283,3.23914792852422,2.93525977336539,17.3125881220639,17.767725616127,4.65709065173957,5.48710619348732,3.15611828178578,7.48900438970536,7.87243306286808,1.91813143699189,1.65324461822952,2.61925170838359,5.10626247901017,15.0131203222398,12.9225070018018,8.4784792259474,13.149127785552,15.2590519549198,10.2016362600652,5.18606512643085,8.92124980423704,214.974763908288,190.061385653737,15.0665784026393,1.76038255303555,9.93960282977029,13.0373455390707,9.31820305013565,6.39038122697299,7.67727736925991,12.1426860018377,6.47792111960554,24.3896154739462,4.24885369340948
8.01261018236063,9.20795965629221,9.18274136050465,25.4288077564431,14.0076459015613,6.95391712931922,15.7468100964603,11.8009307674406,3.53397330648526,5.4857418615697,11.2111710287651,4.48570745754867,2.19049146655752,5.71034921228064,6.45283641841635,4.75363398458771,7.21169915575412,4.38031437550401,12.4856414204338,5.75251097841496,5.64396097867282,6.2350155012851,5.12187964421548,4.48567084720116,11.5176884429949,7.89096823941096,3.84650885383435,7.57855924341727,9.37408226838133,0.911807379326459,3.79549260343026,5.3848208215874,7.9179446450146,7.67215513460488,9.5313093600377,5.73424049672869
54.4592731948839,30.4208691293909,10.6255451638493,9.56614830744136,40.3693156527142,65.6477770554784,15.3852761197835,13.9144321729197,2.66416761380881,6.19555729380067,6.10524699825411,2.63718655086386,3.96832496873822,2.19386441762239,13.8295512352028,23.3184429114347,9.754398194148,4.3153514111854,10.0928179042475,5.75781729109464,3.72262225985818,2.95171024825391,8.61369114399932,191.853492142123,186.5587019469,34.1341103187155,8.09773049895403,13.2620802673282,13.6653160383359,15.7955362353538,37.2273983193543,88.7783296505947,13.2654259593344,9.97913512885302,2.78090728111627,12.3708633838133
5.24438726637805,0.305790833130866,2.89220147491418,2.73176490876825,1.47331644995563,7.11872928929459,7.39084009818825,4.99558936278666,3.69952727202351,3.83357553207447,3.14602228227181,3.0772078764844,4.23728983941551,4.08639951474486,5.96837137235174,3.98637281524018,2.55204449001013,3.83978297629338,6.77376562666233,3.8404455645852,7.45573123145488,4.51565935559388,1.81508875511482,8.04284129447744,2.59513423560443,3.88045562449409,3.87007889744012,7.37688736792272,6.81291892467578,6.48577409710802,6.21075597298992,7.65835010872828,13.9190870241619,2.08944885983889,8.19702978718489,7.82711968137679
4.79636007220193,4.22721592799963,11.8906168374174,6.97319381384651,1.15340529166752,1.76745640032837,2.74493444288923,5.85300872939979,7.1034036962792,2.30065603831013,6.35463397030611,10.3719016942566,12.6858229782215,8.81273708826313,12.6622159089723,2.59132167117666,11.7755331838966,6.70141637850577,7.70225608352682,3.35932223957234,8.58643617465978,7.94936183767513,14.1012375143072,5.43671110773002,5.79227756516906,5.45630966747735,3.61390555708677,7.1134856573537,2.17375338967134,3.86139681035753,4.82316488914729,4.73403631025201,0.160979537512994,12.4094415299457,13.7698945313402,1.90055531070815
30.1283384550788,3.03163104492238,7.25226256694317,18.6553916579591,47.5894377207134,45.7540706766312,20.0423559363079,3.88894960671809,6.06598304328661,5.05640493974325,1.77221207473261,1.44634598796649,2.29781198555788,1.63660046307038,10.8416107238575,17.8255200958561,23.6225613583417,6.23384846250166,13.9441121324009,8.3611112216582,5.43146021145258,5.95073045839955,8.92859020913377,41.1990528381201,38.8064618624384,10.410320371793,1.21532998064375,25.1648187507504,16.5923604324789,11.861092715458,26.8096854662736,22.5591203738014,29.1371890125434,21.5525730490764,34.9834872347796,31.8275006233394
4.06627898410012,2.63683328076392,5.63330094892278,2.01233444084431,3.51955879427276,7.80870926926234,0.669028598192627,4.67727422351598,9.40817348253812,11.121211717054,26.9583262076987,28.5750010782617,30.0200315042821,5.29741560770027,26.2479386068313,9.65560482785234,24.7124238485392,28.0693178351872,27.681013961856,4.10020781522217,7.92736351693429,1.7031235180308,0.926087092200926,7.53559314053813,10.2250587705985,0.901317914432741,2.97623955992763,5.35769516083835,43.7468654740573,6.80299193798414,3.56279874227201,38.6211867999495,2.26717952113223,14.7469779293534,10.6560179756197,7.43510160395401
19.0358589985881,13.6176744995402,4.29925667068784,6.8200010688098,11.0945909814224,7.38910890821725,3.50345164374518,2.7810780299559,4.05756282631072,13.7122453939049,19.7800815925202,5.84304918334724,12.6034724204103,23.6390119145662,10.1648837411758,28.6345460512028,27.5737620559342,1.46126082054052,21.4430225084419,20.6975514288323,14.152169214832,25.3370234428619,28.0291903114908,4.06177632424846,3.07390768615268,8.36616893036858,1.71156385359511,48.1253730634747,46.5424564450106,42.660203158601,8.20112664165826,12.3969858719713,10.41617874939,31.3278397582483,49.4382808982016,56.4312668973933
1.38615900237883,9.36968906340019,15.5324319819425,10.8296957572159,1.12348537338886,1.75016732055202,3.69241070109863,5.83532290655504,4.01305626873817,6.06549185134957,4.40569264166097,4.639357030453,1.24041244188238,7.40014103380619,1.49387674252705,7.94397996290382,11.9133098578103,1.43907194988076,7.51056400135526,3.89555327004394,3.941632187466,3.19184567038693,13.4107731242203,12.8481502570953,1.41111008165509,3.49611442977577,1.82014785472277,50.3881846260038,50.1332209428475,16.0317213956278,35.5508164864663,19.6273532859604,68.4465995765637,74.1283303270551,21.8894600832917,8.2114519851555
3.09372963607923,10.2973380268933,9.70657215516308,3.1352854436234,61.4784021405098,5.34186251287882,2.10570315557529,2.89622108270703,1.77170307619387,41.892300396893,45.8158712537136,1.46315202053848,14.9684117743584,46.6842922481297,14.0563171104763,50.8801686107233,43.8527883756059,4.55993576433356,22.8169129611836,13.5067241484984,10.8061521456264,10.0426435860553,14.3303686670685,7.06422365068641,16.6523361063841,7.94152224633093,9.34797969696369,39.2279010819736,24.4285411344295,70.7865663423237,51.9347444887911,55.3018049129124,75.8590886659737,41.1811040569771,29.631121062033,28.4685292523014
3.62631173277967,3.75772127927218,2.09517584121613,10.2025563155231,5.17393141482978,13.6168958732078,18.6789697594819,21.7557609368696,24.778972623865,17.620074016238,0.745409789898359,10.0450217978833,7.27969904551855,1.21447072454932,17.0852994786508,10.7875875611822,7.53945971688194,30.0768794532326,13.6298647636777,24.9821340800037,19.4063419833421,23.1256603743176,8.87910525857225,5.72828101479874,5.30851461329525,27.7827884394434,10.1482266843144,9.95707692351711,7.67663087963993,3.16507988033127,10.418582249396,6.60779919130713,9.5824316507876,9.83521222723342,2.89506602858747,2.73154710893712
9.76449033461362,14.7697488554793,5.24835003887627,8.32654316372647,3.9336470668903,1.73342662014689,1.00956351059231,1.66428931916832,4.54375513348159,0.680434727397269,2.64616946266749,2.7012124863426,6.04104327965793,1.694717013414,1.24916456778867,3.23610898075842,5.46805826114749,5.84485759105147,6.65844506792589,1.6193527606125,11.8161746747061,2.54190386720569,47.9738752281113,39.9889378360286,9.20942032408697,5.71503214574482,3.64724603504377,3.05045231298392,10.3213907019792,8.97916768743153,6.42889938974021,3.57009363844088,4.6925844376649,4.12541055211519,0.762032134882718,8.2727891478386
7.39262723527291,10.6935491485822,4.77646109625706,6.75887191193839,10.3402111438627,5.47243253027769,2.69644572262218,3.78695064768904,1.82621200106733,25.9797893430073,23.6198790285523,8.22220790073042,12.2756281762407,8.12581950000271,41.0854327427072,41.6428665334071,39.9459858753839,5.06630843928912,30.7685069279838,28.582144859055,31.8827237925368,4.72168670457439,9.7508600971924,8.18250637967425,6.91775402833432,16.1456102255086,6.56321256637624,32.5541623340844,30.6809918519752,5.07295871843678,12.1027484556871,40.4456608800771,65.3381027668028,36.9504090688895,15.9363501870095,5.03895877766467
27.6447286548394,34.461284050388,36.0701425744295,34.535066712198,1.98460794394613,3.95771304322902,4.58170006631492,1.61267194553195,33.4050687492827,30.6630498115042,3.54075730523457,5.33973437600285,14.7918765527914,16.2803265824757,17.3139927902138,21.5169652855647,4.07547536583585,21.1034372022291,19.7155635441566,7.34206571057603,7.25321039382994,3.02180120710201,24.630812600964,10.4600724393532,10.411516502323,4.18478439324188,4.6201172025761,0.992202049960044,4.20425453639563,9.24046956180296,15.1443049527257,13.3788919907183,8.01966246005204,3.29902519204667,7.3966106578786,2.6395139293254
22.1147199006278,14.1196669126303,9.76199392200902,43.2384309394778,34.6487768687007,14.0369544021172,13.3209538943379,3.32784854150174,6.79879998397363,32.7025636639058,40.7070983287693,1.38463385218487,4.66941771521433,42.0107753936005,2.724504836352,50.5965805562224,44.6060480620457,16.2447250048263,12.645561486368,4.94981632873702,1.10885179173795,2.4136860271644,2.71083558100386,3.33277095123993,1.27533147077597,4.01206915578806,4.16434697538044,11.4445851750392,13.5585170988891,35.331383314175,36.9690868849318,34.9039313708348,37.824692219874,21.8763609291178,14.4386159139524,29.3239092337338
21.8596939052109,7.79566514179269,2.29095740300017,6.79558425710538,18.5423706390305,8.22900911596072,6.2251808317555,4.01027790950096,3.83038508674495,5.74019154851183,29.2874623810584,18.0997566824674,1.08516012048403,13.9393176791007,25.4466063649638,26.3080223104586,5.53042368183029,25.8451554621717,23.1085122628447,15.4443260542087,8.60085011372168,13.0822580448075,23.0891066035579,4.05785323134628,11.2435745069488,1.75183604266667,4.07713101837898,12.1930033643451,12.3377808245014,15.2153130569708,18.8633972415741,2.54786749678478,8.49323932715311,6.89030284445856,19.1765739543246,8.5613293994267
7.62383307166295,7.94588571798658,2.33973383604839,4.39722089017233,3.63484005663393,5.68549966177788,0.172064799235048,1.00831697796923,0.342613020373114,3.515288974825,2.80275697546827,4.30611222170301,2.85492853428526,1.17230863069125,2.41840745529734,4.59921945332003,1.94945026166898,5.71271524588603,2.77370755153481,0.552688249741423,5.27479112716292,0.674893672864135,2.41338317956016,4.74353114506184,5.11782366222884,1.70737660643482,3.34962497267498,0.708248370359354,9.2814469726534,5.85365151332622,2.29839496268214,4.20196863885505,5.87929863370514,2.57273764949364,5.1423082830312,5.26188920044134
11.9180399301855,3.6425407099674,12.4695789327854,6.25664568265609,4.42465908129818,8.81496743808686,6.46008852715301,0.545234146264501,5.38382349245259,2.15545887439497,11.7626377737455,4.43459745978046,4.64371759896098,10.0993237195813,4.33148319983878,6.02461417204829,10.1445222311564,7.47159462545366,6.12182406195131,15.7292318146357,7.27779914878675,0.833428685974974,4.94170805453089,8.92863946535625,0.668825956869885,19.0065312378453,14.3286875756884,2.97996348683075,6.98165499566691,10.5560808324066,14.2069908530179,9.15788378282296,5.97520881638979,7.15378694632773,11.3507198259814,6.45531072538613
6.64764435948197,3.92941098442335,1.96038954132453,6.33638757671581,4.75758959565862,4.79331771465114,5.8734987259299,6.67149647712268,2.13620895234323,3.53055817981458,6.49726805128733,3.8736479747376,2.09654178383125,8.68861273369835,3.98966312005486,8.50874977953963,5.81926493766141,2.75668901154246,11.4153747063248,1.33655645431335,3.01877637386246,1.87662869398693,6.95475901602039,9.03242504693563,3.86340896810063,2.79802200915605,5.05817815254625,5.31606814579243,5.22556928442949,6.03234293395144,12.2630431515479,2.61081263571733,16.9010397155454,12.3215417643904,2.80163870829901,2.97441169936276
6.12502179892475,4.99069915996449,2.68537911569242,3.22601499505758,2.08107142241454,5.10394495284706,3.72792375892268,2.35669660817966,4.17454769039088,2.64699413272851,4.55749623704417,2.08880912878819,2.41402128100006,4.06440019562295,2.6532126191297,2.97419817266554,5.33563893199789,3.38705407946821,6.79083812070329,15.8698550851239,12.0141987210024,0.294673724268724,5.1521244362123,2.13469766491364,5.74116153711973,10.8852817001566,10.0017945547074,8.49298465816048,6.9207494805672,15.8860365512801,16.9423868899189,1.4692400966988,0.62665123227798,9.09214934891025,3.66387992405123,0.684354932851293
11.3798484451998,15.5329932652049,17.619997978367,5.71489384909822,9.65121986899599,3.14378681217217,6.40354040575104,6.27984834322209,9.37521025562206,3.06816485392552,4.23932333689823,2.91136320335511,16.0217227281954,7.59612522372943,7.32641488822506,6.72468446318162,7.13711310639964,3.15780648476543,18.7480543344258,21.7341266695687,12.3128823515858,14.9562337662262,12.4912492032785,5.20973505344282,4.2849045149073,3.23258533819638,4.47161084237398,5.16945485269971,11.4574257582579,12.3178297009549,14.7311019964405,7.24029176952057,6.59491567127552,13.3010557413116,7.11940676545051,6.12590142854091
5.77241094899687,15.1687883050613,3.53808094352315,2.10592348941049,3.0201755526079,3.11408362749802,3.76777146512805,1.44434897892286,4.30767432289357,3.23518771066475,5.07354126108842,8.5971812360076,6.3299727616354,2.01054606300568,6.61634734444401,5.45814982876177,3.8789228133072,4.75453074774201,5.77334278554988,5.37696696649668,2.28880098644352,8.72531331072927,9.64144254438083,3.37561864390208,8.79674836690549,2.38681641278598,11.8116896341339,3.31347395655067,19.0699403416673,24.330839201358,14.7498332252149,16.5882629259888,3.66284670470535,6.70683210250692,15.6143590512504,12.1659393329167
12.8243211757828,4.51210846496771,2.39195700290384,2.42233039030325,1.34257573996054,1.29319438999802,7.75023083458325,1.18642415816364,6.98834369006895,8.67055922587883,3.71842490055028,1.77678252100592,6.63158806329028,0.858769664911828,5.62057869591768,1.90448511189592,4.47023896387122,3.06852928094665,7.90395066347443,5.14431906433914,3.19926543199435,2.15429041870312,6.89120271433807,6.5328032645046,1.10036924370317,2.6592717746801,2.82467831857373,6.61198955883474,1.42471768189235,3.7177498996656,1.66983901718228,28.31783502025,7.54326648342871,18.7971615306898,3.22595787978469,4.639833983378
3.27686088157834,19.0116318674468,29.6695482131986,2.84870347496284,3.69919240672186,5.32203152421122,3.93859102988845,6.20271624831486,6.23571361325671,6.80844073878479,18.4517022703473,11.2438509796423,19.1214009042362,23.3420690392917,7.12162033150012,2.14244739077783,23.7393899917482,17.4618541688909,22.7177461616253,33.6658304910166,41.561395721112,6.09193683087522,4.44383211089266,0.942359842247003,3.09832319871708,2.10815808064989,8.04432683102408,3.64650421873973,3.32669576459466,9.08088451316206,16.0504628007975,19.098435640577,8.40570073706997,4.39593576279231,6.07833378591549,11.6111770553224
2.16001252317226,7.84921910641334,27.1820008404233,65.3268448408769,43.9874608207229,37.4305811138616,42.3366959183655,9.41564395751032,33.9730417240754,24.5372778943943,3.51220773672092,9.91156844765668,12.0688194563416,24.7592879038567,28.1018941680183,3.91302029207366,6.59018642368288,3.2977099300874,8.79582560681275,3.77557682906636,3.03090593211201,3.122585668236,5.99205281429466,3.64118630774181,4.76746689196634,9.63368896376623,2.99568601458804,95.0275315194967,15.4847382388924,26.667902098403,20.6984429298697,10.5536019118415,15.1876726515994,33.0822056963364,32.4677183070998,3.51891024044334
1.55253907897708,3.93431147370365,10.2813079630234,1.5702065175085,5.6869141519365,2.82241313535039,5.65723945418352,3.11490790811278,3.62396087265166,3.27756941062491,0.878460834895199,2.29608554036852,1.47570810717201,1.39308166909162,1.71650323037179,4.922088885801,7.27161610941322,1.85885827837908,5.3228315078889,1.376554069424,0.644805138436831,3.656140953056,3.99292100034775,0.836178274742418,1.44550421225194,0.383625479307731,2.85927959429866,1.2640741921745,1.27974993733797,6.829530532573,4.19208103033588,2.51329397893927,1.03822750412112,0.527064760787064,0.504041305674759,1.42191176605543
21.1416445074934,8.63083963970229,9.15887652060247,20.2303901459587,17.4821860945245,8.49634756649561,6.90335643607538,44.1354824822269,25.4594618180303,25.087755574322,13.5267517499253,12.1499515892635,49.7747207338951,9.81197264901171,26.4197536757722,25.7400953589881,7.67379264513017,2.32712358600043,21.0547189561552,26.5721919753238,5.52086009808707,11.3929107997112,18.1647731824742,45.9613688102479,21.753452032798,13.1577967572397,12.0203746910223,39.8604407761051,15.6196428263416,80.1344752485971,2.30955692410003,63.727356215448,21.1945162977179,75.7948023228193,7.4244831806192,6.81007258218577
3.64836323494599,5.17997004510314,5.28422999432145,5.10192052490207,6.1353842892811,4.46882561675262,5.3147175691384,7.70278814850279,5.55742321211595,13.9189341900732,3.02446877350343,31.0351945020952,30.1224999146765,8.33052833431105,26.6507823709071,21.6990221234693,3.69258718096395,6.94428845310083,13.6750771531267,13.1790277470704,10.5833396611338,16.59767979766,8.33286448129244,19.3218410355584,25.1624988772615,13.7389903127474,12.9586007921013,14.9176546549642,16.0067739528612,90.1431003967586,25.8859594335296,20.6208907014528,8.6650605268173,28.5071231114865,9.51075307037064,3.46080669231442
3.2895547666078,3.43754990989398,72.1003264800226,30.0892549551772,25.1241815361022,11.6688554868643,12.917682476946,6.87122355487136,42.4597798701254,12.4226618288631,3.1022724808975,30.3200878059106,19.0710333218103,29.2529794439109,21.2945945578431,10.2216626859697,10.189709822598,8.09620543373924,23.1736756223423,22.4199975093999,4.1733762331047,13.7894937572778,14.9427206687714,22.2120131090038,53.9787318077029,10.9134172918582,4.52226704683723,89.0929247751797,16.8253493366589,68.1548914282973,20.829695300587,14.3433266055012,5.82782782474858,65.7552677994249,4.43980640727751,10.3487227801352
35.9615932770121,7.80380673680407,24.6546740565698,51.2741085995394,34.7892064520005,41.7509472389532,45.1443422839679,32.3520353645265,42.170579287047,13.981570848383,11.916019588168,24.9845895900474,11.6679031187944,26.9388058127153,24.076518083911,10.9364187588979,15.4326983269813,2.99265600551847,24.7697229071044,32.9754140217585,4.00002878650607,11.5745981819674,36.665410267218,15.9645835180549,35.5938990960496,6.10403249634529,16.585609775719,60.4052353453628,10.3169055556654,61.8554648780411,17.5963435944572,14.9611976120314,16.1385951832957,47.0172504507517,18.3485590659932,8.67005896863725
4.55177846400683,1.07847713387697,26.2548109797418,35.6076215471021,23.6538608371378,29.7273313618305,37.735009007117,4.22716347581409,7.83516381434811,6.07904890041529,7.0598048834471,12.7530211959671,10.0778947947492,3.58522523174469,17.2946724521737,7.1924543353569,4.47228176277016,20.7895014082219,3.63479500843498,10.6685718020424,2.1220191077561,19.9338431405272,20.9521118499428,8.09500700107053,6.29469870819935,10.0554915739283,12.4466460661669,45.9123930866646,20.8719246776099,55.4135878030726,3.90804492860454,4.91576211959848,5.62985076819166,3.55087426057347,1.94668572896182,3.18212260019503
8.51876330383551,5.21314127795378,17.5550885423025,2.59732832391458,4.26798003244495,36.0835856083073,56.059615280536,7.3386776978462,7.06193689158887,9.73390375440527,15.0989988699785,14.207933565298,36.1705039184685,22.9960211448937,11.2517950219976,10.5697540245055,10.739319753093,34.1399573768824,14.6963542050889,17.0271995968056,27.4434881519763,21.3194329061839,30.6274791957985,3.91899637527404,11.2864635981881,11.4352924056576,27.3119268463317,4.51181331035755,9.06053264059556,17.349560326272,5.03973496535031,14.4603494636116,7.55290278639806,56.9339930408957,57.1023423138471,1.47659571406349
5.96052819467912,2.79303589423176,2.1429309045698,3.61419091553695,3.09059227091188,5.90086494427014,3.93149534680782,2.49362671860315,4.2250752173089,5.96108049379497,0.19141712154102,6.30432178284319,0.99147032220501,3.13997086892756,3.85549135885364,4.57969893908342,6.05453771301084,3.0568326583891,1.56852650136766,1.91985930903559,2.38366991072778,2.83943181648823,1.16480130766373,3.87595137109184,5.20658574167704,3.1794811409707,2.32495780336105,2.79211734847907,7.60826913195665,7.0227790403386,4.01261653359939,0.579813708261813,0.995483721554029,1.89986255715353,3.24867809498085,2.76921001160864
9.29470707670792,6.57644916235334,7.09980976231456,4.56300327389131,6.62240162414514,17.8380476854507,20.3543899399006,3.74338867561325,48.4574352578394,12.5057146412437,41.346573074975,12.7998019110773,12.2092113397147,7.05546618686284,16.3975732826945,8.19940335542437,4.3857687263571,22.5170185776096,7.95504116455553,5.85639369982079,10.2047197093917,4.5377843567549,12.2822569646187,13.6253595175533,8.72602316532085,21.9617272974971,49.777985040199,1.40051800610667,13.4582016361538,40.3313263449552,30.1651632957325,27.9742897505636,2.92470357940871,13.8983044481451,37.1424019002528,40.6191735429701
28.9723066089091,8.04443184145594,29.9914145136317,24.0197465512238,24.3469626238912,3.97974959390469,21.1171560720856,11.1899056930397,4.68499351834724,19.5666516306879,1.94425252215925,18.2040163670126,9.83448476850985,11.0913848314653,1.6446754367918,19.0037993551231,13.0124408726916,9.95795377723399,13.3096786337419,9.86697464962053,4.63808077319959,4.1400984810439,9.17626833491581,6.10384095598006,15.609599392102,13.8493444222731,5.44714586942825,5.29685600838508,4.82415752015819,13.3297247659794,1.3297367996538,1.60809974113861,9.41736483299353,10.7137173289645,9.2996778508682,5.40499627446764
13.0499324293538,7.39517492078685,5.07277080229525,4.95166038932949,13.3751094537911,0.988603552199019,6.6811455918177,10.5161907084894,14.1408200676662,3.80962881561479,3.72729262222701,7.51121845526784,14.6680918947268,10.1555623884112,3.12934304324971,4.57997872019283,10.9065860639018,13.1787031708679,15.4197821381861,16.7689778830662,2.61060860153436,7.12063103078134,9.36899786836859,5.71010906588892,9.82968092718186,8.43484056229023,4.07479933172146,15.8794363775329,8.56716247867067,9.18380089537475,13.9570231639985,11.8992055192879,10.8092735128346,17.5758936870665,15.3218939173705,6.66419867501713
3.14303023039723,8.93548932575463,1.3884182603173,6.77422401859235,8.63868189260053,4.03005941300857,5.11099752017979,23.4506772574228,30.0748318476127,5.10905435095291,1.30680331782083,7.1625462673621,3.98218674561925,2.10301350657822,2.05364991407622,4.52375559129789,9.15508745108639,6.32399189384022,2.85243088410225,9.10073617581745,6.79131796211122,4.04608744997852,4.62636318002476,4.68690970805858,2.85613603113676,12.6723580079339,5.83873014564422,24.839723394009,13.6022588376798,16.9902099513675,11.5783202743337,8.64560124830206,4.76179592320526,7.24685055532732,5.51435659808763,15.7605538810253
2.55086101918942,1.90246311668712,0.632753344182448,4.34216422602068,5.64919698466189,2.16279597381499,2.5936809015986,2.75242655003112,3.98240393170147,5.65400989104563,7.28141898490793,2.14466021617258,4.91038849683116,1.16958226574917,0.980632686197023,3.750392842341,2.99355211240069,10.3580753696856,4.36102943817204,3.00004366001536,1.2178682483807,3.09931154258273,6.00344597440195,2.30221949691842,0.75204082471804,1.34501110669698,1.83670573814792,3.22599065014443,2.41508504842519,4.80652056939175,3.33884025809379,0.538410558799388,5.72976367621347,7.48064411486175,4.57828308742516,5.20765954594219
2.16255858119841,1.51466598127803,0.341117907383786,1.69600547396101,2.88762071418719,4.21091159448595,4.40645694995753,2.38954263396997,8.26121933164134,2.77849548861446,7.29270223330364,9.96915163211014,0.588046352247099,14.6111437599051,3.37144370178607,5.62229236364521,2.64820103602403,2.76083063142121,1.14040198846484,4.21382040191919,3.47299512510578,20.2499177891367,7.98777511029665,37.1468315093989,11.3730327605378,9.7370069927677,9.55041105432294,36.5506957931454,51.9616191256069,45.7231773983753,8.26156110589105,6.25799876150508,2.57912394848253,4.88402350172855,6.62469402412707,4.84721184911187
5.8651306216529,4.17271352284235,4.60267609408192,2.52621016422107,3.11365252550234,5.90017233860733,9.91372004574706,10.1272250233876,4.39270120720001,11.7654864114153,12.5037711854171,12.6391114896464,5.20058105923748,3.45431629686615,2.37766282270159,5.25814457016681,5.44146416734714,5.9925129575544,1.42615040018969,3.39778848528577,8.63017118335544,4.90921084597222,2.02005021609229,3.24384400322691,4.28870095745905,11.1194585849432,19.9147268751257,13.124455742781,7.00199421743203,9.57298919309255,2.46583964562232,6.11472974799125,3.074967055837,7.40832972643538,1.62447130157733,3.25412221201964
3.43172173095342,1.36895769635231,2.39237045635304,6.46881580277785,1.92494432102008,4.69303068287307,4.63488072624764,2.14389164994178,2.13186155530071,7.52600605331109,7.91530565654162,4.09507002423351,7.74304307030681,9.17736275854335,5.53537939454493,1.05494077656287,3.21931368949355,7.82847652016401,6.76960188467048,10.9399101539602,8.75778417101887,4.19149617083051,3.47941639340444,1.95756462294538,1.39322703627119,3.54506112814454,9.95128387376236,14.5202761829775,4.49768801030931,5.65659851691534,12.0952002725127,1.39247035976594,6.38208941182008,5.46020384861064,7.65999702307978,19.5326716244647
12.9217936512762,13.0045826600868,10.7401305250734,4.92806084817866,2.7462945091213,3.56897571796294,1.11650236291439,6.64217665664443,10.8140481874629,3.0991559915584,8.26680560396223,8.89875494962638,5.50161718457984,27.4776855990271,1.8964077493766,14.3777973124183,9.25868037148028,9.28364829496332,5.90470116651093,5.95258836598363,3.87171787296831,13.2200988499168,28.3337326214756,11.8351860755319,18.6880914724185,15.2852224904244,7.62812497053966,8.66030678171513,19.5239531480393,14.6905330358403,6.85525531683857,3.74832285041506,5.08391395552315,6.13064679194928,7.70811994005046,2.23743189536537
5.96724661330311,7.2541446862886,5.72309145364939,1.44436595463543,3.44961023896881,1.98291739671105,3.58322121600967,1.84754074485866,6.24048603240566,5.0153294552402,6.49292731208032,8.88340706107295,4.50886863173907,3.93290869749579,11.1992786878599,10.6742542695654,4.36676608869388,4.09982887833137,1.09157483598436,4.77609930161813,3.08563556804936,1.47900527771184,14.0886749954086,19.1607246440434,11.1534116101492,15.1373060895668,4.8024519001985,2.02422322352915,4.50627220735279,3.99337429501253,3.26697465843007,12.4154680535785,15.3649281342796,5.92261654234458,7.35026103987696,4.90580694502461
6.62603819539778,6.45059313435244,13.1860161291442,6.70483735427634,5.36688962925739,9.0792184999197,9.92126536567581,4.59005397673991,45.4198649748455,9.34438654829,53.6917766431481,32.8858209489193,5.03562545623006,19.5108406034724,3.8925431848052,12.0514089393571,7.1377123285122,4.53439154689021,3.12876064475452,28.2886997202591,1.09196277747319,6.4629158185271,4.57755721438619,2.3383755109136,4.87693666063045,8.80637473217048,52.7823435817044,10.5947307290089,31.7513778297681,14.8670938930194,13.1340446609118,4.46503313194629,19.9636818206233,20.1336480573384,2.39635989781287,6.06564663513306
10.8643620739027,13.69388763681,4.14738633428505,2.95964633183941,4.43885006825216,3.17424714884081,4.91494121869764,8.0582400292498,24.0331530557758,13.3942541938518,35.7943152353624,20.8499702106838,5.2826331249009,16.5440116057744,11.4818009001445,16.7078170734457,7.08346765239683,4.77225479986181,5.46686677386149,64.4689253095937,5.86278103868313,0.703605133241982,13.9213624062129,12.9683579463087,6.8207347597317,7.32129151212916,17.3005303733827,13.060756217196,8.38828322174084,38.2198471977949,79.7007152025571,3.14186112367254,45.3117603193182,23.1285047510641,5.30445482428515,11.7256264311533
5.29747210663741,0.865061957801063,2.18126414176036,1.41465975714189,1.17455620731937,1.26190874123005,4.0965934621832,2.24615315266725,6.25027744974612,6.36233020738366,3.4142522291425,2.05432034607572,10.9254513585677,18.9753776849197,4.17135426407852,11.0209252732247,9.87594665972048,0.644626738786894,0.826424825686324,3.37077804846565,2.36390717893562,7.7469623133756,65.9490161843611,45.5165417153012,47.9369322366929,31.6786570089151,14.6780716567388,17.5419972194438,43.0071512279654,19.2556326813128,16.01616215099,4.71307318657923,8.13904514003791,6.59725727813207,6.92000907471349,13.1630191851782
2.35752875018662,3.1182409657597,1.51956599777471,4.02504503417888,4.46425765573095,1.74405925661994,4.38689102916949,3.3724971532727,10.6343170456411,7.43269194036743,3.34261773286867,6.32848812058517,2.24315588847808,5.17956453636832,5.37406920980143,7.2655643592753,1.0692526471867,5.86969382762788,4.6350496452421,1.9664658035591,9.10668851166428,3.63395279915214,13.1428051874892,13.5349923416955,4.77041622657107,1.43251443630181,5.44553914227544,6.38137043309862,9.62299909601173,4.37980979178604,10.8497022340649,3.9251160260028,5.70332296742027,9.02361252186884,7.34866179550779,3.56201971465912
4.50557307390245,7.22996273340265,4.72927861947465,2.47145814384929,6.38482223290991,2.29464320647159,2.51164695357434,10.6651514909643,8.35524748432779,26.2100019807336,28.0644238217361,16.6631911647058,2.05629650855907,27.1071190988736,17.7674008985454,20.8735839418709,9.06165664483259,4.04085391496291,2.62950907075784,49.3855086254965,1.25512063504833,0.864669544490747,4.49232732231599,6.08220317986174,3.19475009979823,3.84015509737047,44.2694834159135,19.4766186352743,18.0300617800834,16.5364469655577,21.4656298757914,1.52422123697607,48.923663150414,8.36960328360396,2.96047413679454,1.52432887823335
4.11477429429014,1.97023291621193,10.0490222360968,4.38581084271076,5.16401819893539,3.71676072826031,12.7074060104754,5.00797069288196,13.8667496759353,2.02554128186075,4.48462359665285,1.44448111718595,4.50776493950555,5.98917509042523,6.58412637707473,11.0590385137965,1.50264954050562,14.1246022696026,4.35502630010026,5.98731456528787,2.66907266416222,3.61229532850081,4.85374592607631,3.90618561430895,4.18630034420072,1.71062602516489,6.25605282898243,3.09546967213483,6.42916495457871,3.54755648540643,7.30734362226011,4.90364143512898,11.4028742804497,4.91627548597871,4.57272990349387,11.4476961693888
2.9425219832785,5.08884291346461,11.5974438050827,3.87224237285912,5.28507052233405,6.28291791874031,10.5027685731789,9.30363423016264,18.7670351043967,8.23602464010028,3.78913159354528,9.46800149650039,9.77167530675936,10.5799660438702,6.65683927242029,8.57876449464241,4.71686613722699,13.6481602687915,7.43672110569376,11.4281727794611,15.7283470883712,7.69231910824832,2.51615522629833,13.4985355574476,16.0884822509347,3.92279330178728,4.61997169674346,3.13729759348212,5.57159797132987,6.7859927984518,14.5261196734178,7.94270860490307,18.4578185185239,14.1104365399461,7.24280287284985,10.4619206573978
26.8634932461313,31.2390922476098,3.85364607383412,2.17258512004125,3.19154486883321,4.00254407909215,0.614982883690547,2.74392807855793,1.93794492820183,1.32547701310333,3.99760842186482,5.00135808296239,7.26838242794241,0.870626793434839,3.94671611955116,1.16135409608452,3.44437181628777,7.16736782007071,8.24606104820805,5.64486727044984,3.12352827303943,2.17894845839768,5.01340567980913,8.82596845846781,5.63976519536144,4.45339444920239,4.89857594140545,4.16456066391329,5.72107282454624,20.6341920599083,25.283499268653,7.14839066458263,3.24418635405104,2.26803080564313,5.25571808960985,5.81579942072855
2.4646610484922,9.0541331175711,2.22070589452307,4.04791021055092,5.67972631890107,5.11727177041565,3.63311678153233,4.74029046417043,4.14658905471275,4.15847134406295,5.85440909578556,5.78599194098006,7.16225337561594,1.95659392530424,8.1034760870066,7.58540239946978,3.22867795819415,3.13645374419805,5.73354351802314,2.32060109278391,7.75557579198282,13.1774606804827,3.08997931594156,7.89165090639181,3.34960408450456,6.71881008953921,27.2057617808959,9.73004872511557,5.12813396612529,18.4324262451136,3.11223982790633,7.7689580388972,12.7585576769459,3.69684125614482,11.0816687563287,4.35313341213517
2.48844798135745,2.52736727496694,6.7127251438649,2.33010017415363,1.84516181697291,6.23686540303837,6.8659886950137,9.2526395385449,9.73642164491376,2.97343336452026,4.12699736252994,2.29838512987745,3.40857295642264,3.5809334589837,3.59198892171109,11.4007405419897,6.4145976149486,5.48739571508735,5.20697331821629,2.84460855507507,17.2373401043735,4.58941359752236,5.27746214385308,3.35780257490591,2.35499970118965,4.4150219719167,7.6077363812305,4.38843095399928,1.96468114363434,3.58573077003732,1.46770675730386,2.41635615292406,5.09720125237603,1.88265270760681,9.46044809501315,11.1158086601092
0.421699618007203,0.385584005725422,0.436808679376725,0.323320991328733,0.0534992576902256,0.0821722984113447,0.178376875145023,0.0348816520497419,0.201698161800147,0.136764001682218,0.0333327041640968,0.121054796500695,0.645692485777342,0.278865608289666,0.189118191181098,0.696602719839346,0.300191568490623,0.214302006588783,0.221202508693016,0.351283274534212,0.16421204553079,0.174361392382499,0.269124221602827,0.278037069186896,0.307274760936286,1.68964053961504,1.26326651416273,0.346066787991875,0.164166823392897,0.662646519562523,0.329119480160449,0.142162651551684,0.0314125731663727,0.118096278245436,0.160274688632,0.167424138856712
5.64208706232382,5.25740174542122,3.2519020793898,3.18322571001675,4.00828885602462,2.24559544582132,3.04175778585183,17.1829630109128,17.0700927565259,3.42417199809791,4.60111085000411,11.9244093589004,10.5942979732427,6.62155590199519,4.88354394366353,19.3315055725681,20.7033539779609,8.86129118654496,12.8801074972613,4.13126293536596,18.9051430006429,7.55576872551478,2.61302697967231,1.49181703860104,2.71263003172809,8.63095823624348,1.49374450738606,2.90357691321087,3.65091109163573,8.26272186219887,3.8995037840998,1.60642468214316,4.99534503983392,6.25954112010068,0.954407636146343,7.53177492820357
1.24809999611108,1.76455081627838,11.1771107631726,16.5064502888647,7.46620289150967,12.4778704873051,6.12069969019378,10.8555051533855,9.49095205563332,5.0482403966326,18.0870210267974,7.57111858339936,9.32521974072958,10.5432568888574,3.25899100720258,13.5157133831056,8.04850356494869,2.24781528296979,1.86753943095283,3.13612341091898,3.69922402036711,4.42622205185528,4.56373222291223,2.6339786542787,3.33612728262945,2.29442271988458,1.70932973647364,1.0285000315325,1.83537498272786,8.30113865905697,6.16060963382024,3.11309355506024,5.4590889983851,4.02917828179138,7.45378207686358,1.07133728219412
4.41986207218101,2.77369691485882,1.70714852301552,6.55962054225379,3.7436107218633,4.08182234772082,4.69124458515346,4.15585210516028,1.74399360934439,5.58536198853445,15.7899550626704,15.8227750386533,6.94338125026795,8.93433736843522,1.43403119159092,2.71347694715465,11.1515451620512,11.6705887038505,14.1626746857699,6.45036981144008,18.9340386656482,17.8050606057351,19.0028052095655,1.40872299944171,4.68161037371527,15.9959061068253,18.5347032946972,6.86197078843503,6.60119476859114,7.09249102226641,18.3122425955555,11.5239149235672,40.5699696045688,44.9544777942097,46.2200193299308,3.02054238916391
7.92879847346951,29.4131794625203,15.9554062680365,2.44855266442289,23.8358097216178,24.2094254353003,11.1329252196144,10.0121490562674,4.32180024963919,11.8400035917205,13.1094399786376,15.4852985337026,9.41244066744791,8.41337641480293,12.8733106854053,4.11305959792575,22.8387689092146,18.9684828203869,0.911673098519056,19.9724994604087,14.3576919185203,17.6151754224895,30.6752517470194,25.5223864586356,10.4692094239614,7.82248815064797,22.4234825398703,22.1846389754871,1.16795736959283,4.71309525081916,8.90677467700585,3.35155043056921,26.1500951378771,17.0403330185914,3.39515830707565,7.9207760161481
9.79415537198483,3.87269438652811,3.13183017678995,3.97255735528458,1.31288760098193,3.43124806767685,1.24681827479985,2.64444804218101,4.35335443554023,6.82799506441724,3.72667848446491,6.34965289182729,4.73048971238084,2.60626418354925,1.95234775269667,1.49878661062533,4.63496804641105,7.67117689060982,2.32306125830898,3.8376993353325,6.95406705400688,0.545537021475694,2.45950622623305,2.35026950689639,7.48469103404199,2.57168880281839,3.93708728491767,0.823088248034281,5.45140673906024,2.08280687400235,1.88345072503975,3.55154241038031,6.47513238845661,2.97537352845843,1.8472411721536,3.6896982909339
2.84320612701101,0.416511463745351,1.50582483662903,3.74106305632864,1.46355419219669,2.06398436768692,2.84657940221229,2.65832736637624,0.566358398697808,1.20851613900805,19.0668198271068,16.6904537148531,0.16179978075539,3.18172852573865,2.82227200872046,2.23300814491374,5.70684875053662,5.21637450230739,10.3023561352543,5.03223740448301,8.35580941952138,4.72882774093752,15.693105418218,10.2962522363566,6.04370550077192,11.6650292602859,20.3078904298432,16.4095383811641,4.92766285509707,3.78722546431484,31.5240127199272,18.9104453467353,1.16408062534642,18.0118941223473,16.9160863127401,4.19567568091048
8.60828652597305,22.3731921584918,22.7560854197252,10.9195625751777,5.58908093962066,27.3388167461141,9.56874327211207,18.5787126691935,19.1962879400337,16.1658368571149,12.8945633041958,16.4832218560297,26.1331917958479,17.8209136997445,9.9006784141915,13.6528259785131,9.01662801962008,15.6677069119508,4.47463433522058,5.45214590788184,7.99021270502319,4.32736855399522,14.0214928512686,16.8016733166237,3.20270378303918,9.26067626542149,4.51001189528094,38.1077213335001,0.948032656481721,10.8427246539847,9.53823763851187,2.99003784642856,51.2228887332632,12.2785681597059,2.69702525377228,12.8035083382568
5.93505169708738,38.2517821722479,5.6763893972761,23.0741059104917,28.9288691838525,9.46884097264016,8.55555255237859,16.5439590531866,2.62999734459379,10.3863158406581,5.34952904167845,3.19615720732024,39.6613495353961,35.5619216773305,30.2991613761006,4.16458393489481,33.9239307827984,31.4600530138232,25.2893429622102,17.1310358718648,5.32407288498464,12.5965611183801,34.414282995499,8.03741773464657,3.82472591731675,2.87416370130581,38.9064239123957,9.38832984125986,16.8538388043971,12.8278406298578,6.17860919974789,15.5942497545976,30.8010523301506,18.3971170895822,5.20060843231181,10.2697896052952
4.59637098190273,5.23943116487095,4.43273124101139,0.218782289397471,8.45979819678188,2.93689285739837,5.92287770635857,3.57101032223478,3.12546613593252,11.3128509670457,11.1387403522098,8.92331659982101,2.47900488410331,11.1920895084726,10.1138006877775,6.12431297731405,10.5573257117672,9.34405863167414,5.25557019955317,4.54018032950038,5.10523686812751,9.18434590768522,14.8377770232043,4.0601622951124,12.8244897461612,9.21489386572889,2.75954865197446,8.06574461924251,5.57292354464055,5.58781341818004,6.36851815208402,1.43440743704582,4.43940099239233,0.860864224181161,2.88789737862743,5.22360024749341
38.2173611477999,30.9403276692733,4.5605391312791,10.5500941952603,6.63068773768442,3.38961301779133,11.6883756523484,3.56184218636068,10.7882481063069,3.14611408686409,10.1424985346257,9.65184530645946,5.72486057971124,10.273991914151,0.545908499458817,1.18948245677701,13.263223954282,5.55507559248209,2.1269506403877,5.50956357556303,6.44409719676982,22.3439190251283,6.30293328647856,19.9909839602084,5.30860514125331,6.54293713988568,13.6993006162936,18.8158102184412,22.8121793675295,9.31868846291928,26.2574235635431,7.81724942787254,24.6378494702065,19.2276564381559,15.5161465629386,5.39207984495673
5.33274020699492,8.41553247404327,7.61788021468004,7.87462041716226,12.412179533971,5.75101715533055,4.10756933470787,4.10887723993236,10.8611906241568,33.6060338816776,21.2803753300684,10.3628275642419,15.219158854659,16.8335147078548,3.96573608652288,3.46871553924015,9.9586570829227,5.64001124644941,8.41929568873887,2.71272971184078,11.7168244121568,11.2709233081647,8.56554823080416,27.8684945041485,11.6135657119085,6.02087727773584,54.2089948198645,4.28016781803594,46.2142080414057,28.7724680853451,53.3823790985537,52.8120395988137,52.7012209179762,9.43770963326834,4.08274592543616,7.13898745849638
11.712355577212,6.82714708271854,5.40514687649758,15.6637123909204,6.75219866194753,18.7918714562854,15.0863404652102,9.06985344026818,5.73776874728249,7.20528126052723,7.74047129151408,9.70516755341394,5.30868355657457,1.80988666773759,6.70312644323896,6.59898089016882,5.99792176748151,5.20641591671379,1.74613953485371,2.16129609248017,2.44782580190238,7.51698471112346,10.8616287272648,2.92485095082191,10.2169067429132,6.58689375987055,8.4347263515879,10.1944206957893,7.51606107348644,4.28935881618525,5.63568233462924,7.68023592270301,2.34758011453556,1.14521789047034,4.58607872329427,10.3055882736087
25.4636894020781,32.8445608522687,1.19525792309898,3.94071121106928,7.90404844926524,7.50032642318642,3.71293587372931,3.04022856198521,1.20448310289016,1.56351441143222,7.96740204198384,2.6037218256557,9.51113696721603,3.10201534513024,3.49942371378447,5.56185400285231,15.6199065876756,6.44686584470898,1.40070555593831,2.97447274129384,5.8444730553412,12.3857914161239,5.20528289986012,12.2856069777461,1.59789740337995,2.35472209794139,4.66336072282358,7.39536885356433,15.098901073324,8.13332019756021,39.2852817338506,26.4047882926117,11.5491610222708,40.2868048738677,15.5714406968797,5.25293962998991
22.4316827552491,2.34771507523081,18.487356762332,2.35061120237821,14.1829562983574,2.14767245975484,3.79322371971947,4.47110745881327,6.81865470405116,8.01527900490734,10.1228041552232,2.75781841086597,7.14883393316765,33.1780322687112,27.2560085744237,6.37451751203136,7.21108370027984,7.54878861208765,23.5711044627377,11.1318726681044,8.65075068165723,46.3828799051835,50.5118424870497,22.3026073874664,19.5004527638319,25.1937317428812,22.9905466249293,28.1491912619191,15.2767938472275,18.4950358689291,6.9295249422718,11.686478792502,8.61562500428074,7.07033169004406,3.46864078049042,11.0628222690464
12.5443188065449,4.81669321453852,13.2601698639426,14.5910419159316,13.2936198196827,0.600932592401353,1.28819292379561,10.8004547054198,12.860303717586,7.99061287205471,12.2841833289533,5.71714422796865,15.6347353282139,9.27465220202943,12.8608316895698,4.44391916344978,4.25305949687265,7.8186831242106,31.3653822269917,20.7890917351409,18.7679714506715,19.313434034272,41.2149053355419,30.404222429439,28.9210077525939,28.3409042615558,18.0332889950717,17.6247978011792,47.1781369493926,12.0171397619114,9.35006162384492,68.9681797892989,39.7579293217839,88.050415680046,95.0212378031656,2.25972798951193
9.91559187997898,35.4677564875031,6.38454132318144,13.3078839363234,15.1091590097278,9.35191933414237,7.05107756255792,5.4100733473099,0.917463480869048,12.6488451309007,15.0978725336287,6.85918406035943,23.1372509729696,22.4576220484679,19.554050723757,4.84171938352472,38.7110420329235,47.3004976737113,25.3504126202945,5.20497109584891,4.70010391935105,23.3146873462561,21.39130817725,10.6642712507088,6.64657264370878,2.8069183503505,24.1950377453318,9.06589291029795,16.4463472794726,8.66277722404346,19.2241587028994,15.1968508777372,23.2444463559794,15.4511925952821,2.82592214375203,11.2520640017318
3.66369905178295,8.23875410012755,26.759676548666,25.2167594881319,7.64381698860784,3.05639236183357,2.80411627257034,8.03161198779503,9.45768120483327,41.6187482727421,31.4304760966146,9.56163357621499,17.8764051877018,26.1165351204025,2.22775076490661,5.24655234052149,37.9831918628649,33.410600908469,37.0191058020017,7.29436649613245,6.56063985521918,18.1978096289321,4.33886216569092,2.94886368048695,4.51073081901024,5.94259100453332,52.9948082396115,5.58319850551963,55.2108874820342,9.49121203347565,61.1029455168027,39.8922810443204,46.3138105976182,13.0656591393424,11.2490881047949,14.2182908036284
10.4109483645653,11.8281725165615,10.4880319454007,2.39861134566187,2.14828441571705,8.77231866667005,2.81218675537858,6.65445326743722,9.45184116954875,3.59774395461365,5.00925766355549,4.9552771145039,2.1627306812052,0.383904823885841,5.29996591134605,6.2426452315553,7.05090872795303,3.49353236719201,4.86113552808792,2.27605270119882,11.6368930455627,11.5006147528814,5.0747703929126,9.48012343784378,1.68639970923853,11.015247413906,9.28101956826354,13.2918439420763,8.25024853987421,4.82087577950668,5.53771248063722,5.32041962831674,11.3048405533485,12.1896656452696,4.74780037950972,0.859332038454963
31.94310430924,2.99941059223659,31.9342624359693,50.9719172495723,66.1684429571555,1.26354157544936,2.5671553227502,5.56028061827346,0.979079055732235,33.9734230442322,29.6923130279903,2.97844234299855,50.2317003981815,49.5558095899206,41.0417571306937,4.93405168571629,1.14340682784231,7.56588582626018,80.1665348929155,36.0960296850557,46.5138623860323,2.40451532448943,57.7721054807536,63.3001891307396,61.1307879834485,56.7596415212303,49.3564695616164,43.2478252807251,7.46959009816977,59.9618671599225,12.9879495281776,21.5199280585168,12.3636437992243,4.40397532152442,6.85146433214845,18.3954396717193
5.91749777063176,12.243324835325,8.44547734791504,18.6597753474234,17.8954612675223,9.43751677665718,20.1535733390065,3.57095749389485,3.53762427672181,16.7398159388204,20.1895971129863,2.87977433572714,4.11878890549529,7.41829179014136,4.2025240025257,19.6997027397585,15.4568715588492,7.86694871359507,4.97736634708158,1.56861238534164,14.5066847926776,6.53333106467249,7.88837395082434,5.61066643586073,4.66192750890546,7.96499587032778,9.11531261624823,5.45028634597949,2.28552602786411,8.69541513646407,3.78988570716678,13.131389367055,13.9240804347367,6.11428049212483,10.4916853684703,7.39560976451946
49.5546254184392,1.51748972837616,47.8537153801399,5.13410647782132,51.8808852593117,3.47583666852733,6.19885039600852,3.79193667535101,9.63491366602291,24.5513067034665,21.5393216852018,5.94822530344221,7.6778923745559,67.6769464216934,59.7220701545149,5.34291085044835,2.34246476987608,8.67267639799097,60.2072810177294,1.64367172924334,6.83567136866466,19.0293768236927,22.3079759614709,75.895774289381,74.3829619008277,69.4770187864804,83.5997690984618,87.168056155491,3.98325201654091,77.2822213424779,12.6573644418154,86.6182570736612,64.7634640893612,72.0094398025283,77.5878198233063,3.20132757252624
9.98283137534523,3.30753556619066,5.47742312435868,6.89625977265443,4.38058251735392,8.50428449688116,15.657914245698,15.3173498894262,18.555047162176,1.35740761633562,9.39004986803275,9.23776538499687,5.72267660785049,4.06548979857709,7.73073236251428,6.20925108213531,16.1144893713793,2.43167238454571,5.08546460287337,4.98845295498091,5.36258031896067,16.682400065726,4.01535714702458,11.6889049938407,2.57958045142186,5.05294782585952,5.4248475456262,13.850000575167,9.36850686244907,5.38311316038309,3.31368118107989,7.45537493377131,5.77428746663851,8.21014310583073,3.03862185079338,6.17966582660635
3.93982599906818,4.06651628958485,4.23188045587792,3.7719447714591,4.66196304729253,2.0624806739614,1.71895598169578,4.62266862030384,5.97346321973929,5.65985658816804,4.10341912812896,4.57322162138651,3.76490431808561,4.17792853924398,2.12913124199965,6.54355724527404,4.76800612456754,3.23594569319354,7.16476180271383,6.48820727377056,10.3920987956782,6.5683673252095,7.2129169549093,5.37682662349617,3.33250036651172,2.24273791283366,6.18608584139894,5.06010476774596,5.29026782153284,4.4650664643247,6.59342236653096,6.10839704003187,1.02246076991121,0.582315966514038,5.26960360589267,9.15717694258412
37.757797142272,8.53270165981106,40.6414639915121,35.7415680967124,87.330375171379,14.314611618139,23.2774115583961,16.0574333911996,7.77917820381098,26.9903405931099,25.7858450925541,21.6146835311986,25.1601496869299,16.2451024477991,8.98248753998888,10.7323935114127,7.93601810114881,3.80889392345326,6.06382075771998,14.81873500279,9.96071283633007,4.3466546129921,0.767375300444207,8.59936795566568,11.0575989770489,13.152480173104,3.36703416679235,4.13175470867242,3.23408559502099,5.06853175312343,5.41181135276204,1.69132400743925,1.42351939967271,14.512600086369,10.1294463593563,43.4575415470746
11.7060113704439,4.429433034435,4.16335469413708,4.41493565255209,0.799812986455479,3.34957024217128,7.09506119143507,8.84836776359012,9.3670275089758,8.93529925297227,4.95238545999742,11.1991719029059,13.3368494283637,2.69467255005182,5.09164875960318,4.71838872082094,7.15059688319434,10.3941095048386,2.10959190393887,3.86219829650602,5.19135954243668,41.2560002722379,4.71832530659988,5.5915597897092,8.20318227639732,10.0551582405042,14.70737167478,17.8989467514234,11.5140339077162,3.32040438114659,2.45401235293536,11.2640053453562,3.32967244343611,10.2455166237374,8.4974119852585,32.5489215960373
27.7627915664364,17.9001561770793,32.5458036433522,58.3779804748923,80.8708817450666,16.8724025674026,2.09205663032807,12.2872679248995,10.5481887835163,16.1108476886458,19.4505756233258,10.2382298617676,18.4328034857127,29.35757238328,13.0559797773037,5.9482276530601,15.5910269702774,5.37234320081703,3.83638778999495,14.2451765198452,16.3712777622418,6.94141913303434,6.40035462781658,1.97540335839088,5.77202669957227,12.2905445284564,3.0621627121882,2.20504911543914,4.80913609309003,10.0133125482306,8.76732050853342,4.93729822103281,1.94641784525888,22.2951272473097,7.60518972231317,46.4198060581986
18.5286864953637,41.0381610247937,47.072383904732,10.8059142608504,54.2235536671309,6.69059106435231,10.7898855847577,19.2074329039605,7.72090002831678,7.5806248346531,11.0749837115302,1.7261886519006,17.6302647760594,2.42908997125276,0.96177867371267,10.9757257520886,10.3745275674022,12.5440541380442,16.3222910773886,10.6201716132864,8.99698749590157,7.57643055646878,6.01735208845506,9.2150884044843,5.69024183371943,13.1219349819231,1.60068333434504,3.23090081763871,2.86733041045588,8.43216915856656,10.7638298832614,2.97466249192179,4.68360743170306,13.6954938864748,9.76486888059045,50.8381277602802
74.244067718681,20.4696362891038,74.098924995756,4.3906402288911,107.851824048492,6.4365829708005,20.9401038180795,22.9101011962544,4.45844894889559,15.2937362408632,1.02502735685712,9.99403224008819,7.49979118585674,10.0904814705955,4.98107479325793,2.34223302901098,15.7581004260243,9.7127664643112,11.7856839239199,5.84612159108542,8.02123626615469,13.2317362925411,10.5685107038564,5.21838244465013,11.1429697320925,11.8268418228823,15.259954789,3.46894010924939,4.41526660671764,12.206308093858,12.529974000972,8.98599765045656,8.59596540272198,25.3341881962634,7.60306866577714,22.9831180344692
5.17514012437141,6.600877784437,16.2041574612917,3.09608059783042,6.10254908681368,3.52746699970435,11.25386118887,13.5682449236556,5.19090622675193,9.29018635476207,10.4667472492967,4.98291973397686,6.87531939477576,6.09361671192071,12.0730530159637,3.77777707494508,3.28638941755918,18.7949452327235,14.3768461704527,1.81238478623314,9.05827372025541,29.5714049801957,5.30124408821502,9.80320408641816,5.54194107731751,5.89779894655964,20.7264982795369,17.1308738962145,6.55367445439565,6.61727220168635,3.00519298563583,2.1713333266057,1.56473406037946,4.50826187205748,5.65482986309444,40.1540359399656
8.7986215283976,8.28504724759535,19.8294363120509,29.3542284823881,3.77291218388104,10.8184058410847,5.02034520267255,4.96896577704833,2.9251339572785,11.8480842486886,10.0718294658632,12.158481182128,8.35443521006512,6.10071048676579,2.07168162264035,4.65394846909897,33.9050798205163,23.1055782348162,9.01399214045618,6.42922868934111,8.81507018961597,13.0514613258717,6.31335586772852,9.15433226232011,4.21476221905721,8.17443232261224,1.70006311926993,3.9135942083526,5.49941751003954,1.15299930897047,3.69932031175502,6.05891811888465,0.856052146551491,6.63178364773968,3.88162101452429,5.70867866947994
9.08374796812133,1.67300911396785,1.40419865294043,9.9161491461755,4.10720857800536,2.02977957205257,3.77605352875828,4.9078634380003,1.96294079836081,0.710501759936733,4.92527976506218,7.21666594619858,2.12750126117734,8.79086187084063,30.758520222368,31.2439087982771,7.86041642053506,6.11312331438882,4.29653745276124,6.04208501749784,2.6402236338854,1.64634844716397,1.97985776946561,1.75745399900094,2.00337229676928,4.111219640178,4.63110152466045,1.10109871371547,3.50012289881629,2.02420944267749,1.9434330123894,0.818921208489068,2.10804232432505,5.55742630821582,13.3297778246863,13.9194141199901
7.60680561734581,4.15499327885378,7.52299589473945,4.81603235975612,3.25178556730959,5.44645655003731,5.82905988325294,14.2289977002987,7.54422528529537,8.40323602667312,2.9542570473327,2.24669463126677,6.21065210398514,11.5540970727587,6.58898295232563,5.27877034205286,10.2343568572728,3.28249068299634,4.8789879370162,8.63181376631773,5.73539114819365,5.64361004726882,3.48042073447991,16.0330323868489,5.25179605090522,6.73357803462108,8.95348607924764,15.2024445098355,24.5917829078473,19.2682925090751,7.67963017406129,6.63305694934382,0.921101815332497,8.59733906867783,8.88374464066979,21.4605205414732
10.9562578694788,11.3771345718095,5.4248368966842,10.8689054229286,10.2430709386259,9.70976858691879,8.57706951054339,11.42143624484,3.39355627012584,9.23249399797603,9.90704787452337,14.353587845015,5.28232855083685,6.06395057669516,8.55416959384015,6.15700281524735,17.6833529361337,4.70171533941277,4.31053150072506,3.75893891398608,4.35150274408285,9.34783646449631,14.4173287854774,9.99918111561466,16.1098768916036,7.6173258963354,9.35335400178617,16.8832086386564,20.5324985525893,2.71640209820277,8.8046793035846,14.4874699130082,34.2747994607847,35.2247904139254,3.87886406100853,3.37413410991979
4.56956968728481,5.45141868007043,0.517635822868009,7.02731295900729,2.77257510350909,4.80479206417434,1.86853416938853,4.88665206597602,5.7979762011073,5.8467114618576,6.21767968506215,6.22915382596796,5.37287626647303,5.06114312183963,8.05581907451005,2.8610519182473,3.54778745063665,9.84272103132922,13.3687836266129,13.3913517863256,7.77985739108642,9.94533436769605,9.14221518575241,6.94335507798387,11.3320305284098,2.637696393947,7.61759084493376,3.37049121601308,7.14136853543035,3.52822828337617,4.21921356994458,5.64620949283834,7.24595492318713,24.1208636078706,13.9577304880596,12.9923683710178
8.3016334778659,2.99236518162666,4.63012739109751,5.54178532911668,1.13263582125416,4.86609247085606,6.10415251357319,11.16140319771,3.88341430165657,2.32818631325958,4.39221310111369,10.1236248703505,8.2286105770919,10.7279789614535,1.64475064954423,4.14943568188489,7.53252565904706,7.99298882301126,2.5880976421154,8.84746735549832,8.22776508747445,3.99269444615124,2.76981013263814,8.30446726645083,3.53335586049127,7.23673422847049,8.65282474296032,3.20120616266905,2.40885435156505,2.37374061369104,5.26800159291943,8.35010372556943,5.42177586267136,9.85823382909805,7.2634811839286,4.3137390263655
36.9464829401735,45.0058922810192,16.0070692481132,7.78727434643294,3.23460244474799,7.3534625948944,5.28804354072591,9.22800204158787,1.02934337834188,8.12453826478691,96.8222027887774,22.3388319458315,15.2197388357075,4.18343909104179,13.0356905161707,52.4115300666005,60.7253010817013,6.34483183962859,17.3033228888172,9.30634898239512,13.3143527355592,31.1120455600101,80.720701980769,34.4704036561459,2.95705963855804,21.1887442269406,3.15798955051068,22.0076396852948,5.9355706077914,47.8228432867684,11.3601925683089,2.62639698073028,13.1411086797672,6.78576043955829,11.9108500559826,6.60379405379372
38.1025210215555,41.3263293498563,22.1403879326536,29.2088027005592,2.650646149369,8.22658754187691,13.962607946602,13.1217205006423,9.22744145893787,2.36453877278963,76.0209516668733,13.6610686496068,16.8203754031475,2.96218532810784,15.9980610556922,64.0602367355733,70.5991752593684,4.16454639626846,15.3741882703918,13.5994708486227,13.5875489700273,92.2072848726323,105.48265889241,39.4746095710091,1.28477195263117,19.265290127286,10.5485439956021,24.1099570062952,5.60594267821617,26.2113579746781,14.5242972852507,4.28893743401299,12.3880609662235,10.1557853964716,6.26191979859307,9.31360434886561
12.7198004179766,9.78259830147333,10.0961049908932,4.26216113695111,4.02544528750426,4.15529198812514,1.73351939602248,17.9937751326119,1.91158053973577,5.3842634660159,11.1816154600964,13.6495605591619,7.47063231877073,0.718101630735518,3.78676063646349,1.90380996387459,6.82088304779416,1.80022607468247,8.51319172936222,9.26679091137286,11.7134374215401,2.11783726814257,4.15486401916457,13.4808396027573,7.34109407894812,8.29902733068154,10.5300334525844,9.28309218056059,7.03860707494131,13.5999463237485,13.6618833482413,22.8661397301039,11.3270273096242,9.30268989198623,0.762242955924681,8.35179571565612
2.31241618199569,10.7264514387253,1.74569399678476,24.6193849371188,19.9913548497808,20.7877822258686,8.31631042524388,13.3941682442179,40.5857880079098,6.26508249014942,57.2967445759299,23.7782913935669,16.9245520586962,2.99968520861626,10.3570628309076,42.3636050642681,45.8802371890252,7.62397447160858,4.40897962996223,9.23362167171087,9.6738623033256,6.65223589798618,56.218711351534,24.5612570819526,9.93622107735185,20.8059815388981,5.24031174340651,39.0349129627302,32.0407797614108,27.453230890729,12.5949325330832,8.19793502136118,9.3662776937753,4.70434883986013,12.4676345914878,3.41237341541583
4.74049096069258,9.95302783115921,17.2117416770719,2.61070705276135,9.11931788125491,10.5158160555556,10.9393681881695,38.2015070521363,9.83059673388088,11.6714714663709,80.8377457160426,28.7396180756074,13.666130930479,2.88095915245487,14.5751500183649,79.7769319371803,75.5409338779841,13.1360878778318,7.25784620276086,8.80612958040335,13.5474551661898,77.3883904025315,109.43211636753,36.6354587777519,13.8800167905859,24.6599288814519,16.1767653735047,25.041202820072,13.9021251013797,19.7433038857752,11.3569836359956,10.7030341960622,4.93498921949753,5.61934909441453,13.8679910137478,2.52564741429258
1.95381611986635,11.6202608219238,15.4213200195431,9.36695514188455,1.12632729376156,1.11108875513735,2.86321914987877,14.2666916969678,12.8842782550539,18.0365457927833,5.42577366674555,27.2545165329469,11.5758642062953,20.2881486331701,13.4453410504973,12.6668629018594,18.8122986717295,10.9994078400404,15.3580347439814,8.5319783865847,2.66974789014479,10.1610859180866,17.3337615003494,14.3378734410226,9.51587939470667,1.54667446330917,12.8275918310036,17.9047636334204,5.5646043572939,6.50483443369223,2.68412999506319,5.26815024841836,2.8226644417701,9.60703932261045,12.3507373584141,10.5495730145017
20.5470713147564,15.8371394545974,16.1176267929386,15.7121084830906,2.49122478933637,5.13542287555017,6.03960730229933,23.7929561916066,25.8385012827427,5.22576054056309,41.2764775701239,15.9496590108752,8.40710667962823,5.24419339764424,13.5843834868727,62.6337490937509,54.7923090769491,13.3819755549868,15.3787121978886,6.05669355361249,16.7994274402618,66.0538583051018,77.8420425059503,1.00519899044277,8.40831970424616,14.6844101639622,12.9274218981624,11.4709581019855,4.67564490101034,17.3045683954088,16.4769680716701,4.38584690841546,7.76488305519894,11.3478918031471,6.7227111984347,11.1244114556146
1.16053452564197,0.127343257985343,0.0837294040853193,0.24333800778213,0.0482080023404639,0.0174607857574479,0.0709990180717495,0.11025232969621,0.26070991910982,0.164499956688558,0.0588501439582618,0.117368958796775,0.782698700411971,0.329036083074409,0.144250363274057,0.175663700331613,0.330520372082937,0.0448454848020682,0.075685688505348,0.204729487470844,0.049258877307221,0.225074291332496,0.0680643226058386,0.242431548270351,0.0998825110983962,0.230944035992647,0.271854967359349,0.155847295487498,0.153093476487073,0.9135639723688,0.378827331137538,0.241599799166837,0.0448038354014496,0.231972536361388,0.125423901704225,0.131351990360671
8.2337280926553,5.24986889320952,3.66169299868387,7.3076808809301,5.30194668443371,7.64024064737691,5.23153903498816,56.0398675149656,54.5900731191512,4.44342529772337,22.2589797195333,23.0322023859743,16.4834983863343,4.41258037538952,9.42113793462478,13.9481021497762,16.5145783422153,9.25526995711287,16.753228663567,8.95034527948682,15.2377976102466,67.6491189467276,82.2319937387659,10.3963709524208,11.7075326971873,7.20124820391884,10.15730280151,23.2847630488034,10.2118176661955,16.9828878966989,2.25652363587823,10.2464821684683,3.90551954999682,12.3832780563395,15.954762965114,3.14701245055647
0.885105161104772,1.70899113663999,1.69943237140677,0.919297791083147,2.07265755237796,2.06181019477392,2.53993915080798,1.0970691812282,3.21479092657989,0.835162889903757,1.74856491421073,1.05783887230813,1.82447836807283,1.43560386040917,1.41957887352125,2.44761527391091,0.861688402782976,1.07237169948435,2.3235273160351,3.35110288288652,2.09456900433455,1.86827815247553,3.13499973240413,1.2095272380404,4.75158916345721,4.55821296074035,2.53823059415773,1.58765755511548,1.49074325531916,0.374242758704874,13.7535774290459,2.32331430175034,13.3230197931054,16.844783101728,4.38782374654584,20.5709462402162
3.80235772312251,6.94274049727992,10.1035203917584,9.28672551065726,19.7921576756786,7.83396955070766,10.5778062785205,7.30384578847482,18.5699689415108,4.08348355834364,4.95198794455426,6.66727932608221,15.763726366621,16.6657219816208,1.24940547860769,1.76612439137387,10.7545940971191,1.57390081284904,7.58289026082414,0.761727146370383,1.13930449890671,22.8339448627805,32.946642102825,15.3471980237323,8.74266198096159,3.22506995973281,11.3984196048225,14.2838034621473,16.6345105466624,9.92850437032548,20.561931445077,16.1477471932433,2.16646509309417,2.66112369181614,18.7971470423602,3.73090292038998
8.11061754893779,4.5292158588959,6.36499236679208,2.20682188424544,7.01227240140289,6.71188339639423,4.18756804147363,5.46498360002945,7.00416607859008,4.16364121231718,3.22853329279373,2.5513911923224,2.35470541309198,5.6026809968431,13.3220672254184,8.2810004239633,15.3284736469546,7.29813973850731,8.46751894365496,14.8146679694456,6.68865922959529,6.3917938976353,23.5931032343859,17.5806418898655,15.5678962153738,6.10742594720052,5.60677023279716,5.62351780468679,7.20281033127747,2.42330057156064,9.13148296031044,7.92355063847142,8.1067325577551,4.50911038770557,5.7998992337733,36.7386406487623
10.382530063293,6.82703713028895,8.03645088154538,1.93072253220541,5.45721467996664,4.66726114160273,6.11312798926099,8.97909207191043,1.93802525770056,2.73650638877162,1.90077375769101,3.65036988260889,4.1336133892009,3.48442587626254,2.86808437462914,1.71288326304638,3.85082015373029,12.5204656946714,10.6876991500024,5.75966461866656,2.75524973571917,4.64980480744762,4.28805117717608,3.43443066125744,5.46691947656961,5.80036131061887,2.15995987409623,1.92077901699994,3.87881883348131,13.3095159013577,15.7725963771339,1.03073164300299,6.0570886888344,9.26052974914193,4.77936869491992,11.3379258756793
2.37989862124626,11.8324975614672,7.68284612685451,11.93147921189,10.9022590966211,20.7148038597652,12.690898301716,12.4293630789297,3.60203584371727,19.4834438937837,10.9781187957191,10.4662384087996,15.7656840410229,7.12703864174998,10.394747232902,7.85629375393512,8.26175759753016,1.77253334733349,9.72609333572741,3.60826932950284,10.3453549923359,14.5284660600981,10.6346589834738,8.27494938611282,12.3254317858955,11.0429015135864,12.0251570922093,16.5739151717868,12.0055345598559,21.5443261077237,10.0274335904661,9.10418221209959,14.4823435514503,8.32305370191942,13.7595363148271,8.03293237505234
8.20860208333886,2.35424989415339,1.95112071598421,1.30158473402563,3.22892458963772,7.88429957946643,2.23785486886289,6.90121477678237,8.58231210383105,6.37148513161777,6.08413171209686,2.41920513569486,3.07612364325599,3.29977853264614,4.80002368247236,8.04146182721115,5.69226766152668,5.14581586740293,6.84421422240511,13.4509293330283,5.94220402108768,4.35120483211085,15.6930022221714,9.98431690068749,16.2261722285781,8.58539282786409,5.95454006171815,6.13354312562185,3.90114048203689,1.73673654939793,21.7333738362151,9.38589140924845,31.3644219219485,39.748791476206,7.6084146374715,6.49896290287967
11.9980716266705,1.52558926784917,6.79206886832051,7.19075245510678,3.41960728609436,4.13786672234645,13.3143194827666,5.3207936573547,5.20166496214494,5.24612837462569,4.39973867522448,2.26233178778513,4.33828050555755,4.40454944065564,4.38734836170311,7.20275852046071,4.99972617751593,3.70981945977089,13.7097781658572,6.98775387048781,8.46916801531161,3.5860058394164,3.9275006793616,3.4863622818214,4.40373628221402,1.21799200226382,8.0065698769694,1.93039209981209,3.99059850465439,10.5459271694356,5.50655197188042,2.25498213831196,1.39874599137331,2.82746902647476,1.87028511544323,5.37702879110741
3.11245255052812,22.2256322032467,10.6783922571772,5.26903114503674,5.98484372657194,10.1843001004858,4.06642861456433,16.2396353701475,6.73134983150431,0.564943920772675,6.60959392329406,13.0756320200151,25.4127943651889,14.2741768332015,6.67935761043404,4.05390460306439,7.23775544142298,6.99197185261067,6.13616105551148,9.64904101633415,4.93793690775052,18.3382705246344,2.42715787553197,9.3247827607355,13.1576502319213,0.641810138157757,3.53394901531761,17.3414448629177,9.85522995793981,17.9751719615181,2.95696920237818,7.67885292108262,14.0276642321322,2.14043525905374,4.4514122209036,4.07669598675811
11.0497188664796,9.46357892492738,13.0462209651879,3.10583952425179,3.98867780385775,2.18527989897694,1.706020424159,0.0332487935683254,1.9085181265491,0.729894400224113,4.23318042940651,12.9939636113743,11.1301155354041,1.04238652178367,8.13692428679369,3.57929686804613,4.6842250769793,12.9380683267505,10.1604010725148,1.4858632757446,1.11541213583802,0.246844724636567,3.04280638294725,2.45531122654804,1.26721061452084,4.16060230647148,3.46753073157759,3.8999378516038,7.85906477960225,15.8254639074295,14.4580105518272,6.42632028581722,3.30240448775923,5.16610083997817,2.02163838338295,4.42493394955416
2.37496193157588,9.56293422747976,1.00499327755688,5.87526405290737,0.846858579625021,38.3070389317895,37.8325606285712,4.50302354269304,2.73391124720966,2.05380739892046,4.89461452923767,46.1257445357371,7.18889606004483,28.4415447926716,3.07160654550586,1.81289700276475,8.00334307562653,15.9800653647163,12.1625288068456,4.65445513079357,8.62325094494872,17.6024918302891,7.81913359605064,13.264435588348,45.5185834531318,3.56516822059583,33.4512719432466,30.1871640515177,30.9668903862676,36.3361513759128,52.71518501121,,,,,
3.79670309084689,3.90532075829984,5.73079492372328,10.4718161974343,5.00066281989276,3.67510511716375,4.4293022340452,3.6790919825461,1.82685673032798,2.59407290105019,3.86275059738557,4.59134109957078,4.35765109576154,3.01223431329445,0.295537328509123,4.59918945104352,8.57143552425998,4.93247717380743,2.38762291645608,4.37222733794709,5.520302515117,2.99566502631251,5.76450324173975,4.61886129532284,5.16502744566376,6.33820946451369,2.65249404355229,3.86042861151959,,,,,,,,
2.83577792646505,3.66821225669579,3.37365071898477,7.22992542385931,8.86743994883133,4.04692164862483,0.922227261549869,4.1288560573559,1.20111268131898,2.81575763033916,0.280127059491339,1.35020090999645,3.09684973991381,6.04011682795631,1.06195569277546,1.40725378589164,2.19429238095252,3.33518586030906,5.40652011170488,15.4720332612795,2.82707222981503,4.30921175397157,2.81500622396485,4.78533487226677,6.52583438163588,1.96641965919328,7.1980253742447,9.27656760344072,,,,,,,,
4.89827408769191,2.15826541533391,3.89735129494057,6.9278752387471,4.48776445091654,7.1335585764117,4.31820933365773,4.00397146533224,4.75519252473729,2.48978741316487,1.26739101914908,1.96225889783755,7.32871063428604,5.86144893212661,9.05385987892861,7.89227934565361,4.6717360726525,8.25984865742161,8.02568311975441,3.5682576237932,11.8964883187742,17.0610060529537,12.8359222448563,1.2319381495134,2.31257300349657,5.74305926697698,,,,,,,,,,
1.62878805237364,10.1879437236662,22.0098714586612,6.08298834953068,5.20395134238587,7.9308271374949,5.1511984094946,38.8508348041752,37.2369510350053,3.316224354746,67.4995338668234,5.89377413269095,3.73659137706062,4.95396258009221,10.3283791793741,47.1361047979587,37.6284295520453,4.70402050407548,1.97025014444782,5.02925161962734,1.75535113830665,32.1691252362761,31.3661000070903,2.14052875314279,8.7408280426181,,,,,,,,,,,
14.0427805484594,17.1567102309733,5.30920412025899,6.62921322396472,1.59853007360636,5.63590929164294,4.51985585841994,3.25610372107637,5.55368936558347,2.99287323735967,7.21768291199671,12.7444817644102,12.6504922977998,0.800763961475059,5.59858161786793,4.91732016550667,9.20892681801458,4.49833757124873,16.5225070163212,,,,,,,,,,,,,,,,,
46.5427397703719,50.4003547780017,5.09841664091048,1.23912894401143,2.64397301792099,0.434998949537903,6.69103821799296,3.80638228073393,9.48005876562323,1.90818051423506,2.92069597797491,3.72132385728408,2.32032725058845,0.156965443590286,5.55508463890608,1.49448037980499,0.862395818706837,11.9779493961706,13.7811857262955,,,,,,,,,,,,,,,,,
24.1171965134168,22.2093855046592,1.97045125067662,2.40785956731793,1.34642134937086,0.210676350987822,4.8916085426612,4.17308891403962,3.81624889275543,15.0361848933692,16.7844566678097,0.253601991893675,0.898808547362042,2.58691906402378,1.45407184821305,1.89271894634539,2.47491044287501,2.1438557072431,1.76979251023582,,,,,,,,,,,,,,,,,
8.13189071474013,7.80287373759093,3.1069223655534,0.597656899573469,1.48131553300736,2.2507081553943,6.13472905627501,4.36207090970069,2.88777822074373,42.0041602128456,46.1381873889219,1.99614425687706,0.830975439496418,2.61487517128602,0.0586778278746732,1.32754476874512,3.29151622308655,3.23863172861603,3.4348663270689,,,,,,,,,,,,,,,,,
3.49212833689781,3.91079442996577,5.17386501116258,5.41021489247921,0.969249075919369,1.10615688227645,4.88258534013657,2.95510142407098,1.58369772912383,6.48950001872442,18.4552540380191,15.2090123383702,18.7201041734105,5.07009035757266,13.5225666232609,7.77692998325797,16.1015420045817,16.8785229015061,,,,,,,,,,,,,,,,,,
14.7504635136792,2.34131690408784,0.816229135341009,26.9968522536988,2.20456911673124,11.3416004397189,12.8302808731687,0.28299491912494,5.61204074380996,2.49279444687718,11.3120903196577,3.88459695652864,1.06318886953827,12.9629426750387,4.36412686491102,13.7459695370601,12.2359077055191,18.9309528800986,,,,,,,,,,,,,,,,,,
0.839210160760422,2.72991181230082,1.52051979695082,3.14425405194563,0.4589956597483,4.64722129937056,4.85860372386385,5.5225357418641,3.82343766351288,5.04349431076058,2.33497374770628,6.38778676848253,1.66427779951245,5.98481030452781,6.97608061268495,3.3582359723139,4.00204401321016,6.4762466999962,,,,,,,,,,,,,,,,,,
9.82465325010008,9.73646856166866,15.3238510730137,18.5745836091501,4.03342960020041,5.63697726926693,61.2284370994172,48.6865008781188,39.3377985218879,6.44493706598054,89.5391462552008,89.5229836266755,4.52311348403725,94.5706127905151,83.3722353453561,8.56089542855313,5.0555887413647,,,,,,,,,,,,,,,,,,,
32.5979436726942,12.576300389717,11.4135419223674,40.2966105727347,7.44260129190819,15.1023656452893,144.731325577125,17.6484775959374,18.6028614190229,4.27964458854468,132.205237404173,147.713299803594,13.3756342391301,130.818178313318,151.813138643163,2.60074011533561,5.32231042631828,,,,,,,,,,,,,,,,,,,
8.60094690891111,13.1363870170436,3.70116612323852,5.93821989286436,4.41649936749038,7.36733809966901,1.47846860531062,2.68524946390848,0.14817382697374,4.10275202555875,13.0968853534444,10.9521921544083,3.87453845306165,4.21540521982684,8.35886896941789,3.38955806149737,,,,,,,,,,,,,,,,,,,,
5.10220958640286,24.7607207640178,15.0171756440321,6.06224980475263,20.6293621679997,2.06509057079803,1.22348495752344,2.0402170517918,2.5481166825159,7.75151943215223,2.58709868549887,12.6358814564859,29.5277665339655,22.2051696287091,2.79688417465566,4.4522902592683,,,,,,,,,,,,,,,,,,,,
109.089797782019,9.15699202613213,4.24894181432642,7.3854324897449,1.97497281727325,2.67103561695146,119.784412799866,5.49382064443104,,,,,,,,,,,,,,,,,,,,,,,,,,,,
45.4618569499026,8.39712861821425,6.60123141654268,3.19637536134517,29.6882127639705,35.3678564145671,10.095364256498,,,,,,,,,,,,,,,,,,,,,,,,,,,,,
40.8119767706818,23.7733097697846,9.3477186874959,19.240699710236,33.9635825135062,66.671795807449,23.8532110422529,,,,,,,,,,,,,,,,,,,,,,,,,,,,,
14.4185820115788,7.21363637543299,4.31518456613786,0.407759968856748,8.18483547273891,10.0960568962165,0.12080902002604,,,,,,,,,,,,,,,,,,,,,,,,,,,,,
14.2644170297723,2.76452313791261,2.77767795126493,8.49004228362493,18.7845980140893,27.3727668809939,8.36442091656994,,,,,,,,,,,,,,,,,,,,,,,,,,,,,
4.91789642358065,2.00168360820828,4.7104374445248,2.70589828377007,6.67036338572991,8.65395583963668,,,,,,,,,,,,,,,,,,,,,,,,,,,,,,
5.54193259556833,2.30661777217802,6.17241342451168,2.13903340367007,,,,,,,,,,,,,,,,,,,,,,,,,,,,,,,,
20.5920006698052,12.7787697640574,12.7074786841605,4.20537271273126,,,,,,,,,,,,,,,,,,,,,,,,,,,,,,,,
18.5862412241089,19.6873109914434,7.28424395270411,,,,,,,,,,,,,,,,,,,,,,,,,,,,,,,,,
0.0851762846269406,,,,,,,,,,,,,,,,,,,,,,,,,,,,,,,,,,,
4.25795740462306,9.02772386937014,20.1838604104856,7.9724390288952,2.57316771711683,6.41448910436875,4.06015477931921,8.85438862719235,17.9646525581954,11.1626140162245,7.07425207491928,,,,,,,,,,,,,,,,,,,,,,,,,
12.3075148026055,13.5445697479116,6.43021619787401,10.5707978370016,1.12727397874707,,,,,,,,,,,,,,,,,,,,,,,,,,,,,,,
6.8638316198739,2.78475996319626,2.07641825190455,3.34872829488654,2.85694335616291,25.7921291168361,6.15114359626824,9.46010094718755,14.0985176342163,6.66681974453459,14.7222160365957,24.0153206490035,28.5938171596421,3.45773137789958,6.45022279706693,39.9875822493269,39.2343919487486,89.8742209289779,40.8782444447273,18.183382512393,4.31594930389539,8.35964389933183,13.1267260479567,29.4377853797609,14.0330142828766,9.41716859615388,11.7848070156078,21.2989937123058,,,,,,,,
3.71779262095747,3.73302068095118,1.44323095393851,3.98397945691419,2.82381742776883,16.6226928054751,2.38800799622338,2.52588403547533,5.01661237737146,4.16402720868109,9.65049821010877,27.8201791614499,16.9300833085867,6.92601143473936,21.8608041021474,35.600866514645,7.51657237817205,38.4884720298664,47.0593826925671,33.4638210979733,6.18080839988594,8.80722138580726,4.83483523336458,4.736806125446,2.40459186402712,3.84576351422464,0.515762027099851,6.75244838029705,,,,,,,,
3.91446441197448,1.29415574600822,6.71307602225747,,,,,,,,,,,,,,,,,,,,,,,,,,,,,,,,,
39.8794193437706,65.3251270016322,20.4212753046776,14.0158324153207,7.95141713663992,17.7677368162227,46.0955131082822,46.2212919906661,46.7590947285553,46.2509503825947,51.0541864071631,3.17096931082313,45.3929551791147,17.48276731011,16.1210067022575,39.2505088513541,35.6943300102037,32.8958482572418,10.9006975295631,,,,,,,,,,,,,,,,,
1.96751910217424,7.40661235590789,1.40976409304852,7.99304690767485,6.72548443018016,6.50874732293075,5.89898426180379,2.85243136817714,5.06298312848426,6.63538917667171,1.76517912741876,1.11894591780897,4.4006423221313,2.39695148412235,8.99072522776551,6.92882460651495,2.57448245639843,4.0791633493313,14.3001151931473,,,,,,,,,,,,,,,,,
20.5091685936407,4.3366267706243,4.31620432373705,15.589455916843,20.2203868075656,3.78840003641603,9.23752482648861,11.4704493378387,15.2132050543671,4.52797813083293,2.11437280577034,7.44749140158948,7.70284866298043,4.92092755185312,4.61455728413155,22.1416155695709,22.2604461114133,,,,,,,,,,,,,,,,,,,
47.4058088602341,6.24238491508397,3.73846640599118,38.6647865285732,7.70259534725165,28.0104866962589,14.9519799489318,11.2354800557318,9.31452764806342,44.1757774432416,29.5294284633612,16.6626434607847,15.6274165369845,,,,,,,,,,,,,,,,,,,,,,,
18.7499944426913,5.52781655035733,7.87165666807436,36.3464122056716,1.01005806439862,4.98078156391788,10.9573878974571,10.4151215735843,26.1782998075135,30.2721585557154,,,,,,,,,,,,,,,,,,,,,,,,,,
14.0366054602946,16.3292376353286,19.3206962948392,46.8366951708407,56.5581851518582,11.1087696170052,16.5364425200073,18.4715514145965,10.3470787663602,15.9859668851743,,,,,,,,,,,,,,,,,,,,,,,,,,
1.40376500471766,2.98748980727331,8.02242025855669,36.134459401245,51.363291987291,3.04138524714999,22.6111003761589,7.83479694926351,3.62758171929075,29.5897779189686,,,,,,,,,,,,,,,,,,,,,,,,,,
37.460093847835,27.4837193047216,4.64980353737794,17.8854380190994,16.9843689443392,18.0231586669253,,,,,,,,,,,,,,,,,,,,,,,,,,,,,,
33.5114066610907,32.2712857551681,6.99099694694077,11.6215040409279,,,,,,,,,,,,,,,,,,,,,,,,,,,,,,,,
