Var1_1,Var1_2,Var1_3,Var1_4,Var1_5,Var1_6,Var1_7,Var1_8,Var1_9,Var1_10,Var1_11,Var1_12,Var1_13,Var1_14,Var1_15,Var1_16,Var1_17,Var1_18,Var1_19,Var1_20,Var1_21,Var1_22,Var1_23,Var1_24,Var1_25,Var1_26,Var1_27,Var1_28,Var1_29,Var1_30,Var1_31,Var1_32,Var1_33,Var1_34,Var1_35,Var1_36
1.19026695505893,2.74455825156137,2.72284778872252,2.68794991724894,2.74826793303399,2.68792703996714,2.735634106325,2.85395712334689,3.13620706072167,3.17766935896651,3.34306432598127,4.22830444715962,4.5762475441373,4.32593450014942,4.67289498247079,4.65278979118431,4.58124805733816,4.46518385564724,4.48863867616578,4.68429126211091,4.68718597123721,5.39037277792407,6.2076959225921,6.07360746639676,6.3425161724011,6.18188723620993,6.1312986033099,6.10364306514911,6.20532484597897,6.05638679065752,5.91429267598006,6.09439515967951,9.8430538212354,13.5328004196908,13.4439199098697,13.4742585087663
10.0984665575722,9.5724554680839,9.070381524925,7.45462535554704,6.35188062816786,5.54943552067988,5.01588717102699,4.7348590194735,4.45924862670181,4.26251450643613,4.11611435180825,3.90940305637967,3.96236531734231,3.98302936174654,3.96183808164844,4.17492790076369,4.19783065078585,4.3031655905368,4.3177783865063,4.41296874549817,4.2170886150295,4.43301606063507,4.34268203010432,4.46150059017908,4.444160732653,4.40597995987383,4.48854249886969,4.51802170981817,4.51597488151597,4.42724230804306,4.35456882757579,4.4828956964596,4.46214821427787,4.5182103580782,4.67650518089302,4.76306729177158
1.57891889506886,1.83525587666989,2.48688563061772,2.30963277516042,2.54866329973854,2.3369933743036,2.68261278416005,2.81929431411514,2.7070338060132,2.60247897465576,2.63153632231851,2.50741837147256,2.5830718426998,2.46782687692045,2.40507187484603,2.39463357397607,2.6103796831207,2.60661200586633,2.66460518107137,2.65746387216825,2.63103898153157,2.67203606805387,2.83921038942172,2.88518492690987,2.89294549242617,2.90724970405308,2.94456798047166,2.95970123219071,3.07548228490633,3.07655881663574,3.21852190027869,3.35566694643716,3.32671745572586,3.32040874272462,3.31646122160116,3.26291741145495
4.00128539617358,6.14620436647426,6.0186429720557,4.73895671304882,4.18991565776043,3.76519389621717,3.36739541108468,3.818509770806,3.69748625752239,3.8033821369836,3.87477475710285,4.03955954133983,4.2362867795536,4.15522109263793,4.13236457455286,3.98168237099406,4.23983884785739,4.25744927665878,4.37289252011604,4.36746366096353,4.42781564863462,4.87017240284618,5.09645659601336,5.12345805821132,4.96931621808847,4.91877593440543,4.94941630517364,4.90982645019489,4.92219511774258,4.9934973116058,5.05137164149474,5.18906714537293,5.37293385626639,5.36254742352587,5.45612139227167,5.38348855177501
3.22263916447016,2.65480948391436,2.12781086452811,1.81298182925616,3.44344041524753,4.11109570519139,3.80425211448265,4.39077364653055,4.22651770795603,4.06149943701912,4.12106640085491,4.12047292211866,4.10802734374697,3.88065007524238,3.68804202604153,3.72257528193074,3.81018239827288,4.10894822109543,4.13574458429587,4.07144256870053,3.96371045164339,10.3608738339233,16.1728588741563,15.6680474644492,15.3453076200005,14.8702814740481,14.6091023104201,14.2898762752473,19.2776423347039,18.8096407791656,23.1317159618651,26.295868145061,28.9394883047975,32.3675012691378,31.7819816184555,31.1850281591117
17.848807672498,19.3112758197565,13.3266515341987,10.9934112658347,9.26327844029204,8.3131633867804,8.15882652667206,8.10209001610162,7.32420956879778,6.86642991955787,6.6643979436735,6.81943319578932,6.63081247620308,6.78065895157602,6.8092892053166,6.57829138399952,6.64276580242761,6.77559724859385,6.72209663476663,7.16149172813116,6.83512869473951,7.01735325315636,7.10760128933842,7.1236595813032,7.38523228218313,7.38655779319352,7.19892270827818,7.17026071698715,7.1204194311863,6.94690519101828,7.08917884570857,7.03114177856216,7.08884181568409,6.90900201014006,7.00286068685368,6.96434992374523
11.590700889894,11.1763572344361,11.1896715645259,10.5772422261195,9.66258499505194,9.8683531864133,9.07312683148868,8.71352726584301,8.98808616605431,8.40434668936754,7.90979816230113,7.79052474034109,7.40807865818398,7.94169681312779,7.95851610416447,7.76814591997203,7.37714740952211,7.25038567513794,7.93885609621482,8.11198482744352,8.08472912906915,7.75752007508067,7.62567006622846,7.84891894885837,8.08702175396216,8.17420570431687,8.3603669587806,8.13534833099662,8.24801001981336,8.27059450729852,8.18824611994022,8.21140113168152,8.23927217050346,8.35715700932855,8.60103887996647,8.74176660932459
3.92806682185549,4.97891844440501,4.38143181871551,4.28353387177166,4.1980288984785,3.72475432877872,3.27964460111517,3.38396162673045,3.32010504183194,3.28756223085186,3.37491580148393,3.72466154156129,4.04117072541642,4.04106796142151,4.22223190127803,4.26116640708547,4.1460794355158,4.24395284663958,4.27989614120411,4.15878193035016,4.02272754866074,3.96760905224076,3.84947762611601,3.87452487419874,3.86568465203924,3.83353428557497,3.86423261733674,3.76289752956196,3.78686651645245,3.72851978194832,3.82310729438826,3.93924727381275,3.8885973682431,3.82959213828646,3.93575489677622,3.98777151359856
5.61300747481981,14.7080000562053,16.0528383908548,13.8973799077032,11.639222908059,10.7967262218911,10.053678717037,9.15893757049384,8.96110359851206,8.5986798538301,7.92818046578492,7.84370884046377,7.85842989295613,7.53574784655152,7.8581996991405,8.05902854334517,7.9411389939427,7.99033669745763,8.25003369485634,8.05481785556653,8.03985868534761,7.81943793751712,7.62909208008937,7.92209337593293,7.84549180362765,7.77885330079863,7.82580459235725,7.69170443177912,7.69804112756433,7.6627833412276,7.67232216579105,8.13582824776805,7.99178675909376,7.82345117449083,7.73928535528457,7.56730681428239
5.31939485065699,3.78092592713532,4.58642028117483,3.66508678860512,3.06508736752762,3.29428030703988,3.57225132722047,3.5314745167453,3.48310766151837,3.40649788187436,3.74924539627569,3.65078370482197,3.84079151908491,4.18067779043747,4.41546484200474,4.49375351461294,4.5157776174143,4.35225743835624,4.36141585678968,4.24245566575925,4.15756701164592,4.06601374090093,4.08829031800667,4.01318245995565,3.90123881854538,3.86014197470338,3.92517261750234,3.95167869970338,3.87328208513599,3.81156213229592,3.79611264526277,3.79450260583479,3.89944809657436,3.84312260875827,3.94105463067493,3.95776054295915
28.3337656529919,18.3191417352607,15.6304157975695,12.3778384097239,12.6349294115725,11.7935940731834,11.3845911860997,10.9996375712489,11.5033149206845,12.4436146377928,13.316818368934,12.9054408595442,12.7879977358678,12.1358029221902,11.4848255021095,10.9401455349039,11.11143574145,10.834308824403,10.4413108301294,10.493333645078,10.1588397832954,9.77533841500969,9.54758668851052,9.28797575073323,8.99814235687044,9.99956382799455,9.97050823594355,9.73573536955204,9.50895652077524,9.59615469698898,9.55896198662683,9.58425203647994,9.46397694527551,9.22480488467814,8.99443050370605,9.23120870812302
14.3334652479334,21.601375331996,23.5520024992672,18.2784594154071,18.2180641739887,17.5256756509415,17.8211182454987,15.8035809292492,15.1686552865687,14.6314124990042,14.8457182619024,14.4490365448352,14.3508257198935,18.8706997803905,17.742453933613,17.2499344984602,16.7988785785523,16.1009214398782,16.1912432595562,16.6515102739048,16.5889820144903,16.2635670052034,15.8634290006468,15.6378401652935,15.6868193005851,15.3105788060733,15.4716013016461,15.1888007397862,14.7719849230655,14.8032918306429,14.6694166397192,15.0619937557626,14.753679004691,16.1489983552213,15.8722716661179,17.5801031259779
81.4602606161214,84.8962765906431,60.069410056329,45.8417989406029,53.524627911285,46.0424944385973,40.2600632228069,37.3261341424394,34.3995866961669,31.4226082181009,28.7760903180929,27.4503750827004,25.753395527602,25.5654980704104,24.882209238072,25.390583306675,24.4616987863483,23.9932784130689,22.8648274202445,22.4792101627123,21.4444163324835,20.8779928629835,20.3329658684998,20.2462141625162,20.1137828210808,19.5793627127985,19.1833836556325,18.7040005535465,18.4119927459228,18.27081084079,18.1739689480552,19.9271372208248,19.4136016935637,20.6900821823082,20.3899818219623,21.1081098080032
59.3554278797779,59.8163440466178,46.8939727145928,38.4609654799549,38.8380379258306,33.231443777194,30.6319098401026,28.2550622190103,25.5152932303282,24.0920585726016,23.1516909787225,23.4859739559263,22.1734534636939,24.421937180669,23.5063794573501,23.269914198625,23.175422797148,22.4349335502002,21.8370958933265,21.3479178124361,20.6179900837655,19.923942012431,19.318683636362,18.9481179062207,18.7947845592681,18.1330043850447,18.1478882950981,17.770632256167,17.3661134267462,17.0674174215927,16.8204580969482,18.6253985686066,18.2540325645971,20.2532499224214,19.9105406268627,23.1744500715013
46.3856592744538,45.0259844253582,33.9526981611126,28.3704011670269,29.6541004330927,30.661494620323,31.6167122850636,28.8567768304566,25.9908503645314,23.7667921669352,22.7288582797934,24.139393932682,22.6005515090635,21.1463751099756,20.3964148932724,19.3652831964811,18.4070913638417,18.2961101725117,18.2640861162823,17.471093941928,17.1635070257202,17.1390736603248,16.5486080398433,16.1085193343131,16.9225270597879,16.3038886016113,15.8054595773561,15.2786872881287,16.0133872079885,16.6365195243126,16.3632351288482,16.2675175277366,15.9124560345017,17.2892561679086,16.9768578596361,18.2249991982516
15.7364510128058,16.4070937315158,11.5937553307822,10.0847069044582,9.21365326348852,7.73343988385538,7.90133205270609,8.6925201747725,10.0086494573331,9.30434501967613,9.16309341664666,9.88309568217542,9.65323847973757,9.90264307349576,9.77866299085149,9.50896472839509,9.57454435278687,9.41743812645492,9.25628922131197,10.6678845161424,10.9829453890597,11.1866584048958,11.5124900554671,11.8020852534102,11.4196380876337,11.1970661550393,11.5033121828778,11.277154109365,11.3023187846081,11.7033169498374,12.0267141850772,12.0520174150264,12.0316614651138,11.9626653841034,12.0072919191545,11.8792318177788
1.40135076760645,2.80028860665378,2.97556234086497,3.13030096026364,2.62502695957339,2.40593188544485,2.61437484685239,2.97384493851794,2.887056440923,2.87746988457449,3.09113729044951,2.94293374543096,3.03588839205544,3.2311684602287,3.25817991156834,3.21794314050529,3.28107110875343,3.47949192594021,3.5612364948222,3.51004650171995,3.64872622386274,3.60525523046555,3.72243090469831,3.69374772866301,3.6017033048458,3.58533034289929,3.62968839179743,3.60927709645072,3.69313370623761,3.76935140398314,3.97523541798356,3.9927443411978,3.94556669958706,4.08043397515486,4.07785539747073,4.22921819354467
4.27102147648351,9.16458897348934,11.3299131186764,10.5843015497543,10.6443807280756,11.5935205615287,11.0369174806488,10.2278645386039,9.8683714455483,9.28172953446699,9.69272054400263,9.35331436570593,9.33032735867988,9.5264745949028,9.05641895951984,9.30524039889431,9.24279260125843,10.5851449494152,11.8228936210439,11.4413965110766,11.4659877277697,11.3564968033515,10.9974888872398,10.9320814275154,10.5207379984694,10.3281085060562,10.2988810511739,10.1571177519352,10.0221606425864,9.80002953917555,9.55403460959675,9.6028593401449,9.40387854988283,9.31418727684626,9.07051236709468,8.93936241267784
1.58252402667216,2.80001735471002,3.08148243466444,2.85085453653618,2.75301820892111,3.55848823644204,3.90017152645908,4.11014259241189,3.89223056013774,4.20791876003882,4.33865075800782,4.65976825927608,4.88369657638039,4.70319216907633,4.82586956646866,4.72722668787318,4.99977646903738,4.89991086539756,5.11958602194405,4.96911705482859,4.84085531827665,4.79714772533814,4.80333582686729,4.83559002581475,4.72333642236433,4.69366200553846,4.79473720369733,4.78577372301651,5.14550094331931,5.05022970066245,4.96001845530618,5.25207336751,5.28802163701158,6.34141695060443,7.4532155110371,7.40523737915623
11.6618290076932,12.5605847563107,9.45343914704855,7.82389430362776,9.72163306731499,11.062648492117,10.1475688006345,9.56501097474111,8.85291178663496,8.716521046942,8.63978577566255,8.07964791410666,7.58530919903919,7.2305908068495,7.08896891832688,7.58422838107144,7.89824477052617,7.93048001804957,8.20514569002338,8.5578410032682,8.63611696787758,8.47929642963,8.49851179374335,17.1016889651827,24.0200768327249,23.6757115084908,22.8640326582888,22.4024458786988,22.0795113842289,21.6541344397591,21.1617553038628,20.7403653684064,20.4798296300256,20.0680087914838,20.1914832681256,19.7486324466057
8.01261018236063,8.61028491932642,8.8011037330525,12.9580297389001,13.1679529714324,12.1322803310802,12.6486417261345,12.5426778562977,11.5417106840964,10.9361138018437,10.9611190042911,10.4215013753959,9.78834676702371,9.4970612273992,9.29411290680035,9.01033297416206,8.90453098484394,8.65318561765839,8.85489381780447,8.69977467583499,8.55425973787489,8.44883954530262,8.30418911482057,8.1450841870031,8.27998835724277,8.26502604501847,8.1013772601598,8.08270518813328,8.12723543227976,7.88672116384799,7.7547460489958,7.68068588563929,7.6878755450143,7.68741318000226,7.74009592800327,7.68437772157898
54.4592731948839,42.4400711621374,31.835229162708,26.2679589488914,29.0882302896559,35.1814880839597,32.3534578033631,30.0485795995577,27.0058671566967,24.9248361704071,23.2139644274841,21.4992329377657,20.1507015555328,18.8680703313964,18.5321690583168,18.8313111741367,18.2973751164903,17.5205960217511,17.1296603313562,16.5610681793431,15.9497136117486,15.3588952770443,15.0656255321293,22.431786640879,28.9968632531199,29.1944496787197,28.4130897090988,27.8719822290355,27.3820971879769,26.9958784895562,27.3259275163238,29.2463150830198,28.7620457156354,28.2096071689653,27.4830728864553,27.0632892891597
5.24438726637805,2.77508904975446,2.8141265248077,2.79353612079784,2.5294921866294,3.29436503707359,3.87957576008997,4.01907746042706,3.98357188393778,3.96857224875145,3.89379497907148,3.82574605385589,3.85740326812971,3.87376014288793,4.01340089151885,4.01171163675144,3.92584886341371,3.92106742524036,4.07120943584152,4.0596712422787,4.22138838462042,4.23476433784649,4.12956105164076,4.29261439509229,4.22471518871278,4.21147443624283,4.19883015702791,4.31233220027416,4.3985593287018,4.46813315431534,4.52434679362742,4.62228439722433,4.90400568894971,4.82122460574056,4.91767618235326,4.99849405732613
4.79636007220193,4.51178800010078,6.97139761253966,6.97184666286637,5.8081583886266,5.13470805724356,4.79331182662152,4.9257739394688,5.16773280133662,4.88102512503397,5.01498956551326,5.46139890957521,6.01712383793262,6.21681049867051,6.64650419269063,6.39305528509601,6.70967163208428,6.70921300688547,6.76147843197186,6.59137062235188,6.68637374389036,6.74378229360785,7.06367165102956,6.99588162839208,6.94773746586316,6.89037485823293,6.76902414337567,6.78132634030345,6.62244451441959,6.53040959095085,6.47533718121525,6.42092152899765,6.23122631713448,6.41293852927599,6.62313727219211,6.49195443992867
30.1283384550788,16.5799847500006,13.4707440223148,14.7669059312259,21.3314122891234,25.401855353708,24.6362125797937,22.0428047081593,20.2676023009512,18.7464825648304,17.2033670657306,15.8902819759169,14.8447073612739,13.9012711542594,13.6972937922326,13.9553079362091,14.5239699022169,14.0634076000105,14.0571288911889,13.7723280077124,13.3751438269381,13.0376704920045,12.8590148275319,14.0398497446397,15.0305142293517,14.8528144655994,14.3477224476381,14.7340473156064,14.7981270782572,14.7002259328305,15.0908536597158,15.324236994531,15.7428112981071,15.9136866437238,16.4585380891826,16.8854537151314
4.06627898410012,3.35155613243202,4.11213773792894,3.58718691365778,3.57366128978078,4.27950261969437,3.76372061662269,3.87791481748435,4.49238800249033,5.15527037394669,7.13736635883324,8.92383591878561,10.546620194593,10.171677009815,11.2434277829494,11.1441888482558,11.9423203188607,12.8382646253233,13.619461958825,13.1434992516449,12.8951118357063,12.3863850939938,11.8881112678289,11.7067563458584,11.647488442848,11.2341741917551,10.9283247609467,10.7293737038,11.8679079027744,11.6990773706147,11.4366167697004,12.2861345831457,11.9825298842968,12.0638371797396,12.0236137739076,11.89615510252
19.0358589985881,16.3267667490642,12.3175967229387,10.9431978094065,10.9734764438097,10.3760818545443,9.39427753871583,8.56762760012084,8.06650929191971,8.63108290211823,9.64462823760932,9.32782998308748,9.57980247826616,10.5840317237162,10.5560885248801,11.6859921202753,12.6205668223729,12.0006053778266,12.4975747004906,12.9075735369077,12.9668399977612,13.5291210634476,14.1595588568408,13.7388179179828,13.3122215087096,13.1219887172349,12.699380388952,13.9645944130421,15.0879689658686,16.0070434389597,15.7552396713048,15.6502942400756,15.4916846797518,15.9574539467664,16.9140490025217,18.0117494996015
1.38615900237883,5.37792403288951,8.76276001590716,9.27949395123435,7.64829223566525,6.66527141647971,6.24057702856813,6.18992026331649,5.94804648614112,5.95979102266197,5.81850935166188,5.7202466582278,5.37564402620123,5.52025095531587,5.25182600779662,5.42008562999082,5.80203999633314,5.55965288264134,5.66233241520523,5.57399345794717,5.49626196887664,5.39151577349074,5.74017913656594,6.03634459992133,5.85133521919068,5.76074980421318,5.61480158386168,7.2138509782239,8.69382925286609,8.93842565762482,9.79688987791002,10.1040918594116,11.8720466387192,13.7031138060232,13.9370094139452,13.7779661520344
3.09372963607923,6.69553383148629,7.69921327271188,6.55823131543977,17.5422654804538,15.508864985858,13.5941275815319,12.2568892691788,11.0918685810693,14.1719117626517,17.0486353527482,15.7498450750641,15.6897348211636,17.9036317802327,17.6471441355822,19.7242081652785,21.1435364129449,20.2222252657998,20.3587877760831,20.0161845947039,19.5776116209383,19.1442039829891,18.9349067953404,18.4402949976464,18.368776641996,17.9677283960088,17.6484784441923,18.4191721098274,18.6263917313654,20.3650642183973,21.3834410013133,22.4433898735507,24.0620474127151,24.5655490787228,24.7102797068174,24.8146755275252
3.62631173277967,3.69201650602593,3.15973628442266,4.92044129219777,4.97113931672417,6.41209874280477,8.16450888804436,9.86341539414751,11.5206995307828,12.1306369793283,11.0956163257438,11.0080667817554,10.7212692635833,10.0422122250809,10.5117513753189,10.5289911369354,10.3531363475204,11.4488998533933,11.5636874802504,12.2346098102381,12.5761208661002,13.055645389201,12.8740566878693,12.5763160348247,12.2856039779635,12.8816495341743,12.7804116508461,12.6795782677272,12.5070628405518,12.1956634085445,12.1383382098622,11.9655088655324,11.8932944044795,11.832762575737,11.577399817247,11.3316816864606
9.76449033461362,12.2671195950465,9.92752974298975,9.52728309817393,8.4085558919172,7.29603434662215,6.39796708433217,5.80625736368669,5.66597933810835,5.16742487703724,4.93821983936726,4.75180255994854,4.85097492300311,4.62552792946103,4.40043703868287,4.32766653506259,4.39474840130288,4.47531002295558,4.5902118674277,4.44166891208694,4.79283585316405,4.69052076289321,6.57240573964182,7.96476124365794,8.0145476068751,7.92610470452394,7.76762845750615,7.59915788091607,7.69302797819411,7.73589930183536,7.69373801434842,7.56487412760131,7.47783504608808,7.37923432567711,7.19017140594013,7.22024412099287
7.39262723527291,9.04308819192754,7.62087916003739,7.40537734801264,7.99234410718264,7.57235884436515,6.8757998269733,6.48969367956277,5.97152904861883,7.97235507805768,9.39485725537537,9.29713647582162,9.5262512220077,9.42622038472163,11.5368345419207,13.4184615413886,14.9789041492707,14.428204387605,15.2882203107828,15.9529165381965,16.7114787884031,16.1664882391382,15.8875478851406,15.5665044890795,15.2205544706496,15.2561335381442,14.9341735021528,15.5634588175789,16.0847530601443,15.7176932487541,15.6010821263971,16.3774752124496,17.8611305928845,18.4225799598259,18.3515448234597,17.981750766632
27.6447286548394,31.0530063526137,32.725385093219,33.1778054979637,26.9391659871602,23.1089238298383,20.4621775779064,18.1059893738596,19.80588708224,20.8916033551664,19.3142537142635,18.1497104360751,17.8914155219764,17.7763377405835,17.7455147438921,17.9812304027467,17.1632448123402,17.3821443895562,17.5049559240089,16.9968114133372,16.5328304124083,15.918692721258,16.2974805421148,16.0542552044997,15.8285456564127,15.3807086847522,14.9821682594865,14.4825266091462,14.1281034342238,13.9651823051431,14.0032185195813,13.9837083155543,13.8029796532663,13.4940398161716,13.3198275545061,13.0231521760289
22.1147199006278,18.1171934066291,15.3321269117557,22.3087029186862,24.7767177086891,22.9867571575938,21.6059281199858,19.3211681726753,17.9297939294862,19.4070709029282,21.3434370325501,19.6802034341863,18.52552760965,20.2030453085036,19.0378092770269,21.0102324819766,22.3982216337454,22.0563607099165,21.5610554876245,20.7304935296801,19.7961296373972,19.0060185642048,18.2975323475438,17.6740006226979,17.018053856621,16.5178236758197,16.0602875017294,15.8954409900619,15.8148574076076,16.4654082711599,17.1268172587009,17.6823520747051,18.2927260184981,18.398127045281,18.2849981558145,18.5916345746456
21.8596939052109,14.8276795235018,10.6487721500012,9.68547517677728,11.4568542692279,10.9188800770167,10.248351613408,9.4685924004196,8.84212492112241,8.53193158386135,10.4187980199702,11.0588779085116,10.2916688478941,10.5522151929803,11.5451746044459,12.4678525860717,12.059768532881,12.825623362286,13.3668280412628,13.4707029419101,13.2388051881868,13.2316894089423,13.66027276523,13.2601719513181,13.1795080535434,12.7399822069712,12.4191358666529,12.4110597058562,12.4085328478785,12.5020921881816,12.7072955770007,12.3898134494939,12.2717354457866,12.1134580163358,12.3152613288498,12.2109854419214
7.62383307166295,7.78485939482477,5.96981754189931,5.57666837896756,5.18830271450084,5.27116887238034,4.54272543335959,4.10092437643579,3.68333422576216,3.66652970066845,3.58800490746843,3.64784718365464,3.58685344139546,3.41438595491659,3.34798738827531,3.4261893923406,3.33932238465403,3.47117754361137,3.43446859665997,3.29037957931404,3.38487536730685,3.26169438119581,3.22481128547252,3.28809127962208,3.36128057492635,3.29766888383052,3.29959318341735,3.20704515437957,3.41650728604418,3.49774542695358,3.45905670229967,3.48227270031702,3.55490984981363,3.52602243215716,3.57220202789642,3.61913778268933
11.9180399301855,7.78029032007643,9.34338652431274,8.57170131389858,7.7422928673785,7.92107196249656,7.71236004316177,6.81646930604961,6.65728643787216,6.20710368152444,6.71215223536271,6.52235600406419,6.37784535751779,6.64366524052233,6.48951977114343,6.46046317119998,6.677172527668,6.7213070886561,6.68975535040848,7.14172917361984,7.14820869624683,6.86117324123448,6.77771823311693,6.8673399511269,6.61939939135662,7.09582753929849,7.36371124434997,7.20714882443857,7.19937317517058,7.31126343041178,7.53370625049585,7.58446179838107,7.53569655650255,7.52446392090917,7.63378551819695,7.60105010728554
6.64764435948197,5.28852767195266,4.17914829507662,4.71845811548642,4.72628441152086,4.73745662870924,4.89974835688362,5.1212168719135,4.78954932529458,4.66365021074658,4.83034274170483,4.75061817779089,4.54645845517861,4.84232661793002,4.78548238473835,5.01818659691343,5.06530885225154,4.93705219443437,5.27801653716544,5.08094353302284,4.98274509687235,4.84155798765028,4.93343629323159,5.10422749130259,5.05459475037451,4.96780349109688,4.97115070078019,4.9834691809592,4.99181746038921,5.02650164284128,5.25993846570279,5.17715328351574,5.53242256933482,5.73210254565999,5.64837500744967,5.5740982488917
6.12502179892475,5.55786047944462,4.60036669152722,4.25677876740981,3.82163729841076,4.03535524081681,3.99143645768907,3.7870939765004,3.83014438915489,3.71182936351226,3.78870817019697,3.64704991674624,3.55220156015038,3.58878717696985,3.52641553978051,3.49190195433582,3.60035707066889,3.58850690449107,3.75705065271277,4.36269087433332,4.72704839084137,4.52557681508807,4.55281801600652,4.45206300137765,4.50362694280733,4.74907520270538,4.94362036389064,5.07038337440027,5.13418910219913,5.4925840171685,5.86193249693464,5.72466085942727,5.57017571921062,5.67376317890767,5.61633794305463,5.47933841499343
11.3798484451998,13.4564208552024,14.8442798962573,12.5619333844675,11.9797906813732,10.5071233698397,9.92089723211274,9.46576612100141,9.45570435818148,8.81695040775589,8.40080249222337,7.94334921815102,8.5647625650775,8.49557418355264,8.4176302305308,8.31182112007148,8.24272064867902,7.96022541735048,8.52800588667024,9.18831192581516,9.337100993709,9.59251611973251,9.71854799293016,9.53068078711819,9.32084973622975,9.08668572092077,8.91575702171534,8.78196051567907,8.87421793783695,8.98900499660755,9.17423393208603,9.11379823950586,9.037468464711,9.16286809049337,9.10448348120643,9.02174509085461
5.77241094899687,10.4705996270291,8.15976006586045,6.64630092174796,5.92107584791995,5.45324381118296,5.21246204746083,4.74144791389358,4.69325084822691,4.5474445344707,4.59527150961776,4.92876398681692,5.03654927718757,4.82040619046029,4.94013560072587,4.97251148997811,4.90818274429159,4.89964652226106,4.94563053611837,4.96719735763728,4.83965467329472,5.01627552045084,5.21736973888258,5.14063010992505,5.28687484020427,5.17533413145742,5.42112507600099,5.34585182173491,5.81909625345671,6.43615435172009,6.70433754118766,7.0132102094627,6.91168404265187,6.90565898558878,7.15447898746483,7.29368621928293
12.8243211757828,8.66821482037524,6.57612888121811,5.53767925848939,4.69865855478362,4.13108119398602,4.6481025712142,4.21539276958288,4.52349842741466,4.93820450726108,4.82731545210555,4.57310437451392,4.73144927365056,4.45482930159779,4.53254592788578,4.36829212688642,4.37428899965023,4.30174679305559,4.49133647044605,4.52398560014071,4.46090368737183,4.35605762970507,4.46628132903694,4.55238640968143,4.4143057230423,4.34680441733606,4.29042937664116,4.37334224029093,4.27166553138063,4.25320167699013,4.16986739764149,4.92449138584801,5.00384820698681,5.40953389297808,5.34714600688684,5.32749845067826
3.27686088157834,11.1442463745126,17.3193469874079,13.7016861092966,11.7011873687817,10.6379947280199,9.68093705685829,9.24615945579036,8.91166547328662,8.70134299983644,9.58773929715561,9.7257486040295,10.4484910886608,11.3694609422773,11.0862715682255,10.527282557135,11.3044653474064,11.6465425041555,12.229237433496,13.301067086372,14.6467970213597,14.257939739974,13.8312394082748,13.2942027596903,12.8863675772514,12.4718210581513,12.30783979048,11.9985063772035,11.6994784250446,11.6121919613152,11.7553619883953,11.9848330400259,11.8763744853909,11.6563615817851,11.4969893590459,11.5001612394981
2.16001252317226,5.0046158147928,12.397077490003,25.6295193277214,29.3011076263217,30.656019874245,32.324687880548,29.4610573901683,29.9623889828246,29.4198778739816,27.0646351342306,25.6352129103495,24.5916441831181,24.6036187345994,24.8368370968273,23.5290985465302,22.5326919510686,21.4640818387919,20.797331510793,19.9462437767067,19.1407514983926,18.4126530515673,17.8726269542946,17.2796502606882,16.7791629259394,16.5043370043173,16.0040165972903,18.8262849873691,18.7110592374216,18.9762873327877,19.0318407391452,18.7668957757919,18.6584344689982,19.0826630345082,19.4650931851536,19.0221436589117
1.55253907897708,2.74342527634037,5.25605283856805,4.33459125830316,4.60505583702983,4.30794872008326,4.50070453924044,4.32747996034948,4.2493111728275,4.15213699660724,3.85453007281524,3.72465969511134,3.55166341911601,3.39747900839998,3.28541395653144,3.38770613961079,3.61617143195211,3.51854292342027,3.61350548049757,3.50165790994389,3.36561730177689,3.37882292228957,3.40552283872689,3.29846681522753,3.22434831110851,3.11508974065463,3.1056152907896,3.03984596583906,2.97915299933902,3.10749891711349,3.14248543689485,3.12282320383374,3.05965363717578,2.9851657290467,2.9142764598075,2.87282188498106
21.1416445074934,14.8862420735978,12.9771202225994,14.7904377034392,15.3287873816563,14.1900474124628,13.1490915586932,17.0223904241349,17.9598428012344,18.6726340785432,18.2048265941234,17.7002536770517,20.167520373732,19.4278383933948,19.8939660788866,20.259349158893,19.5190223051422,18.5639168207454,18.6950116699775,19.0888706852448,18.4427749429992,18.1223265728498,18.1241720776161,19.2840552748091,19.3828311451286,19.1434067455944,18.8795907435732,19.6289068161637,19.490656333756,21.5121169642507,20.8926795436007,22.2312631895959,22.1998466171148,23.7761688437531,23.3089778248064,22.8506749014003
3.64836323494599,4.41416664002456,4.70418775812352,4.80362094981816,5.06997361771075,4.96978228421773,5.01905875349211,5.35452492786844,5.37706918167372,6.23125568251367,5.93972959987638,8.03101834172795,9.73036307810861,9.63037488212307,10.7650687147087,11.4484408027562,10.9922141191214,10.767329359898,10.9203687174364,11.0333016689181,11.0118749066426,11.2657751289616,11.1382572747151,11.4792399314169,12.0265702892507,12.0924325978467,12.1245129013376,12.2242679639671,12.3546992049635,14.9476459113567,15.3004947346526,15.4667571086151,15.2606450909848,15.6502473857055,15.4748332624102,15.1411103021298
3.2895547666078,3.36355233825089,26.2758103855081,27.2291715279254,26.8081735295607,24.284953855778,22.6610579445163,20.6873286458107,23.1064898929568,22.0381070865474,20.3166675769429,21.1502859293568,20.990343421084,21.5805317084288,21.5614692317231,20.8527313226135,20.2254947637891,19.5516453565641,19.7422785284471,19.8761644774948,19.1284126563333,18.8857345245581,18.7142991395239,18.8600372215855,20.2647850050302,19.9051170160621,19.3353818320167,21.8267226514154,21.6542615026307,23.2042825001529,23.1276829130701,22.8531717784586,22.3372522647098,23.6142527216132,23.0664113983465,22.7131422700628
35.9615932770121,21.8827000069081,22.8066913567953,29.9235456674814,30.8966778243852,32.7057227268132,34.4826683778353,34.2163392511717,35.1001436996023,32.9882864144804,31.0726257939065,30.5652894435849,29.111644341678,28.9564415896092,28.631113355896,27.5251949435836,26.8138716131952,25.4904707461021,25.4525366493127,25.828680517935,24.7892209116765,24.1885562421443,24.7310281562779,24.3657596296853,24.8148852083399,24.0952370271093,23.8171026844652,25.1238217080687,24.6132383924686,25.8546459419877,25.5882490920673,25.2561537333162,24.9798640802853,25.6280225029461,25.4200378333188,24.9547606426332
4.55177846400683,2.8151277989419,10.6283555258752,16.8731720311819,18.2293097923731,20.145646720616,22.6584127615447,20.3545066008284,18.9634685134417,17.6750265521391,16.7100064004398,16.3802576334004,15.8954604919657,15.0161579733785,15.1680589386315,14.6695836509268,14.0697423633882,14.4430623103234,13.8742061365398,13.7139244198149,13.1619289287645,13.4697432111174,13.7950635867185,13.5575612289831,13.2670467281518,13.1435253760663,13.1177150312552,14.2889535332341,14.5159525382126,15.8792070470412,15.4930405270917,15.1625005768575,14.8736324008373,14.5406101025943,14.1807836919191,13.8752653282601
8.51876330383551,6.86595229089465,10.4289977080306,8.4710803620016,7.63046029609027,12.3726478481264,18.6136431956135,17.2042725083926,16.0773463287478,15.4430020713135,15.4117290530103,15.3114127623676,16.9159582359139,17.3502484436981,16.9436848822514,16.5453142036423,16.2037851183159,17.2002391326807,17.068455715439,17.0663929095073,17.5605403020059,17.7313990567412,18.292098193222,17.6932189508075,17.4369487367027,17.2061158008933,17.5804050988725,17.1136696778541,16.835975297259,16.8530947982261,16.4720186745849,16.409154011742,16.1407827624891,17.3405830647952,18.4766333290539,18.0044100619708
5.96052819467912,4.37678204445544,3.63216499782689,3.62767147725441,3.5202556359859,3.91702385403328,3.91909121014393,3.74090814870133,3.79470448965773,4.01134209007145,3.66407618384141,3.88409665042489,3.66158693286952,3.62432864258795,3.639739490339,3.69848695588552,3.83707817689289,3.79373120364268,3.67661516668084,3.58877737379858,3.53139130412854,3.49993860014489,3.39841089177614,3.41830841174763,3.48983950494481,3.47790264479196,3.43520098399822,3.41223371130111,3.55692458787543,3.67245306962421,3.68342608459115,3.58643819783086,3.50792442582247,3.46062848850867,3.45457276297931,3.43553490877457
9.29470707670792,7.93557811953063,7.65698866712527,6.88349231881678,6.83127417988245,8.66573643081049,10.3355440749662,9.5115246500471,13.8388480509129,13.705534709946,16.2183563794941,15.9334768404593,15.6469948788636,15.0333142580064,15.1242648596523,14.691461015638,14.0852438221509,14.5536757530097,14.2063791957227,13.7888799209276,13.6182056251402,13.2054592038499,13.1653199760573,13.1844882902863,13.0061496852876,13.3505949780649,14.6997575729588,14.2247847312855,14.1983508314534,15.0694500152368,15.556408508156,15.9444672969812,15.5499290025093,15.5013518097339,16.1196675266059,16.8002093603938
28.9723066089091,18.5083692251825,22.3360509879989,22.7569748788051,23.0749724278223,19.8924352888361,20.0673954007289,18.9577091872677,17.371851890721,17.5913318647177,16.1688701063033,16.3384656280291,15.838159408066,15.499104081166,14.5754755048744,14.8522457455149,14.7440219294665,14.4781292543425,14.4166318532582,14.1891489930763,13.7343362207013,13.2982345052623,13.1190185848124,12.8267195169444,12.9380347119507,12.9730850854247,12.6943465959433,12.4301505035305,12.1678748834142,12.2066032128331,11.8557365543434,11.5354979039308,11.4713120532963,11.4490298555218,11.387619798246,11.2214358114744
13.0499324293538,10.2225536750703,8.50595938414529,7.61738463544134,8.76892959911129,7.47220859129258,7.35919959136759,7.75382348100782,8.4634897684143,7.99810367313435,7.60984812305187,7.60162898406986,8.14520305412039,8.28880014942688,7.9448363423484,7.73453274096368,7.92112411290121,8.21321183834381,8.59250501201972,9.00132865557204,8.69700865299882,8.62535512471621,8.65768741791848,8.53487165325059,8.58666402420784,8.58082466028793,8.41393483330399,8.68055988845502,8.67664963294521,8.6935546750262,8.86334398112208,8.95821465418976,9.01430734687597,9.26611870982275,9.43914085860983,9.36205913128781
3.14303023039723,6.03925977807593,4.48897927215639,5.06029045876538,5.77596874553241,5.48498385677844,5.43155723726434,7.68394723978415,10.1718233073207,9.66554641168388,8.90566067587815,8.76040114183514,8.39284618828008,7.94357242530137,7.55091092455303,7.36171371622458,7.46720628886351,7.40369437802888,7.16415419413801,7.26098329322198,7.2386182774548,7.09350323984225,6.98623628071975,6.89043100685886,6.72905920782998,6.95764762321859,6.91620623516028,7.55633184797631,7.76481208900057,8.07232535107947,8.18542196150702,8.19980256421937,8.0956205447947,8.07065672157507,7.99761957518972,8.2132566392407
2.55086101918942,2.22666206793827,1.69535916001966,2.35706042651992,3.01548773814831,2.87337244409276,2.83341650945073,2.82329276452328,2.95208289420975,3.22227559389334,3.59128862944012,3.47073626166782,3.58147874129577,3.40920042161387,3.24729590591942,3.27873946444577,3.26196373785488,3.65619216184548,3.69328886059951,3.6586266005703,3.54240001237079,3.52225962738043,3.63013729464223,3.57480738640374,3.46189672393631,3.38047804635018,3.32330129419454,3.3198259140499,3.28862795316629,3.33922437370714,3.3392119828809,3.25168693837835,3.3267801728582,3.44895264174066,3.48121922590308,3.52917590145972
2.16255858119841,1.83861228123822,1.33944748995341,1.42858698595531,1.72039373160169,2.1354800420824,2.45990531463599,2.45110997955274,3.09667768534036,3.06485946566777,3.44920880818012,3.99253737684095,3.7306534518722,4.5078313310174,4.43207215573531,4.50646091872968,4.39715151386464,4.30624479817334,4.13962149239921,4.14333143787521,4.11141066107667,4.84497916689758,4.98162246878449,6.32183951214343,6.5238872420792,6.64746877095183,6.75498515181743,7.819117674722,9.34127289716631,10.5540030472066,10.4800533071642,10.3481141026123,10.1126901585478,9.95890584511193,9.86364265022664,9.72429735019568
5.8651306216529,5.01892207224762,4.88017341285905,4.29168260069956,4.05607658566012,4.36342587781798,5.15632504466499,5.77768754200532,5.6238001714714,6.23796879546579,6.80758719455227,7.29354755247678,7.13255012991991,6.86981914184464,6.57034205390177,6.48832971116833,6.42674938506121,6.40262513908861,6.14070541598866,6.00355956945352,6.12863631297266,6.07320788265446,5.89698363628219,5.78643615157155,5.72652674380705,5.93394719923536,6.45175385389797,6.69006463564379,6.70082082811925,6.79655977361836,6.65685912432816,6.63991758131763,6.53188877751519,6.55766645248343,6.4167180196004,6.32886813605649
3.43172173095342,2.40033971365286,2.39768329455292,3.41546642160915,3.11736200149134,3.37997344838829,3.55924591665391,3.3823266333149,3.2433860690911,3.6716480675131,4.05743512106115,4.06057136299218,4.34383841740099,4.68909015605402,4.74550943862008,4.5148488972415,4.43864094384457,4.62696514252898,4.73973549737853,5.04974423020761,5.22631756072244,5.17928022481826,5.10537310171331,4.97421441509798,4.83097491994491,4.78151669718336,4.97298955557517,5.3139640779824,5.28581662737298,5.29817602369106,5.51743487042724,5.38852972946908,5.41863759863123,5.41986013539533,5.48386404647203,5.87410870141627
12.9217936512762,12.9631881556815,12.2221689454788,10.3986419211538,8.86817243874727,7.98497298528321,7.00376289637338,6.95856461640726,7.3869516798579,6.95817211102794,7.07713879220379,7.22894013865567,7.0960691421883,8.55189888910536,8.10819947979011,8.50004934432937,8.54467469886766,8.58572878753964,8.44462207064339,8.3200203854104,8.10819645624649,8.34055565595878,9.2098242196769,9.3192142970042,9.69396938402077,9.90901758042091,9.82454007635123,9.78296031582851,10.1188566203875,10.2712458342359,10.1610525917392,9.96065478732286,9.81287476211681,9.70457393946482,9.64753239662441,9.44169627158944
5.96724661330311,6.61069564979586,6.3148275844137,5.09721217696913,4.76769178936907,4.30356272392607,4.20065679422372,3.90651728805309,4.16584714853671,4.25079537920706,4.45462555492281,4.82369068043532,4.79947359976638,4.73757610674705,5.16835627882124,5.51247490324275,5.44508026709282,5.37034407882829,5.14514569762598,5.12669337782559,5.02950014878862,4.86811401828513,5.26900797381224,5.84782950173854,6.06005278607497,6.40917791313235,6.34966954228294,6.19518931661317,6.13695079560419,6.06549824558447,5.97522329116013,6.1764809399857,6.45491873375219,6.43926278694608,6.46529130845839,6.42197229836301
6.62603819539778,6.53831566487511,8.75421581963148,8.2418712032927,7.66687488848563,7.90226549039131,8.19069404400338,7.74061403559545,11.9271974732899,11.6689163807899,15.4891764046407,16.9388967833305,16.0232605273997,16.2723733899764,15.4470513762983,15.2348237239895,14.7585230536673,14.1905157477352,13.6083181107362,14.3423371912124,13.7113669810343,13.3818919281931,12.9990947667232,12.5548981310645,12.2477796722471,12.1154179437826,13.6216003748168,13.5134978874665,14.14239029927,14.1665470857283,14.1332405558955,13.8311090738971,14.0169446116767,14.1968476541961,13.8596908611566,13.643189632656
10.8643620739027,12.2791248553564,9.56854534833259,7.9163205942093,7.22082648901787,6.54639659898836,6.31333154466111,6.5314451052347,8.47607932196149,8.96789680915052,11.4066621206243,12.1936044614626,11.6619912817271,12.0107070191591,11.9754466112247,12.2712197651136,11.9660578761302,11.5664021496709,11.2453739719967,13.9065515388765,13.5235148483911,12.9407916795207,12.9834251893769,12.9827973875824,12.7363148824684,12.5280447528399,12.7048034795267,12.7175160773006,12.5682321857296,13.4232860194651,15.5612676060164,15.1731611534432,16.0864520372576,16.2935712347225,15.9795964801386,15.8614306454445
5.29747210663741,3.08126703221924,2.78126606873294,2.43961449083518,2.18660283413202,2.03248715198169,2.32735948201048,2.31720869084257,2.75421633072075,3.11502771838704,3.14222994663753,3.05157081325738,3.65725393212741,4.75140562875543,4.71273553777697,5.10699739624245,5.38752382350586,5.12402954102147,4.89783981916173,4.82148673062693,4.70445913292734,4.84275473203862,7.49954870822656,9.08359008352134,10.6377237696482,11.4469904326969,11.5666601076614,11.7800650045108,12.8568610811817,13.0701534678527,13.1651860060184,12.9010574804109,12.7567540761572,12.5755924056271,12.4140043104581,12.4348102792003
2.35752875018662,2.73788485797316,2.33177857124034,2.75509518697498,3.09692768072617,2.8714496100418,3.08794124134576,3.12351073033662,3.95804476537046,4.30550948287016,4.21797386923366,4.39385005684628,4.22841204389488,4.29635150764298,4.36819935445355,4.54928466725491,4.34457690136854,4.42930561949406,4.44013425242817,4.31645082998472,4.54455738625517,4.50316626865958,4.8788027433913,5.23947730998731,5.22071486665066,5.07501485009878,5.08873797203125,5.13490341706937,5.2896653370329,5.25933681885801,5.43967118709049,5.3923413383065,5.40176502403722,5.50828995044403,5.56087200316014,5.50534832847955
4.50557307390245,5.86776790365255,5.48827147559325,4.73406814265726,5.06421896070779,4.60262300166842,4.30391213765498,5.09906705681864,5.46086488209744,7.53577859196105,9.40201906739515,10.007116742171,9.39551518573934,10.6606297509632,11.1344144941354,11.7431125846188,11.5853798822785,11.1662395507609,10.7169379465502,12.6503664804976,12.1077357259524,11.5966872631586,11.2878020483394,11.0709020954862,10.7558560156586,10.4898675188014,11.7409644038796,12.0172377692866,12.2245765282796,12.3683055428555,12.6617676181115,12.313719293701,13.4231115317832,13.2744789362486,12.9797930848356,12.6615857457633
4.11477429429014,3.04250360525104,5.37800981553295,5.1299600723274,5.136771697649,4.90010320275088,6.01543217528296,5.88949948998284,6.77586062175534,6.30082868776588,6.13571913402833,5.7447826326248,5.64962742546178,5.67388083010203,5.73456386656687,6.06734353201872,5.79883212075325,6.26137490680043,6.16104076960569,6.1523544593898,5.98648389771229,5.87856623547541,5.83400883071892,5.75368286336851,5.6909875626018,5.53789673423884,5.56449510811823,5.47631562826168,5.50917250158296,5.44378530104374,5.50390008559911,5.48514200277192,5.66446722330761,5.6424615839744,5.61189782167496,5.77400333133368
2.9425219832785,4.01568244837155,6.54293623394194,5.87526276867124,5.7572243194038,5.84483991929322,6.51025829841975,6.85943028988761,8.18249749149973,8.18785020635979,7.78796669610392,7.92796959613696,8.06979311233868,8.24909117887665,8.14294105177956,8.17018001695849,7.96704390638605,8.28266148207524,8.23813830437095,8.39764002812546,8.74672131670859,8.69879394359676,8.42998356458378,8.64117323095311,8.93906559175237,8.74613204213833,8.59331128860519,8.39845365663651,8.30097587438455,8.25047643852013,8.45291654287167,8.43697254481015,8.7406345440136,8.89856989683514,8.85126226757842,8.89600277840673
26.8634932461313,29.0512927468706,20.6520771891918,16.0322041719041,13.4640723112899,11.887150939257,10.2768412170332,9.33522707472379,8.51330683622135,7.79452385390955,7.44934972372366,7.24535042032689,7.24712211322039,6.79165816180714,6.60199535899007,6.26195528005848,6.09621507630726,6.15572356207189,6.26574132450011,6.2346976217976,6.08654670042816,5.90892859851769,5.8699928194434,5.99315847106942,5.9790227400411,5.920344728855,5.88250144043094,5.82114641269816,5.81769559931362,6.31157881466677,6.92357624866633,6.93060169916371,6.8188921432512,6.68504328038038,6.64420541778693,6.62119414009087
2.4646610484922,5.75939708303165,4.57983335352879,4.44685256778432,4.69342731800767,4.76406806007567,4.60250359171233,4.6197269507696,4.56715607342995,4.52628760049325,4.64702591824709,4.74193975347484,4.92811772440877,4.71586602447273,4.94170669530832,5.10693767681841,4.99645181101699,4.8931185850826,4.93735147629,4.80651395711469,4.9469454730608,5.32105980067088,5.22405630133482,5.33520607654553,5.25578199686389,5.31205230812064,6.12293043674194,6.25175608989814,6.21301049942322,6.62032435761289,6.50716034052559,6.5465915185997,6.73483291733746,6.64548022142003,6.77222846527456,6.70503138046514
2.48844798135745,2.5079076281622,3.90951346672976,3.51466014358573,3.18076047826317,3.69011129905903,4.1438080699097,4.7824120034891,5.33285751920295,5.09691510373468,5.00874076362516,4.78287779414618,4.67716203739822,4.5988599960829,4.53173525779144,4.96104808805383,5.04655100140058,5.07104237438318,5.07819663458492,4.96651723060943,5.5508421293601,5.50714083245838,5.49715480251902,5.40801512636848,5.28589450936132,5.2523994117673,5.33963411434001,5.30566257289927,5.19045631671772,5.13696546516171,5.01860228103726,4.93728208953373,4.94212812477137,4.8521435536783,4.98380939771643,5.15414271056068
0.421699618007203,0.403641811866313,0.414697434369784,0.391853323609521,0.324182510425662,0.283847475089942,0.268780246526382,0.239542922216802,0.235337948837174,0.225480554121678,0.208012567761898,0.200766086823465,0.234991194435301,0.238125081139185,0.234857955141979,0.263717002935564,0.265862565615274,0.262998090113802,0.260798322670603,0.265322570263783,0.260507783371736,0.256592038326771,0.257136915860512,0.258007755582445,0.259978435796598,0.314965439789615,0.350087701803435,0.349944097738736,0.343537984830259,0.354174935988001,0.353366695477435,0.346766569104755,0.337210387409653,0.330765854787176,0.325894678611313,0.321492719173686
5.64208706232382,5.44974440387252,4.71713029571161,4.3336541492879,4.26858109063524,3.93141681649959,3.8043226692642,5.47665271197027,6.7648127169209,6.4307486450386,6.2644179363991,6.73608388827421,7.03286958711794,7.0034900381806,6.86216029854613,7.6414943781725,8.40983906051299,8.43491973418144,8.66887698486985,8.44199628239466,8.940241364216,8.87731078972958,8.60495062407492,8.30857005801351,8.08473245696209,8.10574114078061,7.86085237658081,7.6838068243176,7.54474145422512,7.56867413449091,7.45031380060732,7.26769226565532,7.19883325881225,7.17120701943838,6.99358417991575,7.00853392292374
1.24809999611108,1.50632540619473,4.72992052518734,7.67405296610669,7.63248295118728,8.44004754054025,8.1087121333479,8.4520612608526,8.56749357138379,8.21556825390867,9.11297305144401,8.98448517910696,9.010695530001,9.12016419849075,8.72941931907154,9.02856269807367,8.97091216083102,8.59740677872762,8.24320323410789,7.98784924294845,7.7836289942541,7.63101958778142,7.49765926756972,7.29500590868259,7.13665076364047,6.95041122349601,6.75629709434704,6.55173291353223,6.38909988143553,6.45283450735624,6.4434078985325,6.33933557529899,6.31266143660463,6.24550016734542,6.28002250761737,6.13533680691117
4.41986207218101,3.59677949351992,2.96690250335178,3.86508201307729,3.84078775483449,3.88096018698221,3.99671510100668,4.01660722652588,3.7640946023946,3.94622134100858,5.0229244066142,5.92291195928413,6.00140959705212,6.21090443786519,5.89244622144691,5.69376064180364,6.0148067900535,6.32901689637556,6.74131467476473,6.7267674315985,7.30806606179134,7.78520217742515,8.27292404838778,7.98691567134836,7.85470345944303,8.1678266381885,8.55178503287401,8.49143452414405,8.42625384291809,8.3817950822297,8.7021320987886,8.79031281206293,9.75333271486614,10.7886605113174,11.8009850489921,11.5570838639969
7.92879847346951,18.6709889679949,17.7657947346754,13.9364842171123,15.9163493180134,17.2985286708945,16.4177281778545,15.6170307876561,14.3620051723209,14.1098050142609,14.0188627382951,14.1410657212457,13.7773253324921,13.3941861240857,13.3594610948403,12.7815610012832,13.3731614664556,13.6840126527851,13.0117842551922,13.359820015453,13.4073377251229,13.5986030750032,14.341066060743,14.8069544106552,14.6334446111875,14.3714847473206,14.6697068877854,14.938097319489,14.4632649074236,14.1382592522035,13.9695016852616,13.6376907085525,14.0168544791381,14.1057803185337,13.7997625467778,13.6364573653714
9.79415537198483,6.83342487925647,5.5995599784343,5.19280932264687,4.41682497831388,4.25256215987438,3.8231701762923,3.67582990952839,3.75111041241859,4.05879887761846,4.0286061146045,4.22202667937306,4.26113922037366,4.14293386060049,3.99689478674024,3.84076302573306,3.88748096812588,4.09768629715277,4.00428497931888,3.99595569711956,4.13681814268562,3.97357809172154,3.90774888017856,3.8428539062918,3.98852739140181,3.93403359953322,3.9341466989919,3.82303746860056,3.87918813309917,3.81930875779594,3.75686172448122,3.75044549591557,3.83301176538651,3.80778711135921,3.7517715130962,3.75004725692502
2.84320612701101,1.62985879537818,1.5885141424618,2.12665137092851,1.99403193518215,2.00569067393294,2.12581763511571,2.19238135152327,2.01171213454267,1.9313925349892,3.48915865245444,4.589266574321,4.24869220558518,4.17248051416757,4.08246661380443,3.96687545949876,4.06922682955981,4.13295725582357,4.45766246000413,4.48639120722808,4.67064921733728,4.67329369568275,5.15241594448863,5.36674245664979,5.39382097841468,5.63502129694819,6.17846089446282,6.54385651898787,6.48812570299163,6.39809569503574,7.20860914745159,7.57429152867921,7.3800427134267,7.69274422545378,7.95626828509053,7.85180737941886
8.60828652597305,15.4907393422324,17.9125213680634,16.164281669842,14.0492415237977,16.2641707275171,15.3076810910307,15.716560038301,16.1031964718269,16.1094605103557,15.8171971279775,15.8726991886485,16.6619678507408,16.7447496970982,16.2884782782377,16.123750009505,15.7056840101,15.7035741713139,15.1125773378353,14.6295557663376,14.3133965729417,13.8594862084441,13.8665299755235,13.988827614736,13.5573826614681,13.3921247231586,13.0631575813854,13.957606286818,13.5090002995651,13.4201244447124,13.2949022896737,12.9728752758222,14.1319665927144,14.0774548740965,13.7522997420872,13.7259444253142
5.93505169708738,22.0934169346676,16.6210744222038,18.2343322942758,20.3732396721911,18.5558398889326,17.127227412282,17.0543188673951,15.4516164759727,14.9450864124413,14.0727630150992,13.1663791977843,15.204453839139,16.6585586847242,17.5679321974826,16.7302229310708,17.7416175105842,18.5037528163197,18.8608891397877,18.7743964763915,18.1339048768007,17.8822074332361,18.6009933272476,18.1608443442225,17.5873996071463,17.0215059184601,17.832058436754,17.5304967012007,17.5071636702764,17.3511862355958,16.990780524762,16.9471389381943,17.3669544955264,17.3972533953515,17.048777824979,16.8604725966544
4.59637098190273,4.91790107338684,4.75617779592836,3.62182891929564,4.58942277479289,4.3140011218938,4.54384063396019,4.42223684499452,4.2781512106543,4.98162118629344,5.54135929228583,5.82318906791376,5.56594413069757,5.96781165768151,6.24421092635457,6.23671730453954,6.49087074025881,6.64938117867078,6.57602270608564,6.47423058725637,6.409040410155,6.53519066004274,6.89617267583237,6.77800557663571,7.01986494341673,7.10428913273643,6.94337281863413,6.98345752579872,6.93481842300016,6.88991825617282,6.87309889797641,6.70313978982233,6.63454164444566,6.46472760267318,6.36253245341473,6.33089544769469
38.2173611477999,34.5788444085366,24.5727426494508,21.0670805359032,18.1798019762594,15.7147704831814,15.1395712216338,13.6923550922247,13.3696765382338,12.3473202930968,12.1468819514177,11.9389622310045,11.4609544116742,11.3761713761369,10.654153851025,10.0626118888845,10.250883186849,9.99000498716199,9.57616002154229,9.37283019924333,9.23336672293506,9.8293009184893,9.67598058666275,10.1057723938938,9.9138857037882,9.78423383594579,9.92923630929201,10.2466139489045,10.6799093081674,10.6345352799925,11.1384994181715,11.0347103559747,11.4469266927696,11.6757716852809,11.7854966817855,11.6079017696513
5.33274020699492,6.8741363405191,7.12205096523941,7.31019332822012,8.3305905693703,7.90066166703034,7.35879133384142,6.95255207210278,7.38684524455323,10.0087641082657,11.0334560375205,10.9775703314139,11.3038463716635,11.6988226813915,11.1832835750669,10.7011230728277,10.6574486028333,10.3787020830342,10.2755754307029,9.89743314475978,9.98407082415964,10.0425641188871,9.97834603679657,10.7237688896029,10.7593607624951,10.5771113976967,12.1931070799992,11.9105021063577,13.093388517911,13.6160245034922,14.8988101355909,16.0835985563167,17.1932234763669,16.9651201280405,16.5970522936804,16.3343282704808
11.712355577212,9.26975132996528,7.98154984547605,9.90209048183715,9.27211211785922,10.8587386742636,11.462681787256,11.1635782438825,10.560710522038,10.225167595887,9.99928611367125,9.97477623364981,9.61584602772094,9.05827750200784,8.90126743142325,8.75737452259485,8.59505377229407,8.40679611365072,8.05623524108245,7.76148828365234,7.50845673690234,7.50884437209421,7.65461760492772,7.45754399433997,7.5679185042829,7.53018678334397,7.56368824883448,7.65764297908287,7.65276084440713,7.5406474434664,7.47919695608456,7.48547942379138,7.32978550532909,7.14788645783324,7.07469195113213,7.16443907120092
25.4636894020781,29.1541251271734,19.8345027258152,15.8610548471288,14.2696535675561,13.1414323768278,11.7945043049566,10.7002198370852,9.64513797773015,8.83697562110036,8.75792347754431,8.24507333988693,8.34246284968147,7.96814517078496,7.67023040698493,7.53845688172664,8.01383627619423,7.92678236333393,7.5833046366289,7.35286304186215,7.28103494726591,7.513069332214,7.41273079167688,7.61576729942976,7.37505250358777,7.18196287260137,7.08868131149849,7.09963443800084,7.37547121852922,7.40073285116359,8.42926668608898,8.99100173629281,9.06852171465578,9.98670651345613,10.1462703472682,10.0103444940105
22.4316827552491,12.38969891524,14.4222515309373,11.4043414487975,11.9600644187095,10.3246657588837,9.3916026104317,8.7765407164794,8.55899782620959,8.50462594407937,8.65173305418335,8.16057350057357,8.08274738000388,9.87526772919726,11.0339837855457,10.7427671434511,10.5350210585586,10.3691192559769,11.0639605826485,11.0673561869213,10.9522797342897,12.5627615602394,14.2127216005355,14.549800174991,14.7478262785446,15.1495918733268,15.4399976048676,15.8938973783337,15.8726179462266,15.9600318769834,15.6687252016701,15.5442800013836,15.3343207590471,15.0912622570176,14.7591873576883,14.6565105496705
12.5443188065449,8.68050601054173,10.207060628342,11.3030559502394,11.7011687241281,9.85112936884027,8.62785273383389,8.89942798028214,9.33952528442701,9.20463404318978,9.48459306916829,9.17063899906831,9.66787717823336,9.63978967993308,9.85452581390886,9.51636289825517,9.2067568158209,9.12964161073144,10.2999437484293,10.8244011477649,11.2026664002843,11.5713376563746,12.8601884250341,13.5911898418843,14.2043825583127,14.7480949315143,14.8697687857202,14.9681626791294,16.0788514470695,15.9434610575643,15.7307707532507,17.3944397856272,18.0721212867229,20.1303064159383,22.2700473127162,21.7142051092939
9.91559187997898,22.691674183741,17.2559632302212,16.2689434067467,16.0369865273429,14.9228086618095,13.7982756476307,12.7497503600906,11.4350518179549,11.5564311492495,11.8783803660112,11.4601140072069,12.3583553122656,13.0797315077086,13.5113527887785,12.9695007009501,14.4837090145956,16.306863940102,16.782840186428,16.203946731899,15.6561446932062,16.0042602683449,16.2384797426451,16.0062210554811,15.6318351190102,15.1385690894464,15.4739938544792,15.2451331064727,15.286554284852,15.0657617161584,15.1999035544403,15.1998081582934,15.4435850733748,15.4438088240191,15.0832977760115,14.9768746156148
3.66369905178295,5.95122657595525,12.8873765668588,15.9697222971771,14.3045412354633,12.429849756525,11.0547449731029,10.6768533499394,10.5413897782609,13.6491256277091,15.2656120339732,14.7902804958267,15.027674702894,15.8197361612875,14.9136038015287,14.3094130852158,15.7019883074304,16.6858001185993,17.7559741019362,17.232893721646,16.7246911565781,16.7916510871396,16.2502254818593,15.6960020734687,15.2485912232904,14.8906681379536,16.3019325861631,15.9191206547116,17.2740091659986,17.0145825949145,18.4367878504593,19.1072720127674,19.9317125759447,19.7297698278094,19.4874646357232,19.3410986959428
10.4109483645653,11.1195604405634,10.9090509421758,8.78144104304734,7.45480971758128,7.67439454242941,6.97979342999358,6.93912590967403,7.21831649410456,6.85625924015546,6.6883500059191,6.54392726496784,6.20691214313994,5.79098304890751,5.75824857307008,5.7885233642254,5.86278132679762,5.7311563845973,5.68536581320207,5.51490015760191,5.80642362845719,6.0652504977492,6.022186145365,6.16626686588495,5.98707217961909,6.18046353478397,6.29529894343136,6.54517555052582,6.60397117084818,6.54453465780347,6.51205652305617,6.47481787009556,6.6211821938305,6.78496111887283,6.72675652631959,6.5637725127678
31.94310430924,17.4712574507383,22.2922591124819,29.4621736467545,36.8034275088347,30.8801131866038,26.835404920339,24.1760143825808,21.5985771240421,22.8360617160611,23.4593572898729,21.7526143776333,23.9433133022909,25.7727773228359,26.7907093100264,25.424668208507,23.9963587155267,23.083554666123,26.0879220464805,26.5883274284093,27.5371624263913,26.3947693763049,27.7590013808461,29.2398842037584,30.515520354946,31.5249096305723,32.1853377761665,32.580426615615,31.7145357012204,32.6561134165104,32.0216565168868,31.6934775025627,31.1077249660979,30.322320564787,29.6517246724259,29.3390500890729
5.91749777063176,9.08041130297839,8.86876665129061,11.3165188253238,12.6323073137635,12.0998422242458,13.2503752406402,12.040448022297,11.0956898283442,11.6601024393918,12.4355110460822,11.6391996535526,11.0607065190867,10.8005340384477,10.3606667027196,10.9443564550345,11.2097985199648,11.0240846418332,10.7058363105304,10.248975114271,10.4517231941951,10.273614461035,10.1699083518954,9.9799399387273,9.76721944153443,9.69790315033417,9.6763257231458,9.52539574538986,9.27574506547518,9.25640073450814,9.08006154007778,9.20666553467081,9.34961750133948,9.25446053048022,9.28980981156566,9.23719314359215
49.5546254184392,25.5360575734077,32.9752768423184,26.0149842511941,31.1881644528177,26.5694431554359,23.6593584755177,21.1759307504969,19.8935955188887,20.3593666373465,20.4666352780606,19.2567677801757,18.3660850566665,21.8882894398827,24.4105414875248,23.2188145727076,21.9907939960704,21.2508985739549,23.3012344920483,22.218356353908,21.4858475450869,21.3741897850236,21.4147891839995,23.6848302300571,25.7127554968879,27.3959963926415,29.4776176039681,31.5379904093797,30.5878270165232,32.1443068273883,31.5156957826924,33.2376508230352,34.1929784977723,35.3052273596769,36.5133014300663,35.5879688229125
9.98283137534523,6.64518347076794,6.25593002196486,6.41601245963725,6.00892647118058,6.42481947546401,7.74383301406887,8.69052262348854,9.78658090556493,8.943663576642,8.98424414858661,9.00537091828747,8.75285597133078,8.41804410184837,8.3722233192261,8.23703755440792,8.7004170730533,8.35215347924732,8.18022248575396,8.02063400921531,7.89406002396509,8.29353002586331,8.10752250939206,8.25674677957742,8.0296601264512,7.91517119181306,7.82293698269503,8.03818925385474,8.08406227484075,7.99403063769216,7.84305162296273,7.8309367264255,7.76861402158347,7.78160017112015,7.6460865048251,7.60535259709681
3.93982599906818,4.00317114432652,4.07940758151032,4.00254187899751,4.13442611265652,3.789101872874,3.49336674556282,3.63452947990545,3.89441100655365,4.07095556471509,4.07390679775272,4.11551636638887,4.08854620882708,4.09493066099971,3.96387736639971,4.12510735882936,4.16292493328454,4.11142608661282,4.27212796640761,4.38293193177576,4.66908273481873,4.75541385256376,4.86226181353531,4.88370201395035,4.8216539480528,4.72246486977514,4.77667305390936,4.78679561511781,4.80415672568384,4.79285371697187,4.85093657663507,4.89023221611622,4.77302702077667,4.64977081329836,4.6674803216582,4.79219411668392
37.757797142272,23.1452494010415,28.9773209311984,30.6683827225769,42.0007812123373,37.3864196133043,35.3708470340317,32.9566703286777,30.1591712036925,29.8422881426342,29.4735205926269,28.8186175041746,28.5371969028481,27.6591901560589,26.4140766483209,25.4339714522641,24.4046800786691,23.2604697367126,22.3553829483446,21.9785505510669,21.4062725646508,20.63083538503,19.7672066857002,19.3018800719487,18.9721088281527,18.7482769568047,18.1786012979154,17.6769282054424,17.1788991499106,16.7752202366844,16.4086586597837,15.9487419518979,15.5085836927396,15.4792900572581,15.3264373801752,16.1078569403668
11.7060113704439,8.06772220243947,6.76626636633867,6.17843368789203,5.10270954760472,4.81051966336581,5.13688273880428,5.60081836690251,6.0192860493551,6.31088736971681,6.18738719610596,6.60503592167262,7.12286772987963,6.80656807417764,6.69224011987268,6.56887440743194,6.60309337659444,6.81370538371911,6.56612046373068,6.43092435536945,6.37189745951551,7.95753849645743,7.81670314037667,7.72398883409886,7.7431565717908,7.83207971289516,8.08672015592793,8.43715682005277,8.5432560299722,8.36916097501135,8.17834972913793,8.27477646714475,8.12492483006267,8.18729517693545,8.19615565717326,8.87262137769726
27.7627915664364,22.8314738717579,26.0695837956226,34.14668296544,43.4915227213654,39.0550026957049,33.7745818292225,31.0886675911821,28.8063921681081,27.5368377201619,26.8017229840859,25.4214318905594,24.8838450901866,25.2033970396932,24.3935692222006,23.2407353741293,22.7907525268439,21.8230631198424,20.8763959972189,20.5448350233502,20.3460942013926,19.7367907891945,19.1569457386998,18.4410481395203,17.9342872819224,17.7172202529429,17.1744403440261,16.6398192287194,16.2318646378356,16.0245795681821,15.7904744372257,15.4513126804697,15.0420734430391,15.2553985549294,15.0368211597118,15.9085707402253
18.5286864953637,29.7834237600787,35.5464104749631,29.3612864214349,34.3337398705741,29.7265484028705,27.0213108574258,26.0445761132426,24.0086121038064,22.3658133768911,21.3393743164037,19.7049421776951,19.5453516083385,18.3227614914038,17.1653626368911,16.7785103315909,16.4018054631093,16.1874859450501,16.1945809520153,15.9158604850788,15.586390342737,15.222301261543,14.8220860801044,14.5884611769536,14.2325324032242,14.1898171177896,13.7235529035879,13.3488153290897,12.9873848146541,12.8355442927845,12.7687147957031,12.4626506612099,12.2269220784976,12.2701153669675,12.1985368959282,13.2718588643824
74.244067718681,47.3568520038924,56.2708763345136,43.300817308108,56.2110186561847,47.9152793752874,44.0616828671148,41.4177351582573,37.3111478016615,35.1094066455817,32.0108267102431,30.1760938377302,28.4317628645091,27.1216713363725,25.6456315668315,24.1891691582177,23.6932239386769,22.9165318567677,22.3306977550389,21.5064689468412,20.8643150096657,20.5173796134327,20.0848200956251,19.4653851935011,19.1324885750448,18.8515021615001,18.7184818884445,18.1738553963304,17.6994213001368,17.5163175265942,17.3554677354451,17.0939217952892,16.8364079652114,17.0863426778894,16.8153919918291,16.9867177152357
5.17514012437141,5.88800895440421,9.32672512336671,7.76906399198264,7.43576101094884,6.78437867574143,7.42287617761693,8.19104727087177,7.85769826596957,8.00094707484882,8.22511072707136,7.95492814431348,7.87188131742596,7.74486241703273,8.03340845696146,7.76743149558544,7.5038407851133,8.13112436553609,8.45984656579486,8.12747347681677,8.1717972979329,9.14450673803575,8.97740836195659,9.01181651714249,8.87302149954949,8.75858986289603,9.20184573017903,9.48502530753744,9.383944243636,9.29172184223768,9.08893058879891,8.87275567435537,8.65130047393186,8.52944639740614,8.44731449642581,9.32805675874636
8.7986215283976,8.54183438799647,12.3043683626813,16.566833392608,14.0080491508626,13.4764419325663,12.26842811401,11.3559953218898,10.4192329480441,10.5621180781086,10.5175463860863,10.6542909524231,10.4773789722417,10.1647597947077,9.6252212499032,9.31451670110294,10.7610204140096,11.4468291818322,11.3187851270229,11.0743073051388,10.966724585352,11.0614853462847,10.8550449341736,10.7841819061797,10.5214051186948,10.4311369342301,10.1077638299723,9.88654348634303,9.73526328026361,9.44918781455383,9.26370821768936,9.16355852710171,8.91181590950928,8.84475613710429,8.70295227645915,8.61977800959861
9.08374796812133,5.37837854104459,4.05365191167654,5.51927622030128,5.23686269184209,4.70234883854384,4.5700209371459,4.6122512497527,4.31788342182027,3.95714525563192,4.04515748376194,4.30944985563166,4.14160765605825,4.47369724282842,6.22601877479772,7.78963690126519,7.79380040239871,7.70042945306483,7.52127724252253,7.4473176312713,7.21840839330054,6.96513294120342,6.74838184678004,6.54042651978925,6.35894435086845,6.27249340045728,6.2117011087611,6.02917959465232,5.94197074307177,5.8113786997253,5.68660625819833,5.53449110039492,5.43065931930189,5.4343877601523,5.6599703334247,5.88939932749596
7.60680561734581,5.8808994480998,6.42826493031302,6.02520678767379,5.47052254360095,5.46651154467368,5.51830416447071,6.60714085644922,6.71126134854323,6.88045881635622,6.52353138280863,6.16712832018014,6.17047630354976,6.55502064420754,6.55728479808208,6.47737764458025,6.69837642179746,6.50860499186407,6.42283567318786,6.53328457784436,6.49528965262289,6.45657694328862,6.32717884725346,6.73158941140327,6.67239767698335,6.67475076766172,6.75914837179453,7.06069466243885,7.66521494676328,8.05198419884034,8.03997277868618,7.99600665901923,7.78161560314994,7.80560746978311,7.8364113889513,8.21485886541024
10.9562578694788,11.1666962206441,9.25274311265748,9.65678369022527,9.77404113990539,9.76332904774096,9.59386339956988,9.82231000522864,9.10800403466166,9.1204530309931,9.19196165313221,9.62209716912245,9.28826881386971,9.05796036835724,9.02437431672277,8.84516359788055,9.36505708836603,9.10598254675752,8.85359038644002,8.59885781281733,8.39660280954425,8.43984070295117,8.69973148914796,8.75387522358407,9.04811529030485,8.99308492899834,9.00642822799048,9.28774181408569,9.67549204644788,9.44352238150638,9.42291454028309,9.58118189568075,10.3294733370475,11.061688545191,10.8564649885001,10.6486224640951
4.56956968728481,5.01049418367762,3.51287473007442,4.39148428730763,4.06770245054792,4.19055071948566,3.85883406947179,3.98731131903481,4.18849630593176,4.35431782152434,4.52371435457323,4.66583431052279,4.7202221532882,4.74457365104187,4.96532334593975,4.83380638170897,4.75815820929295,5.0406339216283,5.4789575903117,5.87457730011239,5.96530492349211,6.14621535277411,6.27647621507751,6.30426283436528,6.50537354212706,6.35661672873552,6.4033194737799,6.29500417885965,6.32418915667244,6.23099046089589,6.16609443215553,6.14984802780187,6.18306338826809,6.71064574766816,6.91770531167934,7.08644595221652
8.3016334778659,5.64699932974628,5.30804201686336,5.36647784492669,4.51970944019218,4.57743994530283,4.79554174077002,5.59127442288752,5.4015121871952,5.09417959980163,5.03036446355728,5.45480283079005,5.66817265742865,6.02958739343043,5.73726494383801,5.63802561496594,5.74946679402954,5.87410690675075,5.70115905071731,5.85847446595636,5.97129782888579,5.88136131148877,5.74607647762569,5.85267609382674,5.75990328449332,5.81670447464629,5.92174596606533,5.82458383022975,5.70680005510338,5.59569807372297,5.5851272195035,5.67153273531806,5.66396434523786,5.78732521241021,5.82950109731074,5.78739659534004
36.9464829401735,40.9761876105963,32.6531481564353,26.4366797039347,21.7962642520974,19.3891306425635,17.3746896280153,16.3563536797119,14.6533525351152,14.0004711080824,21.529719442691,21.5971454846194,21.1065757423954,19.8977802672987,19.4403076172235,21.5010090203096,23.8083203180385,22.8381265136824,22.5468210597421,21.8847974558748,21.4766810406216,21.9146521551393,24.4714369301667,24.8880605437491,24.0108205075415,23.9022791121338,23.1339720913329,23.0937459339744,22.5020847158302,23.3461100015281,22.9594675036823,22.3240590498401,22.0457878265045,21.5969634915944,21.320217393434,20.9114278562218
38.1025210215555,39.7144251857059,33.8564127680218,32.6945102511561,26.6857374307987,23.6092124493117,22.2311260917818,21.0924503928893,19.7741160668947,18.0331583374842,23.3047759128832,22.5011336409435,22.0641522380361,20.6997260301841,20.3862816985513,23.1159038883652,25.9090374984242,24.7010102149711,24.2101248494669,23.6795921494247,23.1990186646915,26.3357580377797,29.776927640155,30.1809977206072,29.0251486898882,28.6497695144035,27.9793537544479,27.8411610134424,27.0744293467105,27.0456603009761,26.6417453649849,25.9432201171421,25.5324577186294,25.0802026503306,24.5425374259953,24.1195115071861
12.7198004179766,11.251199359725,10.8661679034477,9.21516621182356,8.1772220269597,7.50690035382061,6.68213164556373,8.09608708144475,7.40891968792153,7.20645406573096,7.56783237430964,8.07464305638066,8.02818069194912,7.50603218757672,7.25808075083584,6.92343882665076,6.91740613377685,6.63311835271605,6.73206958306585,6.8588056494812,7.08997859100781,6.86397216724121,6.74618485645527,7.02679547088452,7.03936741520706,7.08781587349454,7.21530541346084,7.28915494085726,7.28051535927395,7.49116305808977,7.69021855132046,8.16446608815744,8.26030127668674,8.29095976537202,8.07585357081638,8.08351863039526
2.31241618199569,6.51943381036052,4.92818720583527,9.85098663865614,11.8790602808811,13.3638472717123,12.6427705793597,12.736695287467,15.8310389230717,14.8744432797795,18.7310161248841,19.1516223972743,18.9803092943068,17.8388361453289,17.3400512577008,18.9040233706112,20.4908594775768,19.7760325328008,18.9672402747566,18.4805593446043,18.0611928188292,17.5426038678818,19.2241737584753,19.4465522302869,19.0661389841695,19.1330560055052,18.6185099217238,19.3476671731883,19.7853607107132,20.0409563833804,19.8007620656289,19.4381737204955,19.1329647499888,18.7085936938086,18.5302805765994,18.110338711011
4.74049096069258,7.34675939592589,10.6350868229746,8.62899188042126,8.72705708058799,9.02518357641594,9.29863852095216,12.9114970873502,12.5691748258536,12.4794044899053,18.6937991468269,19.5309507242253,19.0798107400909,17.9227499124026,17.6995765861335,21.5794112955739,24.7536185063039,24.1082001380555,23.2213394046189,22.5005789134081,22.0742396873501,24.5885192653129,28.2773713132354,28.6256249575902,28.0358006309101,27.9059594097771,27.471544815841,27.3847468874207,26.9198288947986,26.6806113944978,26.1863008216429,25.7024487395935,25.0731317844391,24.5009617053207,24.1971625427044,23.5951760113596
1.95381611986635,6.78703847089506,9.6651323204444,9.59058802580444,7.89773587939586,6.76662802535278,6.20899818599935,7.21620987487041,7.84599525044635,8.86505030468005,8.55238879214055,10.1108994372077,10.2235890348299,10.942486148997,11.1093431424304,11.2066881273947,11.6540769829438,11.6177064750047,11.8145658575824,11.6504364840326,11.2227846462284,11.174525613131,11.4423184777927,11.5629666012606,11.4810831129984,11.0989904726258,11.1630127451583,11.4037895625962,11.2024383486203,11.045851551456,10.776118598024,10.6039945870988,10.368196703907,10.3458097221042,10.4030933688559,10.4071622479016
20.5470713147564,18.1921053846769,17.5006125207641,17.0534865113457,14.1410341669439,12.6400989517116,11.6971715732241,13.2091446505219,14.6124064985465,13.6737419027481,16.1830815088732,16.16362963404,15.5669740221622,14.8296325489823,14.7466159448417,17.7395617666485,19.9191351378427,19.5559596054618,19.3361044787474,18.6721339324907,18.5829574328607,20.7407256543262,23.2233916043968,22.2976335788154,21.7420610238326,21.4706129138376,21.1541984317756,20.8083684199974,20.2520676089978,20.1538176352115,20.0352095847747,19.5461670011385,19.1891583967161,18.9585329086699,18.6089380026632,18.4010344874674
1.16053452564197,0.643938891813657,0.457202395904211,0.403736298873691,0.332630639567045,0.280102330598779,0.250230428809203,0.232733166420079,0.235841694496717,0.228707520715901,0.213265941010661,0.205274525826171,0.249691770025078,0.255359220957173,0.247951963778299,0.243433947312881,0.248556678181708,0.237239389660617,0.228736563284024,0.227536209493365,0.219046812722596,0.219320789023046,0.21274442091795,0.213981384557633,0.209417429619264,0.21024537601824,0.212527212734578,0.210502929975753,0.208523293648557,0.232024649605899,0.236760219977887,0.236911456827542,0.231090013754024,0.231115970301299,0.228096196912811,0.225408857841919
8.2337280926553,6.74179849293241,5.71509666151623,6.1132427163697,5.9509835099825,6.2325263662149,6.08952817603965,12.3333205934054,17.0285153184883,15.7700063164118,16.3599129894228,16.9159371058021,16.88267258892,15.9919517165249,15.5538974643983,15.4535352572344,15.5159495563509,15.1681340230599,15.2515600567708,14.9364993179066,14.9508468556371,17.3462228597776,20.167343332777,19.7602194835955,19.4381120121392,18.9674634041307,18.6411611595892,18.807004084204,18.510618345652,18.4596939973536,17.9370110824673,17.6966820539048,17.2787680386348,17.1347830391556,17.1010681798972,16.7134555207489
0.885105161104772,1.29704814887238,1.43117622305051,1.30320661505867,1.45709680252253,1.55788236789776,1.69817619402779,1.62303781742784,1.79989927400029,1.70342563559064,1.70752920637428,1.6533883452021,1.66654911619216,1.65005302649337,1.6346880829619,1.68549603239621,1.63703676006602,1.6056664789226,1.64344862824431,1.72883134097642,1.74624742018395,1.75179427165175,1.81193363951055,1.78683337278262,1.90542360440961,2.00745396426848,2.02711235796808,2.01141754358049,1.99346325777838,1.93948924114259,2.32058886010721,2.32067403015856,2.65407844721756,3.07145211352669,3.10906273161295,3.59411505129637
3.80235772312251,5.37254911020121,6.94953953738694,7.53383603070452,9.98550035969935,9.62691189153407,9.76275394681784,9.45539042702496,10.4681213730789,9.82965759160542,9.38623307823713,9.15965359889089,9.66765919640859,10.1675208239237,9.57297980090268,9.08505133780713,9.18325973541371,8.76051757304901,8.69853718819507,8.30169668610383,7.9606303914754,8.63669014017109,9.69364457332995,9.92920930043005,9.88174740765131,9.62572135196214,9.69137684280882,9.85539207921376,10.0891547849879,10.0837997711658,10.4218040187113,10.6007397429154,10.3451556626178,10.1191547223001,10.3670973600161,10.1827586255821
8.11061754893779,6.31991670391685,6.33494192487526,5.3029119147178,5.64478401205482,5.82263390944472,5.58905307116314,5.57354438727143,5.7325023529735,5.57561623890787,5.3622450619884,5.12800723951623,4.91467632979129,4.96381952029499,5.52103603396989,5.69353380834448,6.26029497532154,6.31795301772075,6.43108806645413,6.8502670616037,6.84257145055568,6.82208156178657,7.55125641711698,7.9691474784815,8.27309742795719,8.18980237100501,8.09413451403435,8.00589820298622,7.97820551775488,7.79304201954841,7.83621753376654,7.83894669328857,7.84706141645422,7.74888638619691,7.6932010389848,8.50001880592307
10.382530063293,8.604783596791,8.41533935837579,6.7941851518332,6.52679105745989,6.21686940481703,6.20204920259474,6.5491795612592,6.03682908308602,5.70679681365458,5.36079471765789,5.21825931473714,5.13482501277281,5.01693936016494,4.87368236112922,4.67613241749904,4.62758463727735,5.0660780293548,5.36195282517836,5.38183841485277,5.25676276346545,5.22917376546464,5.18825539206079,5.11517936161065,5.12924896620901,5.15506097945554,5.04413130888668,4.93258301274787,4.89624631691109,5.17668863639264,5.51849211190043,5.37824959724738,5.39882047881063,5.51240016323213,5.49145640699464,5.65385833668033
2.37989862124626,7.10619809135673,7.29841410318932,8.45668038036449,8.94579612361582,10.9072974129741,11.1620975399372,11.3205057323113,10.4628979669119,11.3649525595991,11.3297858537918,11.2578235667091,11.6045820647333,11.2847575345202,11.2254235144123,11.0148529043825,10.8529061216265,10.3484409674991,10.3156858289848,9.98031500401068,9.9976978605976,10.2036418696658,10.2223817441792,10.1412387292598,10.2286064515252,10.2599254923737,10.3253044405158,10.5484691094897,10.5987127457092,10.9635665244431,10.9333686878632,10.8762066104955,10.9854834874942,10.9071767290949,10.9886727172587,10.9065688188641
8.20860208333886,5.28142598874613,4.17132423115882,3.45388935687552,3.40889640342796,4.15479693276771,3.88094806649559,4.25848140528144,4.73890703845362,4.90216484777003,5.00961638089065,4.79374877712434,4.66162376682677,4.56434910724244,4.5800607455911,4.79639831319236,4.8490965101532,4.86558091888929,4.96971951381118,5.39378000477203,5.4198954341204,5.37131858857451,5.82008744220916,5.99359700297909,6.40290001200305,6.48684204338232,6.46712715517253,6.45521343983144,6.36714195852818,6.21279511155717,6.71345894138485,6.79697245600558,7.54144062164022,8.48871564677451,8.46356418936585,8.4089919314079
11.9980716266705,6.76183044725984,6.77190992094673,6.87662055448675,6.18521790080827,5.84399270439796,6.91118224416491,6.71238367081364,6.54452603651711,6.41468627032797,6.23150921622766,5.90074443052411,5.78055489783438,5.68226879375018,5.59594076494704,5.69636687466665,5.65538801012837,5.54730086844184,5.97690493672686,6.02744738341491,6.14371979445761,6.02746006922846,5.93615748706034,5.83408268684205,5.77686883065693,5.60152741418027,5.69060306095024,5.55630981233816,5.50231976724562,5.67044001398528,5.66515330294964,5.55858545405471,5.43252971276134,5.35591028081173,5.25632099037263,5.25967398483749
3.11245255052812,12.6690423768874,12.005492336984,10.3213770389972,9.45407037651214,9.57577533050774,8.78872579965868,9.72008949596978,9.38800731102917,8.50570097200352,8.33332760393903,8.72851963861203,10.0119253868103,10.3163719186953,10.0739042981446,9.69765431720207,9.55295438333272,9.41067757607038,9.23833460130412,9.25886992205562,9.05311120708871,9.47516390334079,9.16872885865345,9.17523110457354,9.33452786966745,9.00019257230169,8.7977391072282,9.10287145564569,9.12881485227652,9.42369342258457,9.21508941548114,9.16708202503119,9.31437239494334,9.10337424388776,8.97046104323107,8.83452312499571
11.0497188664796,10.2566488957035,11.1865062521983,9.16633957021166,8.13080721694088,7.13988599728022,6.36361948683433,5.57232315017608,5.16523370310642,4.72169977281819,4.67728892341713,5.37034514741355,5.81340440802821,5.4726174161536,5.65023787419627,5.52080406131189,5.47159353282174,5.88639768804,6.1113452345913,5.88007113664897,5.65318261280083,5.40743998152063,5.30462982506092,5.18590821678955,5.0291603126988,4.99575423553621,4.93915336501923,4.90203852525439,5.00400494781811,5.36472024647182,5.65805219180587,5.68206056974372,5.60994977938056,5.5968953988099,5.49474519836913,5.46502821923538
2.37496193157588,5.96894807952782,4.31429647887084,4.70453837237997,3.93300241382898,9.66200850015573,13.6863730899294,12.5384543965248,11.4490607132676,10.5095353818329,9.99908803159695,13.0096427402753,12.5618929956422,13.6961538382871,12.9878506854351,12.2894160802682,12.0372941388187,12.2563369847019,12.2513997121831,11.8715524831136,11.7168714574867,11.9843996562505,11.803301131894,11.8641817342462,13.2103578030016,12.8393889729091,13.6027920458846,14.1950910460857,14.7734289543679,15.4921863684194,16.6929282601223,,,,,
3.79670309084689,3.85101192457337,4.47760625762334,5.97615874257609,5.78105955803942,5.43006715122681,5.28710073448658,5.08609964049402,4.72396153936446,4.51097267553303,4.45204339570145,4.46365153769056,4.45549765754217,4.35240741866733,4.08194941265679,4.11427691505596,4.37646271559737,4.40735240772015,4.30105085554836,4.30460967966829,4.36249981468966,4.30037096067252,4.36402888593631,4.37464690299408,4.40626212470087,4.48056779161675,4.41286135650325,4.39313161561097,,,,,,,,
2.83577792646505,3.25199509158042,3.29254696738187,4.27689158150123,5.19500125496725,5.00365465391018,4.42059359785871,4.38412640529586,4.03045821374287,3.9089881554025,3.57909169213785,3.39335079362606,3.37054302026358,3.56122686367021,3.39460878561056,3.27039909812812,3.20709870300015,3.21421465618398,3.32959915384297,3.9367208592148,3.883880448291,3.9032136894583,3.85590032139336,3.89462676101309,3.999875065838,3.92166524250551,4.04301191405141,4.22992461724388,,,,,,,,
4.89827408769191,3.52826975151291,3.65129693265546,4.47044150917837,4.47390609752601,4.91718151067362,4.83161405681421,4.72815873287896,4.73116248752989,4.50702498009339,4.21251280182572,4.02499164316004,4.27912387324666,4.39214709173808,4.70292794421745,4.90226240680721,4.88870203420987,5.07598795772164,5.23123507151283,5.14808619912685,5.46943868101482,5.99632810701204,6.29370176517918,6.08279494785978,5.93198607008525,5.92471965458108,,,,,,,,,,
1.62878805237364,5.90836588801991,11.275534411567,9.97739789605793,9.02270858532352,8.84072834401874,8.31365263908672,12.1308004097228,14.9203727014208,13.7599578667534,18.6453738667597,17.5827405555873,16.5176521572391,15.6916743303001,15.3341213202383,17.3217452875958,18.5162561266811,17.748909703203,16.9184539369527,16.3239938210865,15.6302489314303,16.382016036196,17.033497947974,16.4129575648561,16.1060723839665,,,,,,,,,,,
14.0427805484594,15.5997453897164,12.1695649665639,10.7844770309141,8.94728763945256,8.39539124815096,7.84174333533224,7.26853838355026,7.07799960377617,6.66948696713452,6.71932296212199,7.22141952897935,7.6390405111963,7.15059218621621,7.047124814993,6.9140120244001,7.04900701225977,6.90730315442583,7.41336651557822,,,,,,,,,,,,,,,,,
46.5427397703719,48.4715472741868,34.0138370630947,25.8201600333239,21.1849226302433,17.7266020167924,16.1500929026782,14.6071290749352,14.0374545961227,12.824527187934,11.9241788961195,11.2406076428832,10.5544322280913,9.81175602919839,9.52797793651223,9.02588433921803,8.54567913212914,8.73636081346477,9.00187791414007,,,,,,,,,,,,,,,,,
24.1171965134168,23.163291009038,16.0990110895842,12.6762232090176,10.4102628370883,8.71033175607154,8.16479986844149,7.66583599914126,7.23810409843172,8.01791217792547,8.81487076791494,8.1014317032465,7.54738376817847,7.19306486073885,6.81046532657046,6.50310617780639,6.26615348751631,6.0371369441678,5.8125398686977,,,,,,,,,,,,,,,,,
8.13189071474013,7.96738222616553,6.34722893929482,4.90983592936448,4.22413185009306,3.8952279009766,4.2151566374478,4.23352092147941,4.083993954731,7.87601058054246,11.3543902903951,10.5745364542686,9.82503176082461,9.31002057585757,8.69326439265871,8.23290691616411,7.94223687539484,7.68092547835158,7.45744868091565,,,,,,,,,,,,,,,,,
3.49212833689781,3.70146138343179,4.19226259267539,4.49675066762634,3.79125034928495,3.3437347714502,3.56357056697682,3.48751192411359,3.27597701355917,3.5973293140757,4.9480497435251,5.80312995976219,6.79674336081206,6.67341100343782,7.1300213780927,7.17045316591553,7.69581133289589,8.20596197559646,,,,,,,,,,,,,,,,,,
14.7504635136792,8.54589020888352,5.96933651770268,11.2262154517017,9.42188618470761,9.74183856054283,10.1830446052037,8.94553839444382,8.57514976659562,7.96691423462377,8.27102115144504,7.90548580186867,7.37915526861249,7.77799722621436,7.55040586879414,7.93762859806076,8.19046854555832,8.78716211969944,,,,,,,,,,,,,,,,,,
0.839210160760422,1.78456098653062,1.69654725667069,2.05847395548942,1.7385782963412,2.22335213017943,2.59981664356291,2.96515653085056,3.06052110114638,3.2588184221078,3.17483254261675,3.44257872810556,3.30578634898302,3.4971452029505,3.72907423026613,3.70589683914412,3.723317261148,3.87625778552846,,,,,,,,,,,,,,,,,,
9.82465325010008,9.78056090588437,11.6283242949275,13.3648891234831,11.4985972188266,10.5216605605667,17.7654857804025,21.630612667617,23.598077762536,21.8827636928804,28.0333439258187,33.1574805675567,30.9548369457475,35.4988209346595,38.6903818953726,36.8072889911964,34.9395419176769,,,,,,,,,,,,,,,,,,,
32.5979436726942,22.5871220312056,18.8625953282595,24.2210991393783,20.8653995698843,19.9048939157851,37.7372412959765,35.2261458334716,33.3791142318662,30.4691672675341,39.7179009163195,48.717517490259,45.998911086326,52.0574301739683,58.7078107385813,55.2011188246284,52.2670712717867,,,,,,,,,,,,,,,,,,,
8.60094690891111,10.8686669629774,8.47950001639774,7.84417998551439,7.15864386190959,7.19342623486949,6.37700371636108,5.91553443480451,5.27471658948998,5.15752013309685,5.8792806076739,6.30202323656844,6.11529363783715,5.97958732226498,6.13820609874185,5.96641559641407,,,,,,,,,,,,,,,,,,,,
5.10220958640286,14.9314651752103,14.9600353314843,12.7355889498014,14.314343593441,12.2728014230005,10.6943276422181,9.6125638184148,8.82762524775936,8.72001466619865,8.1624768497714,8.53526056699761,10.1500687183028,11.0111473547604,10.4635298094201,10.0878273375356,,,,,,,,,,,,,,,,,,,,
109.089797782019,59.1233949040755,40.8319105408258,32.4702910280556,26.3712273858991,22.4211954244078,36.3302264780448,32.4756757488431,,,,,,,,,,,,,,,,,,,,,,,,,,,,
45.4618569499026,26.9294927840584,20.1534056615532,15.9141480865012,18.668961021995,21.4521102540904,19.82971796872,,,,,,,,,,,,,,,,,,,,,,,,,,,,,
40.8119767706818,32.2926432702332,24.6443350759874,23.2934262345496,25.4274574903409,32.3015138765256,31.0946134716295,,,,,,,,,,,,,,,,,,,,,,,,,,,,,
14.4185820115788,10.8161091935059,8.64913431771654,6.58879073050159,6.90799967894906,7.43934254849364,6.39383775871255,,,,,,,,,,,,,,,,,,,,,,,,,,,,,
14.2644170297723,8.51447008384248,6.60220603964996,7.0741651006437,9.41625168333281,12.4090042162763,11.8312066020326,,,,,,,,,,,,,,,,,,,,,,,,,,,,,
4.91789642358065,3.45979001589447,3.87667249210458,3.58397894002095,4.20125582916274,4.94337249757506,,,,,,,,,,,,,,,,,,,,,,,,,,,,,,
5.54193259556833,3.92427518387318,4.67365459741935,4.03999929898203,,,,,,,,,,,,,,,,,,,,,,,,,,,,,,,,
20.5920006698052,16.6853852169313,15.3594163726744,12.5709054576886,,,,,,,,,,,,,,,,,,,,,,,,,,,,,,,,
18.5862412241089,19.1367761077762,15.1859320560855,,,,,,,,,,,,,,,,,,,,,,,,,,,,,,,,,
0.0851762846269406,,,,,,,,,,,,,,,,,,,,,,,,,,,,,,,,,,,
4.25795740462306,6.6428406369966,11.1565138948263,10.3604951783435,8.80302968609817,8.40493958914327,7.78425604488269,7.9180226176714,9.03431483328517,9.2471447515791,9.04960905370093,,,,,,,,,,,,,,,,,,,,,,,,,
12.3075148026055,12.9260422752586,10.7607669161304,10.7132746463482,8.79607451282795,,,,,,,,,,,,,,,,,,,,,,,,,,,,,,,
6.8638316198739,4.82429579153508,3.90833661165823,3.76843453246531,3.58613629720483,7.2871351004767,7.12485059987549,7.4167568932895,8.15917475339248,8.00993925250669,8.62014623287842,9.90307743422218,11.3408266438699,10.7777484105863,10.4892467030183,12.3328926746626,13.9153338084324,18.135271981796,19.3322705324766,19.2748261314724,18.5624986634926,18.0987325378489,17.8825583426362,18.3640261358497,18.1907856617308,17.8533388515163,17.6285784131493,17.7596646738335,,,,,,,,
3.71779262095747,3.72540665095433,2.96468141861572,3.21950592819034,3.14036822810603,5.38742232433421,4.95893456317552,4.654803247213,4.69500426167505,4.64190655637565,5.09723307035139,6.99081191127626,7.75537124953091,7.69613126276009,8.64044278538591,10.3254692684646,10.1602400396239,11.7340307057485,13.5932597576863,14.5867878247006,14.1865030901856,13.9419902854412,13.5460270223074,13.1789761516048,12.7480007801017,12.4056070391065,11.9652424090321,11.7790711937202,,,,,,,,
3.91446441197448,2.60431007899135,3.97389872674672,,,,,,,,,,,,,,,,,,,,,,,,,,,,,,,,,
39.8794193437706,52.6022731727014,41.8752738833601,34.9104135163503,29.5186142404082,27.5601346697106,30.2080458752208,32.2097016396515,33.8263008717519,35.0687658228362,36.5219858759568,33.742734495529,34.6389053173433,33.4134668882552,32.2606362091887,32.697503249324,32.8737871764346,32.875012792035,31.7184698834838,,,,,,,,,,,,,,,,,
1.96751910217424,4.68706572904107,3.59463185037689,4.69423561470138,5.10048537779713,5.33519570198607,5.41573692481717,5.09532373023717,5.0917303300424,5.24609621470533,4.92964920677019,4.61209059935675,4.59582534726249,4.43876292846676,4.74222708175335,4.87888942705095,4.74333607583609,4.70643759103027,5.21136799114169,,,,,,,,,,,,,,,,,
20.5091685936407,12.4228976821325,9.72066656266736,11.1878639012113,12.9943684824821,11.4600404081378,11.1425381821879,11.1835270766443,11.631269074169,10.9209399798354,10.1203429640113,9.8976053338095,9.72877789759188,9.38536001575339,9.06730650031193,9.88445081714062,10.6124505403331,,,,,,,,,,,,,,,,,,,
47.4058088602341,26.824096887659,19.1288867271031,24.0128616774706,20.7508084114268,21.9607547922322,20.9595012431892,19.7439985947571,18.5851684895689,21.1442293849362,21.9065202102475,21.4695304811256,21.0201371008071,,,,,,,,,,,,,,,,,,,,,,,
18.7499944426913,12.1389054965243,10.7164892203743,17.1239699666986,13.9011875862386,12.4144532491852,12.2063010560812,11.9824036207691,13.5597254192962,15.2309687329381,,,,,,,,,,,,,,,,,,,,,,,,,,
14.0366054602946,15.1829215478116,16.5621797968208,24.1308086403258,30.6162839426323,27.3650315550277,25.8180902643105,24.8997729080963,23.2828068923478,22.5531228916305,,,,,,,,,,,,,,,,,,,,,,,,,,
1.40376500471766,2.19562740599548,4.13789169018255,12.1370336179482,19.9822852918167,17.1588019510389,17.9377017260561,16.674838628957,15.2251434167719,16.6616068669915,,,,,,,,,,,,,,,,,,,,,,,,,,
37.460093847835,32.4719065762783,23.1978722299782,21.8697636772585,20.8926847306746,20.4144303867164,,,,,,,,,,,,,,,,,,,,,,,,,,,,,,
33.5114066610907,32.8913462081294,24.2578964543999,21.0987983510319,,,,,,,,,,,,,,,,,,,,,,,,,,,,,,,,
