Var1_1,Var1_2,Var1_3,Var1_4,Var1_5,Var1_6,Var1_7,Var1_8,Var1_9,Var1_10,Var1_11,Var1_12,Var1_13,Var1_14,Var1_15,Var1_16,Var1_17,Var1_18,Var1_19,Var1_20,Var1_21,Var1_22,Var1_23,Var1_24,Var1_25,Var1_26,Var1_27,Var1_28,Var1_29,Var1_30,Var1_31,Var1_32,Var1_33,Var1_34,Var1_35,Var1_36,Var1_37
233.096273291925,232.221654749745,227.970711297071,230.123677786819,227.631768953069,226.058545239503,223.70705244123,226.305925925926,223.666443850267,228.279214064116,225.282566429034,220.508737864078,234.332791327913,226.357021034679,227.373151308305,220.706951871658,217.135813953488,220.532523850824,221.988148148148,217.573096164536,225.875,224.684451219512,205.243309002433,227.935222672065,224.948453608247,236.519823788546,234.367654706188,238.86663260092,233.509786863854,241.904552934723,240.501623376623,238.858630136986,249.056170212766,340.448503643976,242.82915921288,232.408549404345,246.849397590361
657.64052741152,648.163043478261,656.585087191822,662.71875,660.123839009288,659.051687006461,658.140947752126,659.941041785919,662.025414364641,659.883195592286,658.393216746158,659.252399774139,657.902590673575,653.580097087379,656.793875147232,653.13198757764,660.503105590062,657.548729792148,663.112684729064,660.61813745425,666.551138901295,666.60989010989,657.97090729783,655.931926121372,656.681583476764,652.864033073036,653.687062120504,660.270557029178,659.740140066347,656.785666887857,658.631634078212,656.605734767025,648.347826086957,649.893973214286,643.695695200396,650.828234265734,654.552834619255
982.087877183695,982.743559017376,984.644909887969,982.238805970149,983.835595776772,987.244698205546,986.424543946932,981.708423326134,981.113801452785,980.897342365816,982.537773359841,983.974219137333,985.068540433925,982.917708333333,983.121296813863,982.425692695214,984.651218062983,983.372393247269,982.026761819804,979.524144869215,978.956175298805,980.01226993865,981.559628291172,983.462519122897,985.014018691589,984.314251639833,984.376905041032,986.749268292683,989.026553106212,984.467661691542,982.689446768945,989.991125642223,983.323857302118,981.190809190809,980.895156695157,979.586402266289,978.280276816609
558.768186753529,556.006393180607,564.157279029463,559.751292900799,560.481862745098,560.69218668065,560.33533916849,561.307405434203,563.555656934307,560.909939337378,556.761116367077,559.193581780538,555.817073170732,559.325865580448,558.168925964546,559.353208404316,557.894979508197,566.246797608881,562.983728498373,556.582938388626,556.21640407785,560.092323651452,556.193726937269,560.155072463768,555.02527420124,555.558954119388,557.829081632653,559.407376006783,557.690890481064,562.86583011583,556.357252690928,559.579196217494,555.414726583649,559.844347826087,555.913535536442,557.557710960233,558.558311345646
196.454362416107,194.911825017088,196.711141678129,195.715483870968,196.013005780347,205.947928331467,198.576734407849,197.894371091035,197.547826086957,199.842007434944,197.266846361186,194.708245243129,196.283018867925,199.08426183844,199.795855717575,199.266103953798,198.163473053892,193.55444646098,200.731459330144,201.723317471108,201.621716287215,203.400507614213,330.347087228379,202.10147601476,205.55128852956,201.064114832536,199.733588621444,197.717247879359,196.054599850411,338.220704406103,337.868852024592,201.855081178593,314.959170347609,211.829134218965,345.074718074718,344.439882382472,343.47277486911
615.454830614805,597.620754716981,618.394447657605,618.335961188599,614.729796727814,616.062962962963,612.519445924347,617.688291139241,615.166911404797,616.267116682739,618.819981583794,614.95584045584,622.910569105691,625.825907590759,617.141540130152,614.211778029445,613.6918767507,621.263713080169,624.607407407407,628.767231638418,623.84325044405,623.789378937894,616.827176220807,615.283829995115,622.386372587633,616.399834779017,619.307189542484,617.681539091281,622.053398058252,617.336690017513,617.29779600205,606.36504014824,603.412518482011,609.052015604681,609.958779443255,609.910138248848,608.6403678606
775.492935635793,786.156999226605,775.398043254377,786.383361204013,782.871703173894,785.247169811321,788.897435897436,784.607028753994,790.446543580936,786.474032586558,783.528700906344,786.435867672664,781.836905871389,779.468658178257,792.412755102041,784.352374839538,788.238797169811,787.117890382627,782.173192771084,802.464486290056,791.263543191801,794.058049535604,793.184901090028,788.490163248221,793.635799275737,800.354280059376,807.429388630676,803.724086129194,805.783924843424,804.693746167995,797.850020946795,801.273021001615,809.872286723877,809.081305023304,797.029210925645,812.968421052632,802.639330543933
695.826495726496,699.734317343173,705.709083940207,703.349474645957,706.912841670964,704.933093154915,704.872665534805,705.43553008596,702.15506481037,699.871385842473,697.334118755891,701.209518882566,693.665309446254,701.502222222222,703.154250238777,707.361834434512,703.654356846473,705.893652795292,700.281072298944,703.5955654102,704.699349240781,704.849934181659,703.609636184857,703.600712105799,700.980446927374,704.586069651741,705.513853904282,700.852481617647,700.62405609493,704.78091684435,702.779354207436,704.912213740458,705.086496028244,703.944277108434,702.288422131148,709.832392776524,704.529313232831
832.844074844075,834.720802919708,814.357698289269,832.833950290851,827.103996562097,826.684210526316,820.101307189542,817.10597826087,814.240276577355,819.555555555556,824.882226980728,825.798644724105,820.488655229662,816.82375236892,820.018757327081,832.191621411947,832.858858858859,837.066900379784,828.334243369735,840.233544303797,841.485309548793,842.648834745763,841.535092807425,838.118447726615,849.583738519719,843.623248334482,848.665301106104,839.636843567658,843.127964699393,846.29570398244,840.878710337769,846.486338797814,825.618384401114,823.741243745533,821.653206650831,816.808943089431,817.838842975207
711.299065420561,711.840239640539,712.811808118081,714.446153846154,713.887150837989,714.538967611336,718.70252824099,713.47052154195,711.241575946086,714.328334226031,711.616512764802,718.601187263896,716.332697807436,717.811915312654,715.751660705161,721.725025227043,717.970311726868,714.375536480687,713.116005873715,717.330814894765,719.298207495926,721.723542116631,721.798599892299,724.119135477069,723.279441117764,724.493623804463,721.71963677639,725.774871794872,721.597206703911,719.920215956809,721.290409482759,718.674812030075,718.853710624666,721.58358974359,722.579778830964,718.010946907499,713.957876514714
38.9113737075332,31.2040816326531,39.0938482263134,29.5523172479694,30.5087087087087,27.4586191129401,25.5970948012232,32.7024124256444,40.0135708227311,24.4912474663718,28.13554667998,25.1585648148148,25.3068651778329,22.4097648261759,25.6314036885246,23.3759869316635,22.0791618160652,22.5551889622076,26.0126820103335,28.3397590361446,25.3997698504028,22.5614358030373,22.08788249694,18.28625,20.6214003387916,22.3901056428755,27.4833104709648,20.0166301969365,23.1830427892235,24.7743553008596,20.0580033463469,21.404793608522,21.5015015015015,16.7951114306255,16.247947454844,17.3995308835027,19.5159102764737
919.738505747126,924.516853932584,907.186925434116,884.124343257443,886.527400082406,891.005736137667,898.744505494505,879.677257525084,878.875555555556,872.121715076072,862.744340878828,851.706896551724,842.790697674419,854.562764456982,793.607403252944,791.713986013986,787.757158006363,792.36887254902,796.178097345133,811.56186984418,790.577164366374,796.255905511811,801.279569892473,797.250311332503,807.681710213777,791.461756373938,787.481026785714,801.501567398119,808.551202137133,805.555963302752,792.250936329588,802.249745158002,829.469953220583,824.834377967711,850.875,848.174842767296,827.73372177713
916.18369507676,924.600276625173,932.187966417911,922.77767037216,919.706806282722,874.442879499217,880.681930693069,880.94235924933,896.539495798319,886.12268907563,881.671302149178,883.644736842105,873.194214876033,870.954682779456,847.841518987342,846.779801324503,820.194915254237,820.20424403183,819.795593635251,822.228249744115,821.615510204082,822.355051935788,824.384543761639,822.42767950052,817.351317440402,822.834885690093,816.673469387755,818.415059687787,821.642424242424,826.457765667575,819.304643261608,826.713445378151,900.852332979852,898.27965435978,878.616832779623,873.455661664393,898.528318903319
919.727140783745,900.561160151324,917.476959619952,937.881854658939,924.736593059937,904.798623063683,907.438108484006,902.898921832884,904.258278145695,900.850290697674,890.886486486487,877.305164319249,850.778409090909,844.809523809524,829.757949383517,821.173007896626,811.70875,792.934627170582,783.187270501836,788.283079390537,797.387161484453,794.633914421553,792.563551401869,796.886443661972,788.686746987952,799.411374407583,797.986651835373,783.562711864407,790.666019417476,794.108130762783,801.264331210191,793.048048048048,857.931797853309,852.419606854839,859.411953041622,857.242874845105,866.14922813036
845.422293430991,887.790484041927,851.71932173137,847.631892368769,856.445097244733,884.517006802721,918.511085714286,882.418015896379,890.922980889273,892.302705749718,890.70342624215,880.659180780422,920.292275965504,923.057206068268,920.815481171548,911.034125533211,914.379589811446,911.491509175568,912.477862254025,917.49707522786,919.885139416984,928.58371040724,911.97198838897,914.473183776556,908.587254538718,933.165576245596,933.222432560341,930.596137699412,931.592148760331,918.607478050257,928.101775660459,936.265463917526,923.771768523526,928.155238617663,869.977144292352,876.322526106415,932.993497445425
181.687121212121,179.234357224118,181.225232198142,183.039708265802,188.441689008043,192.155080213904,192.3448,190.482087227414,189.85,201.389323843416,198.737940026076,191.909792284866,185.407831325301,190.949818181818,181.159722222222,185.206537890045,184.577689243028,192.003856041131,189,188.434544208362,166.530201342282,175.835722819594,191.106976744186,194.826991676576,195.57225433526,196.172372372372,194.163335237007,208.255539143279,212.74728940784,221.488083416087,200.58313253012,183.338092518561,170.959137343927,181.839802834258,172.633998790079,183.680400890869,182.116482236459
34.9264705882353,34.2591594827586,36.6517412935323,33.687148217636,36.5448751991503,36.1649920676891,37.425988700565,33.7606407322654,36.0111607142857,36.4338682899834,38.6355835240275,35.6326732673267,35.8420009905894,38.9520089285714,37.8760705289673,37.0266429840142,34.4561518324607,31.5911375057104,38.404204491161,34.0418435415403,31.5298944900352,32.9406220546654,35.6138147566719,31.6026300743282,34.3871951219512,35.3011917659805,38.2717073170732,33.5307354555434,30.5160975609756,31.3547227926078,27.4159495123351,32.1814180929095,33.9740338164251,32.2889935256033,27.6455633100698,28.5678591709256,34.8263403263403
1015.91891891892,1016.7669094693,1003.10964083176,1015.57234497505,1017.83072207084,1020.20683641437,1016.57385079126,1014.47229551451,1019.00839722526,1024.95149882115,1021.11744622738,1033.08191455188,1036.72958257713,1028.72804642166,1017.44055649241,1015.125,1023.57027339238,1025.35015384615,991.954060408754,1025.60240347737,1029.5534150613,1019.55267040425,1028.59815756036,1026.88942444003,1032.12618545838,1031.51844843898,1027.18217054264,1033.48935637365,1032.76971973418,1037.77034625629,1036.0032806442,1034.99579124579,1024.26537323249,1024.27159209157,1020.92700031878,1020.16426332288,1020.60272459499
614.044106167057,614.271695052717,618.277694046722,615.17605075337,613.032904148784,613.282039911308,611.14859437751,613.610933758978,618.255327868852,617.321843387036,611.441618015013,606.062469733656,614.242345838724,606.69797979798,608.911235955056,615.336222627737,613.006773101113,618.878923766816,620.553745928339,620.237265050395,620.735884399251,622.773182957393,623.217739451802,628.153150437142,625.122595463681,624.888637007651,625.3126192423,627.166301969365,631.706974529874,630.979935794542,629.669340138534,631.787629350894,625.960823110408,631.586538461538,661.89082278481,630.544401544402,636.141158613711
236.854375417502,231.448154657293,233.039918116684,235.603754940711,233.764356435644,250.766694146744,234.584905660377,239.073795180723,233.586990595611,234.373066424022,234.67371090448,234.868292682927,234.91922739245,233.495689655172,234.335140018067,239.138068635275,238.161330049261,229.161687170475,232.319602272727,225.751582278481,221.324940047962,231.403026134801,226.597982708934,222.483435582822,312.007181227029,247.386623164763,259.726812816189,260.774461028192,250.841758241758,263.48950209958,254.235739231665,249.097334410339,252.845840605003,256.695969125214,255.573782771536,248.607059916396,244.386422018349
522.923913043478,521.812998405104,524.227168949772,516.619858611825,534.293175752955,526.455052264808,524.734700628515,516.684892669097,523.682926829268,524.938965059708,525.613012048193,523.56721820062,527.254237288136,525.178865309658,527.680753330271,522.188494492044,525.611356466877,532.198638877074,529.649876135425,517.181924425399,521.497877758913,518.27325357005,519.748015043878,524.081658291457,522.488431876607,525.733679766158,527.886757654002,524.271049596309,523.291237113402,525.491732283465,526.314912637139,529.997827031725,526.405158069884,522.68343079922,530.348490945674,536.357793764988,542.019088430074
277.608274647887,239.095384615385,267.231630510847,269.80621761658,277.105421686747,317.058122205663,259.434782608696,273.498346196251,262.656989247312,261.26875,257.977836879433,263.438927507448,261.949484536082,259.040330920372,259.312026002167,265.996710526316,247.085130533485,239.167381974249,238.028846153846,248.119155354449,253.757985257985,255.310192023634,253.022666666667,253.089494163424,400.658014220852,270.143691588785,260.83279535184,252.935572309801,264.131907308378,269.239812959252,278.567680381634,314.646118721461,294.419624217119,301.39563230066,291.521004942339,293.677966101695,300.51785070321
148.26936416185,143.835294117647,143.858338314405,144.150954653938,146.877830750894,148.244810744811,150.342042755344,148.865437788018,147.460021905805,147.941408450704,144.366806975346,141.238833746898,144.020163487738,142.2225950783,142.653289473684,144.721079691517,141.774675324675,142.351397604107,145.878575598365,150.028403001072,146.375702247191,140.639623750735,141.123149792777,140.394997091332,138.951679434296,141.431780821918,142.383333333333,140.813246471227,148.166946778711,141.482200647249,136.344461305008,130.218359587181,137.84012539185,125.671650373778,124.190258751903,116.137301119623,122.155504587156
689.684640522876,694.480380499405,697.828902095715,687.946886446886,686.568067226891,686.865168539326,685.488881513442,687.100377595972,692.087663372649,687.034634974533,684.771307742355,690.93253968254,680.925167785235,693.165959252971,691.802793755136,679.346168085894,680.866374589266,691.89717595945,685.466876971609,688.083415354331,686.109045848823,693.928332044341,689.255571635311,693.178117048346,690.247306679435,689.264998841788,689.69466840052,692.63902193093,699.308306310801,699.258477430945,702.202224052718,703.716594307767,706.577538703752,706.722222222222,718.535734543392,706.211396692568,707.50345316097
269.487736510161,256.169107856192,253.718640093787,257.15,255.473736372646,284.815815815816,244.972292191436,264.765010351967,267.014376996805,263.162581699346,266.75020746888,266.444094488189,267.451433121019,266.819920318725,267.029318541997,265.688983050847,268.777120315582,254.92380952381,257.417040358744,246.277087033748,238.36170212766,241.397574123989,237.357452966715,245.040601503759,271.262489120975,241.573795180723,231.178418803419,231.919708029197,234.001813236627,242.934557063049,251.361409796894,272.450795015041,260.384565075213,279.488352745424,300.663069544364,269.049704142012,299.136253576932
640.238258877434,641.021912350598,643.471183013145,640.340574632095,640.476413395751,641.799070847851,634.949343339587,635.603047895501,637.654188948307,642.945305378305,634.947349823322,647.672923322684,630.108545034642,646.676258992806,647.822881355932,635.667399267399,636.46207195492,653.910171730515,635.241166380789,638.398793727382,634.300978179082,642.20202263424,643.769498793889,643.316724092234,645.534957627119,635.792857142857,636.563809523809,639.339451913133,643.402872260015,679.128940308518,672.366774193548,668.828079675111,639.152692402262,639.112408424908,629.719044975014,634.108030040439,626.800138312586
903.993315508021,896.324083955888,904.213035381751,900.277039848197,901.070175438596,893.258518117902,897.008923259964,895.541804180418,893.633736205991,894.048712206047,907.755585195065,888.549768518518,890.408888888889,895.802800466744,918.385460251046,919.735304470257,891.71582278481,918.476327575176,917.931022992336,935.012903225806,921.721728470733,928.096403596404,952.307722308892,925.998811881188,929.978084415584,930.690603514133,925.845797280593,924.835683830764,971.593065693431,926.545823469733,969.043819188192,975.930985245121,985.395937140667,975.055954985933,984.957115749526,1007.46724214254,951.133882999607
862.869201838696,863.980392156863,872.09710467706,862.722895512611,868.389004149378,869.105617977528,870.136720796228,866.480130902291,860.762896355892,863.072029442692,868.907829534192,865.148387096774,861.144444444444,860.001091703057,866.926953125,866.508026030369,860.881456953642,872.286739864865,873.274179236912,879.395612431444,877.127697049758,875.954201362604,878.83076396026,865.769369369369,878.070153590702,876.665977676726,873.74334251607,872.323529411765,915.33969825554,875.46452779033,891.11993337035,923.813738441215,923.042347079989,876.044264819092,918.330557001562,917.988270676692,922.080737704918
973.224587912088,971.239679605668,977.358383148306,976.213251849469,979.148257725181,924.675807434491,928.487654320988,930.454377311961,930.298256939961,931.88115561392,970.504074979625,928.027289266222,927.867288378766,934.913985148515,976.655795931547,975.982078853047,927.064092664093,969.844290657439,972.522277227723,979.047884552312,982.439687267312,975.123387940049,976.193848644274,980.91074829932,983.344635908838,982.473042535898,987.426946631671,983.599072642967,976.8073676132,979.631860399662,1005.75401069519,965.568342151675,1007.68691037736,936.712195121951,967.471837488458,940.498054474708,915.323861262014
72.5793714746172,68.9868680236376,72.2281275551921,70.4790462427746,69.4350758853288,73.8215444516548,62.4045801526718,80.0741469816273,62.4833242208857,77.6944274341702,81.858189081225,82.4952210274791,81.2695743562796,75.9815914489311,74.9824304538799,59.6627491057741,69.5721649484536,73.3306038894575,85.1478072550081,96.712187958884,74.976,93.795853988283,71.5320399764844,66.8257372654156,64.7437161163135,68.8592771084337,80.6939730836747,70.6151315789474,77.2777408637874,70.8131054131054,68.1369863013699,73.0325,75.657466383581,66.8959044368601,74.913672922252,75.2450657894737,77.5937992643195
516.86096807415,525.670820353063,525.735152487961,522.120885697187,522.45598313126,521.771704180064,522.361152141802,522.62706855792,523.872589129164,519.964412811388,519.341854934602,519.689700130378,522.360479041916,516.389570552147,518.084210526316,519.050505050505,522.049693669163,518.760699216395,519.584534101825,521.557900741586,523.076413959085,513.444134078212,512.419278252612,465.728493577267,504.737944162437,507.36858974359,510.207763805358,512.719209039548,511.781932977173,502.454101032048,511.390431187242,510.297247706422,513.75058411215,517.932878270762,514.167200854701,513.439784301977,509.354176388241
927.807426283218,924.310871518419,928.847957133289,924.106035345115,929.606903485255,920.946760744067,920.830210107893,918.189280540802,918.351502801834,920.176412289395,943.635862068965,922.895936570862,915.897450110865,916.051612903226,924.103567888999,964.391922639363,924.715212689257,963.024754787482,959.713107241063,928.968166383701,956.819125919515,925.237229437229,920.552198724404,928.186254295533,935.523427866831,931.658934169279,947.589387239419,941.064897605999,958.041626946298,937.055062166963,932.397947004058,920.7631947688,958.882312456986,922.580506822612,957.492994460736,969.8,968.324771287825
199.263243950294,209.151699029126,200.364032358432,204.201884253028,198.40071237756,200.291991905175,201.627198124267,201.56548431105,200.723251313243,200.354884379424,195.572402508863,192.942255801403,192.180343820954,190.157644824311,191.135927969794,185.877626699629,191.915201973481,194.563413906297,183.451420029895,198.213225722468,200.948307530832,194.868489583333,192.975601604278,180.914870093975,184.637196336121,181.690427098675,185.461202185792,182.057039149598,183.047578102608,182.080724876442,179.737098740349,181.651102941176,179.772673384707,177.700114351058,180.920677361854,173.566004672897,171.453914491949
982.562913907285,962.062185929648,952.232617586912,953.960241570206,995.692964157026,986.16062528319,981.997237932395,990.965287385235,993.960708166762,987.275515743757,1000.52534883721,982.979348917252,982.427952642218,986.957117852975,1003.86513944223,1002.3994396638,980.068328970933,1004.70728339662,1020.48463382738,1031.91514264813,1030.16285965298,1030.37254500818,1031.21660210293,1032.88579577867,1035.02633761925,1033.8566180443,1035.54733917504,1034.77142598297,1046.12254516889,1033.0779753762,1068.15545914678,1031.2928022362,1065.70535912831,1028.9478288035,1050.63380800393,1065.06139400506,1036.22068965517
209.313092979127,227.863204913456,223.221290322581,221.022556390977,224.240875912409,239.67701863354,232.725787631272,226.695725534308,222.78488372093,222.758758758759,228.498552821997,244.644444444444,231.530472636816,231.319480519481,217.607382550336,206.169009584665,223.51023890785,224.518806744488,203.724776500639,222.39356295878,237.194805194805,233.354609929078,227.879286694101,209.248951950984,208.801672085462,220.040560471976,219.542317173377,219.655621301775,212.805511811024,217.495858641634,203.809944237918,221.369056068133,223.75613618369,215.287122612446,212.794508794509,214.596249310535,208.555883801083
400.683462132921,407.54366044877,403.930512016719,403.031681559708,399.442156597128,402.908561928512,406.358063667456,406.419742729307,406.974669603524,406.934848904907,406.263480705341,408.089166888475,410.986640136441,409.663141604333,410.451871657754,408.936081242533,406.817923635216,405.361564521096,399.718217934166,398.616200828157,398.999729144095,403.293631100083,403.636473795819,405.954038997214,406.52531842187,410.58432036097,408.992485388255,411.822463768116,411.234874504624,405.490286975717,408.3771264067,410.307828655835,413.980263157895,408.227896760022,406.448207733559,406.016526824307,405.750065634025
132.879725085911,142.392741061755,138.801510248112,150.250585480094,144.373929008568,148.6905582357,140.012941176471,143.89458272328,143.810416666667,147.092879256966,148.693888588426,138.718844984802,138.236887360275,141.961448598131,141.562913907285,139.978676470588,139.148296593186,145.010625255415,147.400722021661,151.96342737722,143.116222760291,144.680225281602,144.952316991269,149.093643862203,148.691084611016,149.353964194373,136.174476190476,145.132808657157,142.171757636455,143.883798882682,137.161279791055,143.13304981774,139.668489405332,134.726275370269,133.84965034965,142.821381434228,137.216906641895
901.073640167364,895.296116504854,896.150262264733,897.559022193631,892.987772461457,895.719562243502,891.194683908046,896.368474923234,900.276364869447,898.761102106969,896.845739626227,902.705984088551,900.880621693122,899.2,892.545896853714,896.315372424723,896.371342835709,902.127936393206,899.938825165103,888.813021702838,889.559724828017,892.563453325198,891.847718686428,898.482769326296,906.910826125857,904.285024154589,906.953119730185,911.567261399037,915.398289712361,918.852860411899,924.282719377059,926.493635437882,929.103800340329,945.667619436505,935.329058795064,933.341955386806,933.245950660354
124.147342995169,130.030339321357,125.147158608991,127.235680751174,129.64765694076,128.984429065744,126.988235294118,126.962447257384,124.738711091626,123.087719298246,125.585247883918,124.809671419715,126.894387447194,125.84246218049,128.302158273381,126.92867756315,126.551841085271,124.907056798623,126.742489270386,133.489952718676,122.420473773266,126.300836820084,126.006300630063,127.031721268851,125.106674612634,130.207761476574,127.6352,123.586270871985,131.496207332491,126.78093492209,113.578761061947,125.223197781885,124.914503816794,124.674131627057,131.267530936948,133.359844810863,132.913562559694
669.929515418502,658.676563202879,671.005279034691,661.207188160677,660.702965235174,670.326558265583,669.571101791841,671.036363636364,666.249783549784,670.926916932907,667.866239120476,664.131967603621,662.691742325984,657.701492537313,661.724645583424,664.282933160286,668.537618335825,665.320451584889,668.057667103539,667.598702502317,669.644253695756,661.784347826087,647.25831842576,659.647551546392,659.054570895522,654.814694759589,656.774834437086,654.242006269592,650.929560260586,647.18979703785,657.73288590604,643.088880892407,650.289410637278,649.194329896907,662.253717026379,664.193713163065,660.959506172839
610.53538774128,615.955577738957,612.163534293385,608.625966850829,610.504516835478,610.696594427245,610.208158368326,608.6357771261,607.749916749917,610.045882710422,612.797721674877,612.153661143773,605.549658832449,609,610.78015681544,614.665332952272,611.750924369748,614.590545454545,612.345118302964,614.077927731824,614.379126730564,614.041734417344,606.098226466576,615.739615277391,614.610298255487,613.562898089172,611.188343994314,616.314253959433,616.309219380888,600.470930232558,607.737649063032,608.253086419753,610.793664569321,613.444670050761,610.790697674419,609.406172984392,609.836596893991
480.828620394173,478.224917309813,480.420756234916,478.368468468468,478.988972721997,480.198331788693,481.16215445996,482.165787738958,483.016826225703,485.967930029155,482.063336306869,481.261890951276,480.975037147103,478.002833663927,478.557055609129,479.42728152209,477.543352601156,474.186998854525,473.346583850932,478.393219500124,474.006299212598,471.244096812279,473.066434672572,473.952200063311,478.037784828382,478.627377611475,481.227317392728,484.040544821033,478.0087890625,477.545401116662,481.20566538802,480.098578772301,507.329951014696,499.935047361299,483.462175278333,480.41482300885,476.366481427318
1082.24858956276,1082.26566811194,1067.16998011928,1080.83213552361,1077.98427260813,1075.16135662898,1079.43692178301,1077.928,1077.5101533361,1073.78993881713,1073.6484295846,1078.32161503655,1083.34892703863,1076.25662778367,1085.60401267159,1087.13416536661,1087.04545454545,1086.63314447592,1076.69178082192,1082.21552769915,1079.89731621937,1073.22942643392,1067.7801541905,1072.17285748968,1073.09930264993,1070.41343809266,1072.0018686599,1067.14748743719,1063.95490245756,1060.64028985507,1066.27171435807,1071.40143369176,1079.43502824859,1082.73029439696,1079.0568122041,1078.83358471594,1072.67964285714
527.473143390939,529.618008948546,537.326245443499,511.039757994814,570.107797187899,539.22974537037,570.876534296029,536.662876634451,545.934367541766,514.929951690821,536.889301175015,535.300325732899,543.663833805477,531.607594936709,556.209059233449,528.384540117417,525.504017531045,531.457721872816,534.108783239323,542.347517730496,541.448395490026,542.949854651163,544.548600883652,540.363584147042,542.814316087881,538.05018686599,529.357874762808,529.9796812749,436.28156996587,421.721633888048,432.978195693649,416.824795842613,418.493135639758,403.376455906822,436.449568434032,468.860153256705,465.392108069677
981.053496011262,979.672551492224,980.609181636727,970.339154055103,971.18203403245,969.91573403555,972.628186453023,977.455618892508,974.464211257818,977.992865636147,975.666225749559,976.383052313013,975.937947494033,974.57056936648,975.729875518672,977.233427079148,977.794018330921,974.939453125,973.099657664511,975.882641677822,976.8625,976.949137148047,976.167122217884,977.385347288297,976.718595227375,977.938433680398,978.243131868132,975.633979015335,975.640017667845,974.509527754764,976.717897271268,976.25308379413,978.13512195122,977.101957214383,977.171929824561,976.823294951284,976.356263269639
483.242676311031,465.057905337362,471.403608247423,463.511444356748,481.477893118032,464.652173913043,472.836791923724,466.736102236422,499.303571428571,481.302433371958,489.507580751483,501.144200626959,507.61970613656,470.890575079872,473.088013896931,499.331967213115,473.850702143385,467.995803357314,470.322892938497,450.868559411146,477.00217155266,475.00248015873,485.468670076726,469.442936951317,512.408203125,515.410823529412,515.144220183486,527.093280632411,487.873060648801,474.725470763132,537.122908251587,537.839053254438,481.118226600985,464.061855670103,532.679909194098,536.656762295082,533.865451997197
394.007580978635,392.474807350326,392.007949125596,397.133540372671,398.664792691497,398.281081081081,402.694102397926,397.380038387716,403.800110741971,409.196054991034,419.024056603774,417.313702623907,448.279057989364,418.283418553689,421.511265164645,448.161978361669,426.740088105727,423.770531400966,428.087873462214,424.990006246096,436.595839524517,432.205432937182,447.582194616977,441.827363896848,450.548674758484,446.191662154846,434.122786304604,428.097644539615,423.416342412451,439.418604651163,526.081355932203,502.254485049834,489.059356136821,495.609361702128,523.025406504065,517.563636363636,514.860465116279
567.791549295775,564.536639857015,566.73313925279,498.261739130435,527.048600105652,506.350082372323,506.160163075131,504.880597014925,509.485436893204,467.21875,472.795982423101,473.108211330363,503.193216855087,488.117068811439,503.162939297125,499.880810488677,490.715071507151,500.902862098873,503.960526315789,506.696183206107,514.388781431335,511.547920433996,518.985904463587,512.430602572783,531.902119071645,535.664862426703,531.572130415364,532.735455543359,457.633260711692,469.151162790698,535.906873614191,534.774647887324,520.522093813732,514.965384615385,548.995640802092,548.600179694519,545.633443163097
486.043592436975,500.649823143002,505.227678571429,480.980830670927,530.822754491018,496.938368055556,536.927868852459,491.98639014906,524.06572769953,506.903896103896,514.621052631579,510.186097031137,524.11811023622,512.52,525.007531380753,522.792828685259,513.875584658559,505.619696969697,508.567301378858,486.737748344371,515.778726708074,517.292837078652,520.552631578947,485.021114864865,499.032114183765,463.663207955037,461.03504880213,476.997236296637,426.042512077295,434.956912028725,487.232323232323,469.889988358556,456.251207729469,462.194719471947,502.166370106762,508.157096424702,503.374705420267
612.047326906223,607.598275862069,606.763663967611,583.04,618.644530091906,598.804486291886,628.523483552006,594.111373165618,598.309192200557,591.648799231508,597.057903402854,590.702061211743,600.033728350046,604.04794359577,601.332510795805,618.357482185273,612.170580296896,610.321462338481,623.556953179595,623.583316703253,618.195616693868,620.29392651837,612.485308521058,613.407418668288,617.524708926261,614.971442639094,605.668407310705,614.931991294886,569.026286793641,566.252110241025,538.547191440581,541.81664791901,536.948520345253,531.337419135172,533.782660332542,534.593721144968,534.788270011066
650.114082969432,641.936206168145,647.145790554415,664.57440690151,666.85246876859,666.846634281749,699.962798937112,647.479603507434,654.357774968394,647.295967190704,637.798870853917,650.817585807945,665.022571543732,639.297936893204,653.967182662539,662.312672176309,658.825301204819,648.567945823928,682.475061324612,679.980594299576,668.309113300493,644.728900255755,632.80579131303,662.785287528006,666.668435013263,658.416228838295,659.183914843288,675.13924963925,679.147849462366,672.905179282869,663.448631673396,659.782378270951,669.827245380318,667.485728848114,723.876015391193,667.393905817175,666.574815764178
917.871360866622,923.384423897582,920.675811437403,918.841569767442,917.183114035088,918.581976524044,912.711491442543,916.310767246937,916.831876966096,920.010614934114,922.821027560395,922.763429752066,919.662128269438,920.636025307034,922.54817987152,926.219291907515,930.472785829308,924.694244604317,922.836341756919,922.953785644051,924.404484814079,926.713600958658,925.042045072317,925.527037037037,922.038728897716,924.529532765207,921.469551282051,923.493163172288,920.916261292564,928.499117127722,921.841459256734,920.386619301362,920.097833446175,920.266689143628,921.755284310807,920.00224,919.049754299754
717.106741573034,708.198638366039,701.792618629174,708.638004246284,712.548703573931,707.342073170732,725.024013722127,704.880709534368,702.334229390681,672.852838933951,663.350291909925,696.127436823105,708.610396039604,696.531506849315,692.850125313283,697.560747663551,690.861912846633,687.296732026144,706.703919933278,706.75,709.91209439528,699.732686369652,699.199872081868,710.836923076923,701.530492898914,708.710963455149,690.037533512064,662.577832110839,663.251661129568,654.294292068199,614.119068934646,610.240025948751,626.361683848797,626.299264421216,636.521249258747,644.42180896027,616.020384163073
1082.88384955752,1054.04335260116,1053.19655667145,1081.48192771084,1057.52,1081.74695863747,1082.72598584429,1070.60797799175,1059.94754846066,1063.470657277,1066.59649122807,1066.84084084084,1057.93026499303,1062.82496194825,1058.18154311649,1058.72155688623,1041.10785824345,1049.35747303544,1045.60430686406,1056.59895833333,1061.87338129496,1057.25820895522,1058.48214285714,1060.20773638968,1054.51728907331,1067.94809160305,1059.94225352113,1056.09253731343,1051.49917627677,1054.15720524017,1041.82245430809,1042.45322580645,1040.91492537313,1050.25276461295,1047.70598006645,1050.04223227753,1051.14064697609
1052.16720779221,1058.62374821173,1057.63055555556,1054.60845732185,1054.34278350515,1056.35503560529,1056.93761638734,1054.55239786856,1063.54838709677,1050.42054054054,1046.7699594046,1048.37181409295,1053.89814814815,1045.98648648649,1052.3826458037,1055.15396825397,1057.55056179775,1067.96324655436,1056.65721997301,1063.32209737828,1053.09090909091,1050.59810126582,1043.79770444763,1052.07252440725,1054.30884353741,1050.20789074355,1050.85343709468,1048.08702064897,1062.8932038835,1071.32840236686,1062.14945652174,1056.36215334421,1058.35483870968,1069.0741301059,1052.48245614035,1067.69925925926,1070.29247910864
426.144127281235,423.386612021858,424.633130081301,425.309805779252,418.893377483444,424.426843100189,424.747350572276,429.331423113658,449.219543417965,425.17398794143,420.098094170404,420.001515151515,425.254992319508,422.186004784689,423.014678030303,424.002880460874,422.145114942529,431.167651067697,425.101754385965,423.135442011354,418.334288443171,421.599360681939,418.531673219747,422.40648184303,421.450236966825,419.174672489083,423.297326589595,419.366317792579,394.564467766117,405.664257028112,409.114049586777,411.044421126268,418.014084507042,416.216070742022,414.258392226148,418.665239726027,406.350072254335
354.409263477601,356.95818815331,358.841772151899,358.360763660303,354.050449205252,358.957399103139,356.984485190409,354.76678200692,353.584517045455,356.470941883768,360.346424384525,354.522845953003,353.578419071518,358.374749498998,357.361948955916,356.52209492635,356.524857375713,355.966966966967,358.449221183801,355.688693098385,358.637070641607,357.426820966644,359.785443037975,353.845470692718,355.654861111111,356.406088082902,355.168009919405,356.876288659794,358.107079119572,360.476310802274,356.088037634409,357.789682539683,358.317207593386,359.389508928571,357.452279635258,356.744101633394,354.839416058394
538.031594975257,539.758821389596,539.226758286176,539.028178694158,539.436761017556,537.396459585838,536.37278308322,537.969489201234,538.790697674419,545.872303409882,543.097121054457,549.986261448793,558.840307429547,558.555403556772,546.789726027397,547.380165289256,548.829511034184,546.621022956101,549.298006295908,549.331911262799,545.50233826968,543.140250447227,547.340266493338,551.931129476584,587.50809810273,576.744644870349,567.018518518518,571.096224116931,535.295867130166,563.957390146471,579.233311302049,586.791341991342,581.555459272097,584.029605263158,579.900297619048,585.961073825503,584.927835051546
990.310924369748,985.837799717913,989.970007315289,994.53918128655,992.201105736006,995.313138189244,996.064713896458,990.315028901734,1000.37624926514,1002.6209896683,992.25845410628,997.840494408476,998.422222222222,994.342427616927,994.680747922438,995.864811133201,991.847042828008,995.865197666883,990.621822033898,992.017621145375,994.04335047759,989.53006012024,987.453503184713,989.020578778135,991.923481308411,988.996300863132,997.598662207358,1002.00111234705,997.06940874036,990.136703044227,992.534696073158,994.614583333333,993.236861051116,990.27221438646,997.355068772287,998.931738623104,996.939411764706
960.956359102244,962.165600568586,961.711631108052,960.930884184309,965.438461538462,963.5173089484,962.660539215686,964.807212205271,964.896305897602,962.941952506596,956.614920874152,963.564447159438,962.558873239437,961.373484848485,961.636597938144,956.533292231813,957.270694864048,958.184850197852,956.165021929825,949.759083286752,959.956117707796,951.968325791855,955.827626918536,958.859125607217,958.966370558376,957.614590058102,960.62091503268,970.559297912713,956.059987236758,954.092028135991,954.730276466622,960.222853087296,961.199708454811,956.640876853643,958.37619350732,959.221397649969,959.848070346849
588.241277847835,595.231097324544,582.477192982456,591.498539841469,591.354940711462,589.323914823915,587.360995850622,588.461126005362,590.722454672245,599.035466775377,597.798664122137,605.029157175399,607.383715260848,602.051123843103,586.354166666667,585.383838383838,596.151453340133,592.014366341714,599.948845631507,594.177946048273,589.649769585253,592.225970425139,592.063202247191,580.294573643411,573.394342194956,586.097941802697,575.758279569892,580.601769911504,579.011809523809,573.385583524027,573.245577523413,576.293385214008,576.183098591549,580.41265060241,574.83850493653,582.52146263911,584.088776157261
484.196195652174,488.973871733967,482.743272105938,487.434575389948,487.708350305499,484.277443260769,486.249560632689,488.961354961832,487.94997684113,484.306148590948,486.345166809239,492.236589271417,486.253693693694,487.380971180418,485.707479964381,496.397989107667,487.148317170565,491.41966935142,489.270880361174,489.590774907749,488.474860335196,488.338345864662,486.974542561655,473.51724137931,492.437631394534,503.567783094099,489.612392880686,487.066184448463,488.99338209683,490.185512367491,488.783260233918,490.74846356453,496.292302475415,484.855300282144,485.722904244125,487.935278713057,484.999312714777
695.909146715777,695.826822157434,689.622784810127,694.911854103343,693.626650660264,697.393842887474,702.978947368421,693.168733153639,688.595848595849,710.431083844581,713.40927882407,683.222711698483,677.447455386649,674.287009063444,686.918379685611,689.406754032258,680.634003893576,681.660863958736,679.851090342679,679.013561320755,701.872936965599,701.740624386413,701.779508011736,700.813448041657,698.876816308827,697.757357611687,696.914934751087,699.138628011433,705.248687664042,686.717592592593,693.138015607581,705.340827980014,709.508153701968,705.395829383886,707.417997662641,708.651039766509,707.042372881356
698.000708717222,707.648351648352,716.629496402878,712.547667342799,712.679196370706,708.271009771987,708.317859952793,708.948885976409,707.234909090909,696.672530864197,697.746981339188,711.89029535865,710.985411140584,710.919371196755,697.859498680739,686.381443298969,703.022130013831,709.726829268293,708.187314172448,709.72420734776,769.853301886792,770.060462801692,769.711520947177,765.410449463837,767.527364323334,772.774320771253,766.080586080586,762.83226567768,767.105652087078,765.452270433905,749.565687789799,789.645596590909,787.692508535851,756.82423580786,737.317256374778,742.605145195868,754.15971659919
575.307481394438,578.577553154409,579.059855521156,578.677777777778,579.081337737407,579.732016399553,579.269706007669,575.338682432432,576.884259259259,573.456453774006,572.67868504772,570.801815431165,572.345093008339,564.568217459488,583.512446351931,586.709211069806,576.150091519219,585.730192719486,585.090517241379,584.550356859635,581.454725187821,579.092515983452,571.363675769397,507.338323353293,540.686713286713,572.924676784711,597.694826457105,584.556613756614,583.980680386392,592.630580357143,595.790076335878,580.559377559378,581.473404255319,573.39105748758,579.736915561759,574.130627306273,561.364073777065
122.041103603604,120.461923290717,118.159396876683,119.07973048849,118.710908113917,120.255074053758,119.902869757174,123.944176060118,120.665420560748,121.952031326481,121.942693409742,121.408176508761,117.39,119.554604932058,119.819141914191,120.069580218516,124.750263991552,124.351769911504,126.785610111813,130.738648947951,132.579811039284,129.0986565911,127.518444666002,126.898406374502,123.610705596107,121.930735930736,123.265396544085,121.679766536965,124.59011745646,125.151697464547,128.218463025616,122.984566258648,123.969346049046,128.093117408907,124.165501165501,131.510080645161,132.869962609057
662.68898488121,667.062111801242,674.005215742058,675.315789473684,675.022011005503,670.705208333333,670.334039174166,670.644456886898,674.419447092469,682.443575418994,695.145597638957,686.723187791437,703.325100516944,703.65252293578,712.418367346939,720.526737967914,716.322097378277,717.302465023318,713.964935064935,716.570722668314,740.144056261343,739.544984731031,738.754319526627,740.61993896236,735.492365515621,738.478832116788,741.636612021858,703.200300075019,718.932594004505,735.830775363763,750.290502793296,732.8653794583,731.341257263603,780.255478451424,785.273705179283,787.449790794979,786.126700204956
34.0454212454212,33.2427930813581,33.4379994081089,31.2011472275335,27.3575788402848,31.7501012555691,32.9812932086214,27.4137146571336,22.938855160451,36.3728856996412,37.6359375,33.2627222562845,32.6191335740072,32.8485263879369,32.805831676607,31.1280417149479,25.0734542073454,26.4401340996169,22.9539126260202,25.5373936408419,20.3207381370826,17.73938336242,19.5178986517899,18.9359086918349,20.420399113082,18.4976025572722,17.2454277286136,20.2475129327497,22.3606557377049,18.0052882072977,17.1096361848574,21.869625520111,24.8651109846329,22.6481829573935,19.2802547770701,21.7698591549296,24.4849876368774
76.3507209499576,76.9849225753871,81.7111762243617,71.2953801382321,67.5061235356763,70.209552238806,65.6969500324465,76.1933911159263,74.0854601701469,84.3057099545225,76.2252165543792,79.1973684210526,88.6653333333333,90.7542272906016,83.4847068819032,79.7695605573419,72.9436334144363,77.4550098231827,90.1462626262626,87.3293172690763,93.5798786653185,88.0725456125109,80.3829311885612,82.8938848920863,72.4565009560229,61.3510445049955,61.2916295636687,65.8578886310905,68.7826993225638,68.1157387110916,64.5754716981132,78.2346723044397,72.5132093933464,68.4164319248826,78.9583952451709,86.0525,76.9131693198263
813.065136145222,790.56767904012,819.661149425287,816.552033492823,814.49370409234,815.846501128668,817.505174963036,816.895180722892,816.197659297789,816.382102272727,815.462443438914,815.518150174043,820.518174787316,814.440288418206,814.316797642436,815.936955407483,814.892129884425,811.467781603542,817.019516003123,809.259461568474,814.782904148784,811.972191323693,811.669181890389,812.815590039697,819.301766253288,817.083490566038,814.092332396628,809.210481825866,807.122892635315,812.270110076207,832.709937156324,857.758799769186,864.313455657492,861.069278547539,860.773072313224,855.771380659586,860.653166738475
860.181043129388,862.120089786756,865.193678160919,864.049413218036,866.222888786341,868.258488964346,868.087039693926,868.329809725159,863.757356737222,859.790115924344,860.429814155793,863.169409875552,865.674846625767,862.103412616339,861.770491803279,867.082993197279,859.98941332157,860.070098576123,862.349593495935,867.469142259414,868.765609990394,875.866019417476,862.708617482951,865.657075471698,873.543095866315,870.277626811594,864.082578582845,882.791487532244,873.534831460674,877.263178599528,889.814269952188,891.683281412253,898.838017751479,901.831067961165,898.205840114887,892.016570327553,895.834849545136
999.405538461538,1001.01924353019,998.996202531646,994.818808777429,993.811904761905,995.655960469426,996.833762886598,995.406044678055,1001.07069616838,996.294267515924,993.68173374613,993.717202970297,995.952149791956,999.352404138771,997.65827564506,995.15856394914,1003.30791788856,996.941721854305,1002.29225352113,999.851183063512,1000.36383561644,1004.43240023824,1004.0838747785,1001.35423006695,999.588089330025,1001.94254937163,1002.96413721414,1003.26570289133,1003.76516052319,1005.72505668934,1005.47678864009,1005.43104514533,1007.72914946325,1007.21918767507,1008.83837772397,1006.34592680047,1013.18669527897
1083.03342366757,1083.41596244131,1083.27420901246,1083.5395480226,1083.41149212234,1083.42697674419,1083.50186915888,1083.32350230415,1083.34814814815,1083.50093984962,1083.42390289449,1083.39182915506,1083.27297794118,1083.32350230415,1083.57183364839,1083.71799807507,1083.03539019964,1083.33394833948,1083.23,1083.38248847926,1083.32377428307,1083.40093023256,1083.22949308756,1083.29568411387,1083.14711191336,1083.27996340348,1081.60753138075,1082.77975133215,1083.11678832117,1082.96406109614,1083.07826887661,1083.40616246499,1083.39019792648,1083.40112464855,1083.29395348837,1083.13611111111,1083.25447690858
1031.15351149782,1033.64625,1031.15869311552,1028.84938409854,1026.82871972318,1027.52911709455,1025.65373480023,1028.37134328358,1030.72712146423,1027.8671679198,1026.80166270784,1022.97896634615,1013.79177377892,1023.59789750329,1028.12119205298,1023.78467908903,1042.55527318933,1024.61144219309,1033.456796918,1031.76463414634,1034.84630477436,1022.01366867141,1029.4,1028.73294346979,1030.00872093023,1032.34154244977,1038.40543601359,1039.46875,1037,1037.8518725545,1031.83611111111,1031.67579340386,1031.88412794206,1036.4369055168,1031.77859327217,1030.82672460619,1028.86179295624
374.048603929679,375.161704312115,375.724683544304,366.252569750367,377.366017461383,383.7466367713,371.728990228013,365.689497716895,376.223323170732,367.808841843088,372.841142857143,367.949039264829,369.545816733068,361.249287749288,371.724646983312,370.356786703601,377.373031496063,370.033783783784,370.230485556238,370.104302477184,367.678655199375,368.485199485199,368.303046218487,367.211136890951,368.183114660582,369.998714652956,367.882159624413,366.303099361896,366.314780168382,364.798245614035,371.657485875706,367.044063647491,366.275740833752,363.846765641569,364.382423949783,370.622388059702,371.611390284757
627.384030418251,626.164615384615,623.397738446411,624.983906770255,618.602212855638,622.30505952381,625.727676369018,621.803857008467,625.039297272307,626.415130023641,620.833333333333,610.974299065421,624.160965794769,624.373385518591,626.214524207012,627.568067226891,627.37061769616,638.410666666667,626.7685,640.033532934132,644.866855524079,645.080477673936,641.169879518072,622.873186458893,621.476332835077,625.263018534863,640.669507575758,622.236803157375,620.240459429418,615.159382064808,619.977591036415,613.322265625,615.238542241855,639.494332372719,616.23579109063,640.432129514321,642.04206331636
79.435824301198,87.3643935450286,101.524719101124,87.6642929806714,86.8121720881427,98.0175695461201,117.974238875878,107.88202247191,116.943693693694,118.350086655113,109.78892733564,97.8092031425365,112.529080675422,120.378068739771,113.171898355755,100.357933579336,103.017272727273,116.862457722661,101.039739884393,100.654195011338,110.465977605512,121.979785969084,104.5477582846,94.2688888888889,109.562549800797,103.165737051793,102.527177959792,124.322645290581,122.681885125184,121.749414519906,121.806726907631,114.953824948312,112.956979806848,109.700571428571,118.986704653371,116.591549295775,108.981404958678
792.908858405022,800.996487435828,799.194471865745,798.565820863153,798.680212014134,797.37218668562,795.253650396329,796.344310035842,798.915492957746,795.534232365145,789.486883198001,785.811677895412,789.521972132905,793.300702028081,793.868480725624,795.46324054247,794.036680911681,796.789337919174,791.16933560477,790.27110817942,792.92802303263,795.190742814483,795.669504888048,795.90730441231,797.460399449036,790.121356147022,792.686882933709,794.746171391333,795.135732323232,791.723882896764,793.192002643754,792.776425591099,795.970900511207,793.467136150235,794.484901076015,795.074702273547,798.395324494068
617.907829534192,616.391237901172,616.263787721124,617.341866666667,613.62726406101,614.674464907914,615.859597447226,613.238591269841,615.808328884143,616.11861784425,615.573711340206,620.574740207834,615.575024679171,615.505583756345,617.168784029038,615.876404494382,616.07000569152,615.664902998236,616.096098953378,614.899853264857,619.008752025932,610.826467559217,614.420393559928,629.203245089667,618.922520661157,613.03886152162,612.843820224719,626.175089534421,642.575996495839,638.000379506641,640.6704595186,644.930648769575,627.436540429887,628.226735947095,645.350040420372,630.927480916031,627.538985939497
105.801116184678,114.167324777887,126.618369987063,115.710654936461,119.458009880028,114.049425287356,113.397537379068,112.110212335693,128.699362041467,109.602167182663,122.821164021164,116.134343434343,112.091703056769,135.2578125,118.538670284939,120.740540540541,128.010638297872,125.756013745704,130.147551546392,131.219164118247,127.125338142471,126.224787363305,123.562009419152,121.513495720869,130.346924177396,132.058103975535,123.30547112462,118.842780748663,85.6011173184358,84.6548723897912,91.9774774774775,84.0931490384615,83.4234303215926,93.2089947089947,93.2445328031809,94.7477678571429,98.0370009737098
94.2887608069164,88.5255157437568,104.517153748412,110.018907563025,88.3830921553694,83.3022113022113,88.5965703971119,80.8079800498753,96.2763295099061,98.8224101479915,89.7220812182741,84.4389978213508,86.5050403225806,120.864116094987,94.0836879432624,87.4663323782235,86.1687363038714,96.396694214876,90.0391330523781,109.315384615385,95.2959866220736,96.1577380952381,87.5901495162709,86.4617414248021,84.7947947947948,81.966881324747,84.7442497261774,96.3134171907757,100.584389593062,85.2942546583851,83.2902527075812,86.1375332741792,96.4835720303286,122.031082529475,119.04415274463,121.33295194508,129.083930399181
166.911486822476,165.092146596859,170.208117036338,165.778608127043,165.758686339838,171.82974137931,168.908524904215,174.397192028986,173.351922035734,176.179422199696,168.813595326606,178.10447761194,183.579443892751,182.291703835861,185.154320987654,183.851209493382,184.775321336761,193.051601423488,185.772402187631,189.968775677896,189.862278042443,191.601179673321,186.174609695974,195.033978494624,192.405734144222,198.91484281735,192.405265875065,193.260199833472,195.731609195402,200.03887587822,194.518496420048,200.087699944843,198.675209205021,203.03078358209,202.247150259067,203.203929273084,203.40978216194
1084.12324929972,1079,1081.57208872458,1082.05414746544,1084.65863453815,1078.07731958763,1081.07760711399,1071.87711124054,1068.64091350826,1079.38317757009,1082.07109004739,1081.29783950617,1075.60161090458,1080.73502871206,1084.15717092338,1083.67755803955,1083.21129326047,1081.8085782367,1079.69287833828,1079.4494047619,1083.50275735294,1077.06629392971,1077.8390052356,1073.3353960396,1082.05339805825,1077.56473489519,1071.40959409594,1074.93032786885,1083.41535776614,1066.98355263158,1075.40588235294,1074.88,1081.36440677966,1083.83956043956,1084.90117252931,1088.5072815534,1085.97307001795
14.4402684563758,18.2953020134228,26.3560872624912,26.484492622704,23.4899062725306,30.5696150696151,28.5675566343042,25.8467234357645,25.0114096429886,33.4928335170893,28.5333152026108,31.6543408360129,26.1440984793628,26.6962987442168,21.9970588235294,22.4489795918367,24.5396018636171,26.1297637795276,31.0302457466919,25.5298685782557,27.7429207763283,23.5052264808362,30.8885827976737,29.9313334895711,43.0081415929204,38.4944482997918,32.5823293172691,81.5467372134039,82.8637037037037,40.9015522875817,49.3185951709,88.2367906066536,39.375,89.011544011544,98.330754352031,95.1852387843705,91.0075642965204
997.070802005013,1007.76187419769,1003.25662718556,1002.76394366197,1016.23142509135,1009.8129657228,991.360683760684,1005.34784464362,1014.41690721649,1019.67335243553,1014.89312617702,1018.47325631151,1018.90205627706,1020.96289954338,1020.76393629124,1014.33368756642,1020.79331941545,1014.79540709812,1018.31787109375,1017.23995493804,1016.75825884182,1017.99526584122,1013.81130268199,1013.85428253615,1015.11716091395,1024.46922226318,1019.48368087035,1012.15625,1021.17755681818,1013.75386100386,1017.65506958251,1022.10483091787,1014.88856057408,1016.98344693281,1016.20559741658,1011.96871945259,1021.23319327731
1070.56661856662,1045.46195652174,1077.8031968032,1076.72751677852,1078.71321160043,1072.55218554862,1067.75241976566,1069.09173387097,1071.1943231441,1072.38584353379,1071.75140091696,1073.30577136515,1072.32428571429,1079.00913937548,1078.38506876228,1075.05892070485,1074.55133531157,1067.05102996255,1068.92060197198,1067.65156973752,1067.98738011106,1073.7997338656,1081.01589825119,1083.96629213483,1077.18205804749,1078.62064676617,1080.63057324841,1078.5316872428,1074.62436548223,1086.61616161616,1090.15615615616,1088.52988047809,1071.65250637213,1077.99539170507,1089.66312997347,1092.43085106383,1090.1568627451
478.372823984526,494.323423885187,496.42963479879,487.683499005964,489.115002161695,496.787901418969,495.483910287665,492.731400718317,489.799809342231,496.32417707151,500.166622864652,497.019853258524,495.915299877601,490.771984924623,471.46875,491.413403416557,497.725988023952,493.985479186834,500.956989247312,490.901803607214,501.396902226525,502.25204248366,545.632988218493,497.417195896434,504.943671021632,496.447828034035,507.997205030944,529.982527427875,504.627247451344,519.862520704713,501.474040632054,508.402255639098,502.313791178113,503.951013898382,496.965113805573,496.626549308425,506.643413316383
556.165489714461,556.766476624857,561.574171029668,556.011111111111,569.156459544032,557.997649429147,557.938711911357,558.194066749073,551.899061032864,563.728675136116,563.792874396135,557.984841307437,555.577565632458,562.26453143535,569.245856353591,557.77822201317,561.611138613861,557.564571428571,565.38175087108,535.720287451631,556.462778204144,568.777720870679,584.623502994012,552.801415487094,579.050577367206,553.303460837887,578.798872180451,574.577777777778,579.777192242833,626.740214966538,638.120765027322,646.918386202649,580.375598086124,581.467995400537,647.901670951157,574.361429225836,572.70812567714
42.7397918334668,47.254800590842,81.2204724409449,77.9854063018242,81.5139607032058,82.5654562099481,77.4896499811818,82.2608695652174,81.6560040619447,81.1306532663317,83.9130874178878,85.5678524374177,79.4046082949309,84.6423140495868,81.8463308616722,71.8566941499804,67.8934266822248,88.5409007352941,69.0491803278689,75.5090775269872,74.3373860182371,78.902667627974,72.1789498469508,64.5683799218515,72.783273381295,72.4449339207048,72.5451263537906,92.4149184149184,98.6116700201207,83.9704834605598,89.9107573564882,108.287968441815,94.3352044907779,115.756345177665,121.408037094281,124.197784810127,114.981595092025
36.2537715517241,32.8957894736842,41.0787183544304,49.9819078947368,37.448087431694,31.5026923076923,33.6882845188285,31.3469387755102,27.8478615736206,30.6225710014948,71.5820759030636,41.1259157509158,33.1696726786907,50.0539599651871,28.7993311036789,27.3129962390305,22.5048596112311,59.2466414054426,25.8553311413809,27.1554642166344,34.2967581047382,40.4758430289884,24.1949055523755,22.3456279809221,25.0157752981916,22.6951071572988,20.3657468243539,72.776493256262,77.3498023715415,22.1436811746198,28.5842541436464,89.5174311926606,65.7669230769231,105.314629258517,92.287619047619,102.581573896353,95.8095238095238
281.10768175583,286.451984247198,280.923124612523,289.592964824121,287.209133367929,288.967326732673,291.31446991404,290.423341946598,284.577957860616,292.275307473983,289.218213814342,290.606152294503,295.050182481752,293.708057609965,293.468983957219,288.17458432304,293.919341563786,289.354733405876,292.672990063234,293.215525712414,292.670334148329,281.056742110296,290.835068721366,288.088308902395,297.294036697248,298.960755813953,301.083174904943,302.156351791531,298.253205128205,299.440513354145,294.902832774901,299.484805318139,295.829644879053,294.435647756139,292.154266626177,293.371561051005,293.396959459459
584.896118097321,583.050046125461,580.248677248677,585.474592994573,541.235482579095,583.529852985298,583.899494815209,586.197937625755,580.789390160961,581.657397408207,563.583719949388,575.823376623377,578.745256166983,591.20799469232,551.689387090942,583.710191876402,578.782075925036,579.579182330827,578.023332599604,572.114057028514,580.864578535237,586.808261233603,587.782690854119,584.921742209632,584.249595338297,591.325289256198,579.605758880517,583.338221814849,576.055062166963,579.546242774567,564.946013289037,576.996351389279,559.43880729862,569.879697215464,570.688935833113,571.771824575921,589.896967482645
882.519016968988,885.770446096654,886.881087662338,878.501269035533,864.281637049004,881.931339977852,887.146234194612,904.836612021858,905.256462240243,902.449093444909,885.797554347826,872.925538461539,871.405513561583,875.478971962617,879.712052117264,880.821581196581,895.13033286451,885.586416009703,877.745646437995,882.687170474517,881.172821969697,888.591650099404,886.525541795666,879.135888501742,884.745925616381,882.622577354641,876.887072243346,875.115652577798,880.334408106863,878.671629445823,870.698863636364,874.384263494968,878.114009661836,878.350917431193,882.980562659847,885.972166998012,884.639602603631
504.657804785416,519.614574557708,519.049958881579,505.184510250569,505.287326388889,527.50298013245,524.575390970788,518.648138957816,520.361685524776,526.57867284845,520.956712328767,526.008949599623,521.016430948419,528.652979651163,506.849865951743,524.498533109807,519.67941898527,520.587150939953,514.716123499142,501.051094890511,501.532778355879,503.6,496.3067195636,503.298363811357,517.242765273312,506.489054494644,510.777206912658,490.17297817715,516.133869070953,519.999473868818,593.48957084632,581.682443236329,508.172972972973,519.784984025559,585.701062735687,509.624540937568,506.779280174985
230.096682126293,237.125077591558,236.767345733688,242.127481463765,235.242378810595,231.606654082114,225.981321342096,241.207527975585,226.06772536198,244.610916913149,243.929942418426,236.831897926635,228.50320855615,234.192124404314,237.961202466598,245.599186483104,248.337368845843,232.685269653877,234.578375286041,231.65175,231.342249506687,226.114018087855,241.433467741935,237.73512605042,245.415141242938,247.455989964457,252.504215456674,256.80213385063,246.172952853598,248.630868709587,243.660201706749,245.879734382686,253.25,247.540624255421,239.974505017629,242.997429305913,243.250988142292
860.202554744526,862.259369422963,865.345860246624,865.051190476191,865.227904040404,869.838032393521,868.283492822967,866.566147859922,867.959731543624,866.779810725552,863.389440433213,864.875776397516,867.835624284078,864.566332218506,868.312865497076,866.976958525346,866.585863613738,869.939073514602,868.039024390244,861.001373626374,865.492601726264,857.834862385321,863.277416124186,856.989287377736,854.556201550388,854.038391224863,852.524258760108,858.586861313869,854.594753505201,849.501773948302,853.652114597544,847.315463917526,847.501237623762,846.776693766938,847.327282434597,844.07127240927,844.935255437532
587.386802030457,589.826446280992,584.247332686712,583.642070933551,578.724901750625,642.488524590164,628.873786407767,650.963855421687,638.613861386139,630.885106382979,620.475961538462,625.144927536232,646.757142857143,627.777202072539,629.398104265403,623.054,633.41394335512,630.901988636364,627.624584717608,633.605851979346,620.335008375209,630.019607843137,632.573412698413,633.320166320166,637.600340136054,641.690376569038,633.961616161616,630.710144927536,634.82752293578,633.172248803828,628.140522875817,630.623949579832,631.808950086059,633.010917030568,629.162257495591,619.897151898734,576.4474393531
279.125506072874,282.234957020057,286.088346883469,290.031539888683,294.220338983051,294.866245694604,292.586146682189,285.531207289294,282.855235204856,288.961882072662,280.740200166806,285.186778593914,283.950243065485,289.599667774086,288.661579296616,287.24293059126,287.414919852035,283.842454394693,289.398015435502,287.716357045763,287.665596919127,286.60439087387,261.020423048869,259.512088869527,265.094581280788,270.875114784206,263.239842983317,250.70223325062,266.372371693421,257.353587962963,257.355071014203,256.076094759512,264.586570477248,267.859568609454,259.21906947632,267.230456026059,254.870045484081
644.202255639098,617.253401360544,609.888888888889,638.518658734451,587.680921052632,664.182212581345,652.645569620253,654.589887640449,655.536105032823,652.138248847926,660.246418338109,650.663390663391,649.768181818182,639.912536443149,615.638755980861,612.329896907216,616.821882951654,611.923520923521,615.919083969466,615.719613259669,618.319672131148,615.008438818565,615.342696629213,620.310580204778,619.423423423423,621.904365904366,615.30612244898,616.769881556684,615.949704142012,611.272727272727,614.353582554517,617.325626204239,614.34668989547,616.036876355748,621.607843137255,623.594896331738,582.494236311239
599.536989795918,605.768551236749,598.71568627451,592.353754030401,601.112062812277,655.168122270742,651.127845884413,657.081632653061,642.441364605544,648.829357798165,652.344537815126,657.660273972603,658.160583941606,643.272972972973,642.700980392157,642.448598130841,648.224669603524,648.381355932203,650.167548500882,648.850267379679,640.068226120858,644.356502242152,642.600682593857,644.830860534125,647.767277856135,644.726708074534,642.709401709402,642.400390625,644.943760984183,645.328333333333,649.987421383648,640.931906614786,637.959933222037,641.229862475442,645.615226337449,644.588079470199,597.494535519126
521.767895878525,581.644927536232,571.535514764565,529.463184620965,530.720612178444,631.775555555556,627.477434679335,647.074829931973,625.095918367347,624.547202797203,636.26404494382,636.735294117647,646.385496183206,639.3046875,629.220843672457,631.158898305085,629.971153846154,633.08507223114,640.885668276973,635.130781499202,640.902255639098,633.080745341615,622.417279411765,624.565406976744,625.447227191413,616.08112324493,618.86023054755,634.051282051282,630.626623376623,626.763803680982,636.816205533597,627.743970315399,618.775119617225,622.087982832618,636.931111111111,643.207741935484,623.128691983122
252.904411764706,255.635227272727,262.181777777778,263.250660792952,266.258527827648,263.677518697756,265.435381355932,255.514786418401,259.818520241973,265.007579135087,265.724462365591,259.302543507363,256.077828646174,259.37773512476,261.000937207123,268.60770156438,265.956183057449,265.724865535788,284.488319517709,270.665763135947,271.34607881389,279.338595106551,307.805442964679,308.504896626768,314.134307903152,316.573110004527,316.294820717131,304.02,312.677722772277,316.687869150386,312.154910096819,311.160201511335,309.020603737422,310.077734591893,306.705704407952,312.332873880083,272.218850652653
360.78375,369.029085140138,364.936965330932,355.782034346103,382.285262047133,381.050132928219,370.3841191067,370.928393524284,365.966386554622,364.124291115312,362.614240170032,366.928661882651,362.100215517241,362.475819672131,357.175352877307,356.877104377104,361.094700260643,336.777640975129,359.574587574588,356.90550918197,356.915940931465,364.30784237222,359.342738205365,358.496273712737,367.37041241014,369.611111111111,365.495986480777,364.037942664418,367.235180162728,362.555511182109,361.843016961386,358.414593698176,354.675675675676,354.05822906641,355.005818786367,353.208150744961,358.759404712691
690.835077438259,683.775208140611,682.124825986079,680.722831505484,690.490870488323,686.505543237251,686.518232518232,682.746243739566,687.514381591563,685.652816251154,685.50881953867,680.904109589041,687.699511762095,687.463611859838,679.203084832905,709.896242101763,678.658453114305,686.213337988827,692.320574162679,688.055202312139,685.407817589577,684.05539545309,682.876761835923,684.488982161595,683.808131241084,685.77078344167,681.659590598939,684.779553779554,684.049508092669,683.435119431892,684.612311334714,685.316479400749,684.6328736489,685.681629573746,680.359805510535,693.38856618771,680.750910036401
493.186206896552,494.198935462409,496.511410788382,494.62786259542,497.609087630725,497.135539795114,499.669185558354,504.001291572489,496.466549295775,497.626899696049,499.737106017192,499.518343195266,500.067209055536,494.018785642402,502.848026868178,497.847296739579,500.402417962003,501.350313768918,498.384650735294,495.777024846725,488.875821515047,494.510483870968,493.844484629295,490.403412377097,503.836573074154,499.79265578635,494.654836087781,503.248205515678,495.297462255059,506.490825688073,499.572622107969,507.070450097847,506.167274384686,507.07874015748,500.001254705144,507.266941220517,517.954625395709
905.829580348004,911.276452282158,922.402489626556,919.473072452538,911.879588336192,902.547950992818,905.698013245033,899.59169550173,903.561781609195,906.935916542474,915.987018800358,906.118351701006,910.465336134454,906.299630086313,906.448325358852,910.198581560284,915.665151515151,919.937876680575,924.504888541259,920.220533603512,917.799370220423,922.148633257403,927.180516898608,915.417068134893,921.026949775419,910.734687192925,916.113987284287,916.214528944381,916.006787330317,914.558262711864,917.050949050949,909.573678861789,924.039496527778,956.556671762394,922.556396970905,921.98648018648,924.761038961039
449.517635370094,450.198942498348,446.368320610687,445.862908392056,439.102533883324,437.150556531927,436.75535366645,438.545845272206,436.840247678019,442.081761006289,438.163554410818,438.152941176471,444.242660275614,439.030070754717,434.190082644628,426.153787299158,425.299513551077,422.189173457509,426.630480167015,433.319649446494,437.129502963976,438.915069911963,443.017597087379,443.375886524823,449.653182308522,440.712261580381,443.17017208413,435.562536023055,433.956812652068,436.704109589041,439.345274861025,440.022680412371,445.625407166124,441.312686122692,461.692441355343,450.418100224383,438.720477386935
850.682174887892,850.189616252822,853.179671457906,857.688172043011,862.443925233645,862.391423859263,867.186610437533,861.151711924439,871.489182058048,869.463844797178,869.658638743456,865.367844698855,875.295844875346,867.735675675676,861.807071483474,861.557388809182,864.418130709768,871.940803382664,864.81524616199,865.049896049896,872.174160206718,880.233086419753,876.661637931034,878.914392723382,871.950174389636,873.540134645262,880.068673565381,871.416982152515,869.698573400828,871.472148541114,869.201909307876,869.497854077253,876.471544715447,881.278800631247,871.695777906304,878.866511627907,874.600286532951
994.665374677003,1013.56712962963,984.689502217841,986.737886479003,992.239710789766,994.891038039974,987.674372523118,983.851239669421,985.406512605042,986.276558891455,988.174008810573,983.77508650519,983.4,979.328313253012,983.397260273973,984.18661971831,1006.01874414246,974.215053763441,971.161812297735,986.925925925926,993.019337016575,982.710317460317,1011.52807160293,944.709333333333,961.818897637795,964.531561461794,955.456097560976,952.463730569948,945.995348837209,942.218181818182,925.326693227092,933.382899628253,933.902173913043,947.033783783784,941.206896551724,936.977346278317,942.05750798722
1018.03195739015,1019.76194398682,1060.90300678952,1039.24861196792,1051.48512747875,1049.7111747851,1046.8862170088,1046.05522208884,1059.1712926249,1050.01121794872,1048.30238095238,1014.38157894737,1004.5988372093,996.037931034483,998.808429118774,998.647058823529,1041.23189585028,988.788590604027,990.627009646302,1004.69945355191,1011.03680981595,997.746031746032,1075.43139841689,970.777923784494,980.383720930233,979.217105263158,973.234332425068,970.772727272727,946.922462941847,951.851612903226,944.370607028754,951.651340996169,950.385714285714,961.064406779661,953.829875518672,951.65,958.327464788732
859.610979929162,865.073537305421,874.517498565691,864.441245593419,863.553880513679,860.759862778731,856.610216546363,855.118374558304,842.268488745981,843.542137718397,840.183082271147,843.594315245478,842.216514642343,834.975735673722,835.45288326301,838.540760869565,840.288781163435,833.623960066556,834.923308270677,827.722027094832,835.518953550454,836.472483221477,836.25641025641,839.545604395604,826.240360540811,833.377148634985,834.885416666667,829.898024804777,826.107861060329,827.437234944869,825.54898336414,836.844181459566,841.819006940737,839.647690655209,835.837962962963,835.284845853235,827.094850948509
1048.1037555697,1046.92296296296,1038.06180008295,1039.44751640112,1015.67367750159,1023.02001250782,1009.15206812652,1012.06412103746,1023.95106382979,1000.36469150886,994.342090234152,981.993650793651,980.115079365079,973.876543209877,974.940397350993,973.638783269962,1007.63021316033,984.888198757764,985.243801652893,980.967336683417,981.761394101877,977.244604316547,982.067929457871,940.334455667789,957.472148541114,952.392086330935,938.683333333333,942.888888888889,910.811,933.825670498084,930.120521172638,925.356617647059,921.086956521739,929.592307692308,930.902356902357,926.29304029304,929.225694444444
989.270255573681,985.044554455446,990.059782608696,991.096052096052,988.621420996819,991.313601446001,987.504604051565,996.651319828115,995.836529680365,1002.41608168475,1014.07636603028,998.825949367089,995.093495934959,997.204081632653,999.608024691358,1000.85987261146,1069.94745762712,1001.29285714286,1002.50967741935,1007.34584450402,1004.05555555556,1009.52397260274,1081.00711382114,972.837037037037,973.482352941176,965.62457337884,956.82044198895,945.67018469657,921.97721822542,929.278884462151,932.653979238754,939.450819672131,928.788321167883,930.292857142857,925.716,934.63661971831,935.760797342193
370.311217183771,371.194545454545,378.351192967769,381.808300395257,378.563246806757,379.332677165354,380.12976085031,382.598757212605,392.707221350078,381.083239171375,369.898510242086,364.496644295302,390.554142919772,379.160607704829,361.17661097852,373.640769779045,362.06007751938,343.75881792183,340.81221719457,346.691236950332,354.85602575897,353.094105993066,361.951076320939,364.364317180617,367.720408163265,376.135220125786,376.793279022403,364.241416309013,381.015720858896,384.713852376138,379.541438788389,376.857342657343,379.012978585334,378.384174311927,384.449720670391,382.64489571899,389.711946902655
1024.22311827957,1006.22163588391,1019.12726488352,1028.47970687711,1030.01624365482,1030.00612052731,1025.91296296296,1029.29202373105,1026.6646090535,1034.43311726576,1029.65357142857,1010.416,1009.33333333333,1000.97966101695,995.735915492958,994.266666666667,1041.88536812675,999.799283154122,990.273722627737,1002.69426751592,998.828877005348,1003.53559322034,1065.76034858388,988.598130841121,987.603603603604,979.659574468085,978.703406813627,970.985200845666,961.616038882138,958.881002087683,953.586206896552,940.798122065728,936.412844036697,944.097777777778,950.721088435374,955.901639344262,944.782786885246
78.8233082706767,79.9686323713927,80.0678391959799,79.9900249376559,79.8974683544304,79.910780669145,79.9159347553325,79.8670012547051,79.7672955974843,79.6741293532338,79.6966292134831,79.6767295597484,79.5714285714286,79.3605527638191,79.593984962406,79.640251572327,79.54625,79.7588383838384,79.7401774397972,79.8,79.6544303797468,79.6486825595985,79.6113924050633,79.6590909090909,79.6077694235589,79.5381679389313,79.3776662484316,79.390977443609,79.2428035043805,79.3786163522013,79.1967621419676,79.4489281210593,79.6509554140127,79.6942675159236,79.486040609137,79.6089171974522,79.6192893401015
1000.73919172932,1003.68757467145,1005.39305711086,1005.60818020154,1009.73053892216,1005.94496942746,1008.63385639563,1003.98964013086,992.534618755478,993.400099403579,997.261271676301,995.462540716612,991.860927152318,984.003333333333,979.67037037037,979.482993197279,986.805078929307,971.68016194332,971.516891891892,986.037837837838,983.067934782609,988.25386996904,1042.88631090487,961.201315789474,958.388888888889,951.270833333333,953.626666666667,963.777777777778,942.655462184874,950.331818181818,952.947712418301,955.124528301887,946.250922509225,950.153846153846,939.377358490566,953.053380782918,955.856707317073
254.162240184758,254.983654407472,256.684734513274,256.023928770173,255.116329874386,257.187808896211,255.15208913649,252.753998896856,253.455874086565,254.563437139562,255.331696672122,255.44721906924,254.870967741935,253.371606334842,254.30459057072,253.69290826285,253.813131313131,253.790294627383,253.101674641148,254.469688694702,253.079413561393,254.803144654088,255.95652173913,257.623326959847,256.702782711664,254.995710200191,255.158013544018,257.471869328494,256.621782178218,255.133052378085,255.067859346083,259.871438263229,262.023500526131,254.355487804878,261.790029712777,265.927027027027,255.115566037736
360.57542662116,361.081659973226,354.53507565337,364.592363840539,355.312396694215,344.350130890052,336.704897706138,341.853517877739,342.091671659676,360.567394778902,362.852301790281,367.717777777778,362.467339097022,376.051540616246,375.584637964775,375.934942991281,376.412677006069,374.493884682586,374.446596568899,381.949792960663,382.366682623265,383.452320058458,394.821408763172,372.023580365736,358.840401785714,366.274416135881,363.073964497041,369.499173553719,381.170685279188,364.745510518214,358.044103547459,378.606006275213,376.170744138634,375.967541436464,374.341924398625,355.695475343162,352.338277239019
238.041916167665,246.111169375983,244.411954765751,244.809962100704,243.500539956803,247.919445869677,248.325269978402,250.400791687284,248.754920337395,255.668759053597,256.275434243176,258.646632124352,256.801740812379,255.302844394869,260.743113388853,270.950849514563,277.798360655738,262.697525206233,268.052436194896,274.03102189781,259.236763236763,265.077567210225,271.23708068903,294.587403598972,289.513374485597,304.092673763306,298.232664756447,296.938330675173,299.210709621245,292.11010215664,294.527329192547,285.692913385827,291.808936825886,284.760471204188,283.737201365188,289.481434058899,270.372569626905
422.547519878834,415.091650671785,421.904006046863,414.660387513455,415.176229508197,409.805145046524,413.472807991121,411.839816933638,419.216091954023,417.278155339806,414.882924335378,415.422744721689,418.944239442394,415.160409556314,411.8283847981,408.996385542169,410.508093994778,413.868367346939,425.135716891645,414.631979695431,414.134438305709,415.147435897436,418.370751341682,414.352582159624,413.194212849436,408.270199826238,411.793991416309,410.102705410822,409.16763969975,412.763404255319,422.138482023968,411.840425531915,412.223276407337,413.3664160401,412.665158371041,409.575150300601,419.272605790646
686.511851377322,684.518760195759,673.250132485427,671.243266724587,681.58245243129,684.215406562054,702.675461741425,690.232608695652,698.005200208008,694.999491353001,696.536973344798,689.212505465676,688.163661581137,698.875,696.862722573234,689.00543056633,681.489940828402,689.599107711918,691.077494692144,700.314673452078,703.7769286754,705.87898089172,693.637180700095,700.887144992526,701.089608433735,710.797822706065,700.232902033272,699.447712418301,685.757785467128,693.328450954283,704.83642578125,698.806623931624,706.470177324019,709.908373520386,707.150552486188,693.860869565217,687.265096847702
275.091367995962,280.477870813397,279.712292002147,281.35737527115,280.188689505166,282.557405281286,284.336352657005,283.591824985607,284.803418803419,289.118125,283.711041009464,279.050609756098,280.6123521682,280.072680077871,277.631301730625,279.838759689922,283.461538461538,281.473152242577,285.5036900369,278.880588876772,284.839439167797,281.451467268623,277.630316248637,268.285991274842,260.582238899312,274.068730325289,266.222222222222,264.419129500269,266.617009750813,266.397371714643,267.720795892169,265.188006482982,273.118075801749,278.160173160173,262.152823920266,268.12158808933,263.029518384257
517.238922155689,528.419483101392,526.894325871942,520.157713794585,525.182620202911,526.720168460459,530.719188013533,543.369883589936,539.302422723475,534.857265323618,529.790823211876,534.148637820513,534.106468231254,532.222908745247,533.26334519573,529.282065834279,523.19750148721,521.955107650023,522.629772464327,535.130878438332,528.347628083491,536.164372469636,532.789741219963,536.278398510242,535.77,532.330174563591,531.498729028978,532.715525114155,530.961145194274,527.356566397652,526.02365015618,531.526136363636,530.03717472119,528.670694864048,528.984981874676,527.1707200763,522.389732844421
759.222280609564,756.900871459695,779.118415324336,772.283266129032,769.55743084857,765.394406943105,773.728479657388,775.382793620106,764.978713968958,758.723394701392,758.586398631309,752.228667305848,751.643264840183,769.99484156227,761.079282407407,756.750981932443,758.052033492823,763.119002822201,756.270815811606,751.043676662321,757.881898454746,760.457604306864,742.594412655671,742.234870317003,744.16783609318,750.260255241568,749.940992400536,753.408414571575,737.270546737213,738.657434402332,750.712277800744,748.888790429774,746.684909670563,754.168351648352,754.984040127679,758.980381760339,756.356935014549
469.332446808511,458.675455116133,467.609452736318,455.315838800375,454.827272727273,451.158917010006,453.264138817481,451.572894168467,451.541507633588,453.447549019608,453.663805436338,451.352941176471,454.382178217822,452.25383828045,451.237242614145,452.395091434071,454.17834960071,458.63089937667,471.048152295633,462.032456631226,460.634170359429,461.16710319539,461.369576581286,458.451284796574,460.805511393747,460.727736549165,461.526176626124,458.215568862275,457.228927680798,460.03213995118,473.135057471264,458.903539823009,455.029975020816,457.961407972858,461.736906710311,459.960374946741,459.620766488414
802.157389635317,804.440256615878,797.058623619371,796.067539046011,801.577906018137,802.26032660903,828.62071523965,800.430769230769,804.932909379968,802.202066115702,804.246766507829,799.357811038354,837.636097446709,830.864868661329,850.988427299703,848.398473929631,846.844747081712,845.488691437803,858.074911122397,850.574089997134,850.9066979411,859.107700997929,846.992601024474,850.349064748201,837.207387862797,880.387545980032,879.766908887647,858.710724637681,864.412749003984,852.0551247118,875.000383533623,870.392246294185,,,,,
716.089048106448,712.395588925387,715.071884984026,714.074162679426,715.650687971593,711.497931747673,712.60956618465,710.428765880218,712.045655375552,712.611020185488,712.06982421875,715.524597918638,710.939552594003,711.206627680312,710.860564129856,710.586384734399,715.177961432507,707.184065934066,702.532627865961,702.175039246468,706.066525423729,709.722927241963,709.088491048593,706.164689781022,710.706598034628,709.215839860748,715.124416796267,712.493428912784,709.221153846154,,,,,,,,
655.943292424884,655.912717034256,657.264206955047,657.354783354783,653.252398523985,656.885574172456,655.141299193931,655.367641325536,654.123254886318,654.677814938684,652.129056047198,651.872508461828,652.558330227357,653.215345638798,655.414227825304,655.243070362473,653.848009650181,655.370202228642,656.244381020335,655.844815340909,652.292929292929,654.195075028857,650.970414201183,653.658071748879,651.643402777778,651.336821705426,650.770546516479,647.279831387808,649.930975274725,,,,,,,,
912.406921866807,909.867530296699,911.705199628598,914.799687622023,908.389254766031,907.781865284974,914.278103837472,910.373299319728,913.635514018692,909.175682382134,906.869627507163,906.627368421053,906.927095990279,914.242629289512,910.121034077556,919.17193426043,913.847944526994,909.185340802988,902.741960784314,909.876404494382,913.436500888099,907.907770800628,900.801801801802,911.313755795981,911.977809254013,910.351152525748,908.488282616299,,,,,,,,,,
1076.60248999555,1078.23068552775,1082.70820089002,1078.84207492795,1079.532654284,1075.20310765816,1078.81418253447,1074.9018311292,1036.19270154534,1073.42779426311,1070.23536254362,1026.86112142592,1024,1020.46042113472,1023.94124874344,1029.74843319128,1008.22621448213,1025.61313254139,1024.38253799245,1022.98881907226,1027.68817777778,1028.26933114607,1007.56601499732,1023.97255007153,1025.59485556637,1025.74954366414,,,,,,,,,,,
770.924025653675,757.362222222222,774.372529644269,769.848991637973,773.821860220704,772.2251995439,776.513833992095,778.087,775.690851735016,772.143327067669,769.251336898396,765.211731843575,777.355608591885,788.017832003754,787.352807714124,781.767281105991,786.341699942955,784.050051072523,783.966035904901,768.319839679359,,,,,,,,,,,,,,,,,
776.251612903226,781.196208530806,778.286213786214,774.3704443335,775.599096838936,775.57210031348,776.0044345898,775.869391824526,777.666201117318,773.743410435718,775.06606741573,777.890313390313,774.175262054507,776.066701406983,775.926270136307,771.590065828845,770.757726269316,771.038946791004,759.402044989775,772.07026348808,,,,,,,,,,,,,,,,,
762.683116883117,739.82126348228,760.477380952381,760.508316699934,758.251485148515,757.969655172414,757.970918704561,754.494409937888,757.897099447514,754.311224489796,739.275235531629,755.950466618808,756.17175066313,755.969008264463,756.097151205259,755.958762886598,754.631935047361,755.641873278237,756.286116983791,756.394270122783,,,,,,,,,,,,,,,,,
726.009664582149,718.116242038217,720.419625246548,723.108407079646,722.578246392897,724.059164733179,723.421921037124,720.649241146712,723.180406212664,720.905862457723,689.293450881612,722.503452243959,722.750966316952,722.134166214014,724.652146857498,724.629338572364,723.589387239419,723.082125603865,725.456575682382,722.385904101675,,,,,,,,,,,,,,,,,
613.89557805008,617.385751978892,613.776119402985,618.415234556433,623.602670349908,624.340245051838,623.800252312868,620.119382660009,623.036363636364,623.603985692386,617.399810964083,622.461382113821,626.185109845403,626.718222602008,625.412877856967,623.711064499213,623.337627721013,630.463596914175,631.089439655172,,,,,,,,,,,,,,,,,,
1056.28634604754,1041.95608332228,1041.68231892041,1040.95050195204,1067.77522704339,1065.86490939044,1054.68305378832,1067.47448840382,1067.69842861919,1062.18545620855,1064.43931229151,1055.48674928503,1056.30634987384,1055.45013634593,1067.30578271028,1068.56838106371,1056.34691035683,1068.45948227349,1087,,,,,,,,,,,,,,,,,,
25.3841642228739,26.2099173553719,24.9008297115765,26.4109961894393,27.2913491707754,27.1341152473228,22.8512585812357,24.2368552829244,24.9130434782609,22.6422056384743,27.4722069345074,27.9622988505747,27.9675732217573,29.6021840873635,24.3859857482185,25.1555839727195,25.3657112526539,21.9816061013908,21.8711747285291,,,,,,,,,,,,,,,,,,
251.046945986875,241.402830188679,236.198237885463,235.415397631134,250.69019248396,246.987878787879,251.065814393939,302.511617038323,320.303825426274,300.735358526588,295.495789645244,303.781038374718,298.46090595047,294.008328407931,288.527065527066,306.601994284672,306.944331572531,308.866149753806,,,,,,,,,,,,,,,,,,,
273.427335640138,266.034136546185,265.56007751938,256.476547842401,274.186243386243,268.373217922607,280.217452169855,403.709579540529,407.829218677762,402.135386539514,397.985869973694,323.645061728395,409.537598289946,399.510025437678,315.724563206578,403.378797327394,405.923749562784,402.165765765766,,,,,,,,,,,,,,,,,,,
301.277369932972,308.799037947622,321.902051877662,323.999559277215,321.146005509642,316.943157894737,315.485316077651,315.853962600178,318.117903930131,318.003455083909,321.761487964989,309.00746482917,319.937314906219,316.708186840784,320.697869955157,312.510215664018,314.87947997189,,,,,,,,,,,,,,,,,,,,
588.256867641812,588.244503411676,569.786453433678,579.828491424571,581.650899958142,585.204711024769,585.858551307847,587.055600485241,586.24687644609,584.74719375305,581.072601761485,583.574514991182,590.226185731367,575.793394237526,574.568774193548,571.879137115839,570.714488636364,,,,,,,,,,,,,,,,,,,,
307.279493269992,363.412502978791,356.073743639785,359.312537365922,362.427955265468,361.060572551911,360.929342571705,313.03593642018,307.754316069057,,,,,,,,,,,,,,,,,,,,,,,,,,,,
348.921495327103,322.859442993908,331.135734072022,326.506824385805,323.60694143167,337.318566775244,322.858285206575,322.895854398382,,,,,,,,,,,,,,,,,,,,,,,,,,,,,
319.071748878924,279.245765765766,290.968541468065,285.203712296984,288.250304754165,305.286555446516,283.284426229508,296.361348528015,,,,,,,,,,,,,,,,,,,,,,,,,,,,,
382.189614101953,374.394677052905,378.202903946389,374.682389937107,374.557844690967,381.32777232581,376.093676814988,376.035328046143,,,,,,,,,,,,,,,,,,,,,,,,,,,,,
306.643507030604,320.737767360094,322.55037593985,322.642201834862,331.123431671753,349.847281612706,323.315356230485,331.589406207827,,,,,,,,,,,,,,,,,,,,,,,,,,,,,
11.7518939393939,11.4256259204713,12.9992695398101,12.8712241653418,12.7067851373183,11.4460352422907,7.44776119402985,,,,,,,,,,,,,,,,,,,,,,,,,,,,,,
29.0146878824969,33.1280991735537,30.8608949416342,29.2745901639344,27.7293577981651,,,,,,,,,,,,,,,,,,,,,,,,,,,,,,,,
12.2058823529412,16.4262910798122,12.1308755760369,11.1543756145526,9.30472103004292,,,,,,,,,,,,,,,,,,,,,,,,,,,,,,,,
19.7276243093923,7.91945606694561,15.470460704607,11.609640831758,,,,,,,,,,,,,,,,,,,,,,,,,,,,,,,,,
5.43589743589744,5.45049504950495,,,,,,,,,,,,,,,,,,,,,,,,,,,,,,,,,,,
8.89637305699482,12.5617715617716,15.6715766503001,13.8280516431925,11.9004651162791,10.2563876651982,11.3120805369128,7.35787321063395,7.10891089108911,9.7444120505345,7.11363636363636,6.876953125,,,,,,,,,,,,,,,,,,,,,,,,,
1085.59280742459,1088.58448275862,1087.70854271357,1087.47368421053,1087.95348837209,1088.76,,,,,,,,,,,,,,,,,,,,,,,,,,,,,,,
309.555434188968,311.917435897436,309.773915461624,310.860289855072,314.037082514735,313.059249676585,290.513698630137,294.933908045977,285.485328638498,275.052581564777,268.84219269103,283.456313880646,307.433205149641,278.868593051256,281.393776411833,275.236143768895,314.55713908683,275.909992652461,362.480027469383,321.689777491132,332.838812886143,336.913960306721,343.189173251563,348.513933649289,330.016284680338,342.735605958932,346.275732788003,339.629793669655,355.932402543544,,,,,,,,
354.237963114085,357.955701394586,354.639318643538,355.997589635432,359.977217496962,357.15363257751,347.667385910023,347.253695971109,348.858903665261,353.758864510762,351.468897874903,359.491751457078,381.475488293882,371.292788268381,364.616766467066,342.77062659484,377.021872499333,372.622154928202,350.000331345262,392.10652444937,423.410643367752,417.463993771896,420.927012522361,420.024,417.105075337034,415.597858197932,419.411502909962,419.70788596816,426.378245614035,,,,,,,,
6.9830866807611,6.21637426900585,6.07592190889371,6.36126629422719,,,,,,,,,,,,,,,,,,,,,,,,,,,,,,,,,
561.180438448567,521.982656600694,549.360636806071,539.448048048048,532.7714242147,524.821484992101,539.344710220289,533.604842393787,542.143486973948,540.860394537178,538.66155243767,530.043193212495,526.872398900667,519.156381140459,534.082509437354,546.142554037926,534.417608102844,520.12415527267,534.588309081786,530.954086781029,,,,,,,,,,,,,,,,,
585.938747731397,587.883669724771,585.453443877551,585.554084597998,590.438442211055,583.779031670914,587.075280112045,583.154598825832,580.450586264657,582.738717339667,584.300133244504,583.969105691057,582.875506893755,583.79836400818,585.292475728155,585.285714285714,585.079520213239,584.185855825077,582.782127031019,569.45652173913,,,,,,,,,,,,,,,,,
7.41327623126338,11.8557993730408,11.3410914927769,12.4987714987715,11.8665710186514,14.7217939733707,11.8425135764158,7.66797642436149,10.0462700661001,10.3120393120393,9.91404958677686,8.30434782608696,6.15461847389558,10.1637781629116,10.9799789251844,12.9273182957393,31.7730024213075,15.5712418300654,,,,,,,,,,,,,,,,,,,
7.29925187032419,23.4122666666667,27.868351565447,31.0965838509317,41.6043133410569,33.9729066557612,29.9128765505021,25.3371212121212,34.020450503853,32.3215268225585,58.9055009823183,44.9897456123053,47.8448822151812,51.3084421914603,,,,,,,,,,,,,,,,,,,,,,,
19.8485613326603,21.0944013077237,18.3939948736726,19.4411404046597,38.9708249496982,39.9511759452218,38.8550660792952,38.3297807551766,47.1670133729569,62.34730824202,47.2363636363636,,,,,,,,,,,,,,,,,,,,,,,,,,
993.934735117422,980.030280649926,995.234749966483,1009.09858363309,968.338741590819,1011.66966411002,1006.91296585584,1023.35609269873,1005.49216171617,1003.09805045872,1010.83228273225,,,,,,,,,,,,,,,,,,,,,,,,,,
1051.52685714286,1051.24434087883,1050.18854258121,1055.89548693587,1034.06272858251,1071.96460176991,1074.53289473684,1052.04914411927,1050.89511997843,1053.41692789969,1080.08871989861,,,,,,,,,,,,,,,,,,,,,,,,,,
5.59764705882353,38.9253156430559,21.7164893617021,17.680834317198,32.0099255583127,28.5665127989929,36.4129983867251,,,,,,,,,,,,,,,,,,,,,,,,,,,,,,
5.78993435448578,23.6240846216436,16.4361851332398,23.1492957746479,18.7579388855602,,,,,,,,,,,,,,,,,,,,,,,,,,,,,,,,
