Var1_1,Var1_2,Var1_3,Var1_4,Var1_5,Var1_6,Var1_7,Var1_8,Var1_9,Var1_10,Var1_11,Var1_12,Var1_13,Var1_14,Var1_15,Var1_16,Var1_17,Var1_18,Var1_19,Var1_20,Var1_21,Var1_22,Var1_23,Var1_24,Var1_25,Var1_26,Var1_27,Var1_28,Var1_29,Var1_30,Var1_31,Var1_32,Var1_33,Var1_34,Var1_35,Var1_36,Var1_37
118.696872493986,121.351324337831,127.688273423689,127.948918269231,131.786845310597,130.055014605648,133.581927710843,131.757097791798,127.497053045187,119.075718966145,117.157991992609,122.912340105342,123.803525365434,125.823749415615,130.218613669413,128.039615384615,127.289947089947,129.231941031941,123.733192537839,130.222437137331,132.221408450704,125.255813953488,133.185296646604,121.888239875389,125.157327586207,127.95624468989,127.164348274086,125.8651973347,122.333015267176,124.13704496788,122.198845983134,130.049601959584,122.080995475113,123.549130610594,127.361528553027,127.816844241502,125.812872975277
291.785497342445,289.348881304513,288.061934081854,285.57833655706,295.821656050955,293.164524421594,308.864530029626,308.20874471086,298.937472479084,298.689411764706,299.504180298073,293.41072768192,295.558221369162,286.43670411985,293.217027746104,300.233137829912,301.189050807404,288.03060829136,291.486906347093,288.019051651143,287.931844888367,281.563658838072,288.975609756098,279.56940874036,278.388418079096,283.326324642557,281.008904719501,284.06509357201,281.654271356784,279.384615384615,284.263713937424,278.645569620253,280.276923076923,283.851254480287,279.17583497053,280.788756388416,279.780045351474
365.420353982301,368.503337259521,369.346451159522,373.493969849246,371.499304589708,369.390476190476,370.547195622435,362.363554488142,371.182019159912,364.420577617329,361.332947530864,368.190395095368,357.0843605547,370.244382022472,370.138073584126,358.487684729064,365.85919214798,375.609420591913,370.975011155734,362.3220657277,374.409681227863,361.985062575696,367.036257833483,372.112930310663,366.937367752857,357.088952071487,374.085914911194,372.672804532578,368.608156737305,368.794561933535,356.046489563567,365.481162051748,356.123991935484,352.873658536585,375.48679245283,369.040692235734,363.12232096184
594.594862813777,597.430546825896,594.289769946158,588.916048237477,601.99498997996,598.077188940092,604.438666666667,598.387392241379,604.259385665529,590.267510167194,577.032653831635,597.058595909342,601.151905252317,600.680817610063,579.84203539823,579.280748663102,583.991371681416,597.878487848785,610.433506862281,605.908266666667,604.732152162585,597.263581488934,596.498610339077,600.631257631258,597.718730553827,590.182226211849,597.923891129032,596.235358511221,601.413333333333,604.793119266055,601.955589586524,608.886257928118,611.493827160494,607.501838986514,602.385193133047,597.720041322314,603.007064868337
966.223148765844,968.895327102804,970.364177489177,971.821046707935,973.195497630332,974.397110754414,973.763174404015,974.682202064435,975.479198767334,979.558055805581,975.937390286717,976.425959780622,978.532888754168,965.983379501385,974.622284295469,977.262789958691,977.60752688172,977.18607635547,975.934760448522,979.725816023739,977.340592334495,978.375535168196,975.2337118948,975.139456820262,976.876698369565,975.003225806452,973.320744237712,977.079360465116,976.063956963539,975.617610454263,973.831130204891,973.669739351557,975.93207007508,978.036828963795,976.043058239028,979.102751077229,981.723004694836
816.455651491366,819.600529100529,817.053539823009,817.11701170117,819.038422131148,818.339178785287,820.43740937651,821.217347453353,819.585754451734,818.479237909135,810.916857012334,814.316202090592,816.574415131906,817.456796628029,817.879909706546,823.753581661891,825.121532364597,816.870516185477,817.015341701534,818.39603960396,819.455539705183,820.466789667897,820.456510550695,822.649851632047,822.72972972973,817.64841233318,817.673602080624,817.175943396226,821.076180802438,821.362592288761,823.297532656023,818.899068322981,825.697124304267,822.452901998097,825.760377358491,822.806691449814,824.771235521236
396.990338164251,398.471786833856,400.724818959842,398.725421348315,397.220388921626,393.771182141045,396.337174044876,392.169029443839,388.533294048321,391.020915771622,391.593350383632,391.727773406766,395.534006376196,389.769740474876,388.380257009346,394.175061425061,390.706134969325,395.109607577808,393.533731343284,389.453658536585,386.351612903226,390.311797752809,390.03652173913,387.885698509111,389.144438587243,391.545504087193,393.730747290359,395.915766738661,393.2470657277,385.113308391235,385.628134556575,395.664031620553,396.790482076638,397.99421221865,395.721810089021,391.049353701528,393.520408163265
486.504158669226,483.583635763774,491.703560830861,499.669808705295,507.235194585448,511.113475177305,499.602288204849,510.527221526909,502.542231491137,510.728759217698,498.30966168851,497.371880492091,502.639092240117,495.50815394651,498.096579476861,495.379647749511,499.180543382997,502.339894019682,505.035103926097,500.396812080537,496.428571428571,505.529936305732,499.208933717579,497.433823529412,495.219273743017,499.350955131053,504.460696517413,502.948932219127,500.898279352227,504.755082284608,502.942202291978,500.106309420916,504.180555555556,502.311972180825,501.187919463087,496.674901185771,498.75052631579
558.625407166124,563.511147811726,561.695161290323,556.782347041123,550.569411764706,556.346336822074,559.472222222222,557.35685963521,557.527089072544,555.947166186359,556.954545454545,557.768903993203,557.127371273713,559.203125,560.110805860806,557.947665056361,558.46192893401,558.632585203658,559.738159070599,558.038200339559,558.594594594595,557.377450980392,550.825662482566,556.136403897254,549.998589562764,556.871591908531,556.299483648881,556.755119453925,548.855753646677,548.100378787879,569.84516765286,566.973451327434,569.474466109564,569.966820276498,548.43605870021,570.304307974335,570.428436911488
146.603739445115,151.226804123711,150.935610302352,151.88045540797,147.437804030577,152.032946918853,158.951467268623,154.962485345838,152.543093270366,149.668348045397,149.353204172876,144.381514940931,145.519972918077,147.058394160584,143.869728915663,146.28181212525,145.357142857143,152.473474044495,147.500286532951,148.890686001115,147.394451145959,144.801610120759,147.162774725275,145.370137299771,146.526382708201,149.771463866584,145.76233495483,139.848351648352,144.121335504886,149.745683930943,148.818181818182,149.763706563707,145.448879551821,143.574036511156,140.73904109589,143.70207253886,139.163234172387
556.586835844568,562.373221757322,566.311740890688,565.686294416244,556.595980595981,560.132819194516,564.482552342971,566.326110509209,564.009786476868,565.649233543733,564.233971690258,564.56015625,564.581939799331,564.863967611336,565.470099667774,564.195266272189,563.93085106383,565.313815187557,564.32084095064,564.186678352322,563.743679163034,566.355339805825,568.676470588235,567.684675834971,568.646781789639,568.509505703422,568.595703125,568.439842209073,566.359375,564.010494752624,557.217550274223,548.671826625387,556.625570776256,557.35288966725,563.756211180124,556.465320456541,555.672823218997
719.700167504188,724.029239766082,725.56664807585,721.778727445394,725.92188365651,719.784673502429,720.869082407949,729.729330254042,729.011450381679,729.49063670412,727.145089285714,728.652201659221,723.885212694126,725.798791540785,720.934265734266,722.460037759597,730.374187093547,731.273842721695,732.981770833333,732.343141907926,730.113796133568,730.174619821709,726.218192993239,722.899719495091,725.2233736327,725.560231457128,724.922636103152,716.92791823561,728.177628171932,727.650472334683,721.993736951983,724.610230873698,727.90237020316,724.74358974359,729.551799824407,728.518950437318,729.984803921569
1050.97654155496,1053.13293502614,1052.78024502297,1052.42636746143,1030.47973802702,1032.91195219124,1032.04227517294,1057.27900146843,1052.27892720307,1053.22337662338,1051.925,1052.7570951586,1054.493380406,1053.90243902439,1054.74292643492,1058.44119743407,1053.45810564663,1055.26300294406,1057.46303818034,1066.81209935897,1055.02325581395,1061.47246376812,1053.96333638863,1058.8675179569,1054.85812200137,1011.08540471638,1030.30752982107,1044.98240469208,1035.48251748252,1032.59971167708,1035.08378623188,1040.08613938919,1046.52491984844,1051.35075781008,1051.89576028052,1054.18454221165,1045.88186498856
954.776847977685,974.41278101582,952.680067710537,970.028872848418,949.702284450995,967.359559613319,965.782033230076,973.230253125953,957.386954118297,967.972463334331,971.468501702611,973.538058659218,973.092289010322,973.230839694657,974.866496598639,953.825242718447,974.464656290532,983.405007019186,981.018838992333,978.289000294898,973.725715972837,973.462573099415,982.054199328108,974.475675675676,970.130285412262,967.154783231817,962.424285044538,971.056752655539,981.608341323106,985.192654348806,1000.32625302776,975.335010060362,981.312803475594,981.686699277894,978.940857885615,1003.50378236834,951.027882797732
840.953409090909,841.125555555556,848.471452798191,844.569899244333,845.331749460043,845.958911419424,849.115856914042,843.909604519774,847.5920964501,838.969606674613,843.170419963481,850.254247954688,848.316200390371,847.522896039604,846.706396938218,852.286202964652,848.912034208919,844.660874144286,844.895104895105,846.206606942889,845.878334417697,848.097857556456,845.172,848.112407862408,849.589032655576,846.840373011519,847.243472981178,848.286458333333,848.083379348426,849.025142857143,849.752080856124,848.359712230216,848.467732386027,849.370428422153,846.969713965227,846.07789580172,845.382510991695
316.939953810624,317.647509578544,319.744216499345,316.815464328418,318.671746293245,323.468568409931,324.94082545997,323.206825232678,323.539719626168,321.925138632163,318.691527143582,319.709033613445,318.905063291139,321.482670744139,326.270745003028,324.207286432161,329.223021582734,324.23455978975,324.843791722296,321.901932712956,316.597875569044,311.34186746988,311.374698213423,310.228112840467,310.378084896348,309.318540433925,309.147812971342,311.797316057381,308.229696063777,308.821483375959,310.605828953655,308.289446185998,308.719443011862,310.646889952153,310.599818511797,309.140474987367,310.794958797867
770.653150952614,772.219114219114,775.128349788434,772.261441647597,770.868927589368,772.317119694802,774.57056694813,776.655834564254,778.052173913043,782.833848054355,772.611559139785,773.738755391251,777.085947302384,768.691847075081,769.379866518354,771.418495297806,774.857336956522,775.499254843517,772.545305676856,773.273397617697,772.593768371546,775.755616065351,773.567175018155,770.015267175572,771.793080054274,772.87023743788,777.021937842779,775.158516020236,774.312185929648,772.585413929041,776.464808362369,772.021586345381,774.969696969697,783.456939111355,782.38612645795,780.656839622642,777.562275017999
403.592567567568,414.177128651336,413.919718309859,411.664215686275,413.081507896077,408.857016769638,409.99006256901,410.712638946068,411.424678663239,407.640134059489,406.934737923947,411.91603343465,408.193330111165,410.213779128673,408.716910386202,412.818092909535,405.991617770327,405.357021996616,405.51655379985,402.952789699571,398.276745146634,399.898595258999,406.812954395241,404.692070484582,409.122077922078,403.984449760766,403.27845254161,399.725635103926,412.196637799287,401.233388704319,396.859482303222,406.182967032967,408.604807154835,402.759085580305,391.351596835628,400.790786948177,405.603641456583
371.551485832757,384.13536742587,378.889406286379,383.954445904512,380.485309548793,369.827145465612,370.898049087476,371.497124600639,378.955918771669,374.851502651738,371.464104013567,374.625817965497,378.112197632527,374.916803953872,373.468930172966,382.063195371607,374.214460784314,380.042020774315,377.925183700735,373.268426842684,375.419904567144,372.414995640802,373.800715990453,372.237689026755,380.97598436191,371.510646687697,367.797027600849,372.195977549111,370.57970505618,368.58690744921,367.682051282051,367.804467228122,366.759060955519,368.988262910798,366.032232070911,369.480400696864,370.879395333552
89.629745733194,94.7784200385356,95.054954954955,100.473138388303,99.9654385964912,97.9181082075819,99.615086290479,97.4972993108586,98.9556879538261,101.998158379374,104.745756388733,109.101979828166,108.710815939279,108.798314606742,109.941497797357,110.578537821209,114.759882331311,116.088772373893,117.114620938628,116.956985360564,116.98768956289,116.740322580645,113.174404015056,110.939485059199,112.135081731633,114.777980646339,122.057714285714,120.494590417311,121.506013119534,119.583879539415,113.970469552458,112.239723535831,111.955657773689,110.262771040059,111.320403413499,110.500183823529,111.432326621924
538.730253353204,541.515911282546,546.98782269849,546.434819175778,543.951926605505,543.408805031446,544.119970738844,541.509451795841,545.106154481619,548.952473704714,548.697869367796,542.887879846315,554.065532626882,544.21743810549,534.761826408885,555.160497237569,541.465965688987,535.08629616845,540.513254371122,545.991973732215,542.508047874536,539.282617111885,540.620931397096,543.368421052632,535.125625347415,543.993614931238,547.917833456153,550.574020618557,543.186652763295,549.707124010554,545.700059630292,547.36498973306,551.136771300448,544.12949286066,539.514792899408,546.454285714286,543.003211991435
946.846188340807,955.993942731278,955.305523590334,948.248648648649,941.288338316959,945.105184072126,949.428571428571,949.190198932557,942.947128185622,951.584083372809,953.998101566208,957.297430289776,959.290562036055,957.527839643653,957.587527352298,952.813541106932,954.681634712412,951.502269913331,956.764275256223,956.450811359026,953.173728813559,956.42910647405,957.018189884649,953.96710208031,956.221460068594,955.61509835194,956.539082198689,953.289314516129,952.611111111111,956.276279581728,954.924963924964,954.307921635434,955.466604390472,955.417450365726,955.873430436966,961.689045936396,961.142928786359
700.73753103137,703.765465303927,705.947954490438,708.136545115784,713.352376380221,708.313186813187,710.132921589689,712.359894711654,717.629653821032,717.145766078967,717.370837297812,708.819480898221,700.979803808425,702.688230497418,704.356511131443,706.340021990104,704.358620689655,699.198725376593,696.670805475963,697.980567550895,695.931002475248,690.168576104746,690.760367097213,688.084567291872,690.460208741031,692.733585424545,693.872985170858,694.283711802635,701.791,697.439285714286,696.20383759733,698.085002862049,696.038781163435,695.858299595142,698.725512857556,698.845726627584,698.315533980582
421.64409293129,428.211234177215,436.762831858407,429.442443502825,433.478632478633,429.800306044376,434.234958506224,437.560020090407,431.425464190981,436.935593220339,433.561690524881,429.248929336188,431.68085106383,432.814339218834,432.980235042735,432.631360946746,434.408899579074,430.755796743957,436.850238663485,435.972883597884,436.280239520958,429.86231884058,429.164928909953,430.798020954598,432.113054341037,429.388035126235,436.261797752809,435.10230316015,433.780346820809,431.693236714976,434.352191641182,432.55,430.939135381115,434.978413654618,440.860080240722,433.963873557451,431.742174160501
833.919737919738,836.541120381406,839.517258142927,837.340432397548,840.848940166354,834.952249770432,834.154578754579,835.275741710297,833.244484629295,832.54702970297,831.461710037175,834.511184451778,834.64495985727,836.821772639692,833.655990510083,830.367507234394,836.123831775701,832.441210264267,832.473404255319,829.10843373494,831.904397705545,836.793033821302,834.724591470705,833.017590618337,837.654944145635,836.833084947839,831.175991501416,831.950237833882,830.374820488272,829.288789903489,829.879554222032,831.963425925926,829.242757609094,833.973799126638,831.216586703221,836.624832663989,845.547956867196
139.557568893922,153.185647425897,135.302300884956,151.332178598922,155.282364597094,158.000420698359,158.429149797571,154.575017946877,164.105769230769,156.563953488372,151.167886022333,161.92364990689,149.7802124834,146.626130339882,153.221314663555,154.216216216216,156.084435401831,152.656224572823,150.489285714286,152.785075787019,150.945393914131,157.035221496006,157.149316109423,152.215010877447,154.521587301587,146.734110169492,155.897731794668,150.734380988885,148.201791975068,157.213400236128,156.905351170569,149.327437106918,168.81774264383,159.297470895223,144.350320875802,161.699304925959,151.242144177449
662.899933730948,665.634879163945,667.493123772102,667.869363395225,668.773941368078,667.384353741497,669.709302325581,670.590316573557,668.986074270557,669.044834307992,669.793424317618,668.750815394651,668.91043814433,669.24840357599,668.223326706428,669.102362204724,668.645888594164,668.748201438849,668.405551794177,668.440846001322,667.863387978142,668.313220338983,668.275016567263,668.072102425876,667.878747501666,668.103940217391,667.077738515901,667.812281926029,667.460028050491,667.717770034843,667.99306999307,667.63694721826,667.89156626506,668.313588850174,667.493553008596,668.301730103806,667.507636363636
1043.08844159805,1040.10367454068,1040.76386861314,1045.35900256692,1048.52571833984,1045.23539288113,1064.55587067499,1069.44575471698,1046.59225671434,1032.94984434452,1039.30329457364,1052.8311076198,1038.11737751146,1037.00275157233,1036.80480803732,1044.22521994135,1042.41833466773,1035.81836248013,1047.72570532915,1039.39584850692,1037.70684410646,1040.45314222712,1045.55092592593,1049.45810705974,1033.22308471144,1039.15075707702,1044.43251957623,1044.59913793103,1051.31529726119,1054.70185185185,1053.39226869455,1040.45570916539,1046.01766004415,1049.08030592734,1041.82478457119,1046.925,1046.11764705882
931.422403733956,927.44679422625,932.270261329805,928.435159500693,930.638207392869,929.557200538358,930.943638204522,929.846360281785,929.398639455782,927.979764532745,928.52380952381,928.216347956505,930.275427833387,925.686788154897,930.831723625557,927.107782369146,928.593507410021,927.95149944465,931.342615438844,926.019925280199,929.708737864078,931.850303679886,930.019268580417,930.377083333333,934.171294626758,931.863304093567,932.138424821002,931.531544092018,932.909740503949,931.952432432432,933.925804093567,939.135657446002,930.572716099959,933.844055374593,925.604141291108,930.845618345618,933.975636363636
996.46012994684,996.171363636364,995.697403760072,996.683227625088,996.617002237136,992.547799021787,1001.17240451856,1007.38678373383,990.711462450593,996.553929539295,1002.38136645963,995.733292645713,986.379894179894,993.509113764928,994.581188582124,994.840095465394,1001.54818181818,986.941091954023,1003.71022222222,979.949359720605,992.054788418708,995.429054054054,990.805416666667,993.598363450392,995.954018227009,994.281171757636,993.531603459747,992.319497334349,992.648155654641,995.438117182357,1004.51621923937,992.72555410691,1001.10721735503,994.117762898779,990.619310344828,994.672888888889,989.735957359574
335.028609625668,338.479683377309,341.395671981777,341.565760470242,344.413000977517,344.964276535595,349.24930043246,348.474457662701,346.14010853478,346.417431192661,343.861761426979,346.737824438612,348.183908045977,349.201324178519,351.315816326531,354.55468959957,354.622922134733,355.473728106756,350.879578246393,355.141166758393,353.63880171184,357.39138576779,353.118678526048,352.592484707253,351.792289988493,351.564763836569,351.089950372208,351.426626323752,346.944285259471,349.456450164621,348.831060136392,347.674418604651,341.390800681431,343,335.79155868197,337.197447951645,335.963250168577
48.0485785260834,54.6111442193087,58.5197611600796,52.6913860103627,63.5553440304596,53.4564602326313,52.4964601769911,52.1450064020487,54.2262727844123,54.5406504065041,56.8297022512709,59.1663027656477,54.2497640767537,51.9254180602007,52.4983351831299,54.3994232155732,53.7721431052449,51.0868167202572,65.3613861386139,78.3074912891986,47.843954248366,53.8026446280992,47.9700748129676,46.6659751037344,48.014896867838,42.6490015360983,43.5622398789255,43.7651905252317,81.0425616547335,45.2421985815603,45.5118656443958,45.2285813388831,42.9243515850144,44.8991630131527,43.3266932270916,43.194874060981,41.379797979798
775.19984973704,783.834447300771,769.510286225403,767.799150485437,785.758678611422,772.011235955056,781.708196721311,779.435127478754,778.34746588694,783.987020648968,779.986697513013,775.178498985801,780.100539811066,782.50534351145,778.858829844337,785.906814210833,776.668649613325,776.53707995365,780.56292388847,782.528862012095,775.665985003408,775.825906120024,772.840736728061,777.407747196738,782.867049009385,776.520737327189,778.186553603876,776.793196544276,775.076357466063,780.757836508912,782.957313245449,783.224018475751,776.329094608342,778.348404255319,780.544973544974,777.729131175469,776.053962900506
456.503100454733,461.527242246438,459.047449584816,468.770290394639,463.893279022403,462.948601973684,463.677931596091,472.936724565757,463.129803921569,461.275203252032,469.559322033898,465.119691119691,462.39763613339,464.74,460.06712962963,462.34978308026,461.580217699953,467.80685203575,461.863699582754,463.902429311031,463.353143418468,463.521873391662,464.703871292107,463.989785495403,463.724309392265,463.785747554728,462.610735009671,463.860779220779,460.044386422977,464.888144329897,466.247920997921,465.230728051392,463.341699691766,466.776495278069,467.211585665194,465.977615349475,465.811346240432
491.100265251989,491.600943396226,492.721480351011,489.675929709849,496.295528898582,493.090764962346,502.397428404442,487.991714995857,496.165957446809,498.869289340102,488.814485387548,501.067700987306,499.061173533084,503.966081162932,496.80349062702,493.15612033195,495.510963793983,491.206989247312,497.30403172505,498.905339805825,495.507276507277,498.659616655651,494.63829787234,499.582853025937,495.201369081574,500.11868852459,492.992361927145,498.348902644907,498.383506343714,502.194411414982,501.633744855967,502.554428668019,501.40391943386,505.164598301764,504.847619047619,504.15199102636,503.631497683994
532.827984595635,528.955517536356,530.281264108352,531.443902439024,541.24025974026,543.255269320843,535.752853380158,550.740725642071,547.406705539359,553.114441416894,554.617992766727,554.742086752638,555.427856167501,552.849673202614,553.291904218928,554.44404973357,563.882389740382,562.959774170783,562.890897946675,563.627130197682,564.328771289538,559.915449176251,562.691904293674,557.97600650671,556.701470588235,550.03568853641,553.024667188724,551.769524617997,556.842179426961,551.581417175035,554.166217430368,546.063153492263,548.169475655431,553.647828362114,551.66573816156,549.995271867612,554.446769790719
662.55502676978,670.297252747253,673.352803738318,673.52380952381,673.214896214896,675.279549718574,676.70225464191,676.248743718593,674.047595682041,680.790555555556,676.129923273657,678.105895821408,668.345262096774,669.520665593129,677.081995412844,678.781905332535,682.282107574094,673.782950084128,675.674380165289,674.097222222222,679.728054020872,674.893468611287,673.628872366791,668.973863636364,673.65661411926,675.621739130435,668.47597977244,669.49060272197,676.543813064259,672.516709511568,674.393156875404,676.511598746082,679.864498644986,680.608723958333,677.791419141914,680.829117828501,679.550502379693
861.877421627334,867.255827854154,863.673800061143,861.216504549733,861.834325396825,863.443321755605,864.975453934096,862.608254397835,866.863939393939,865.858001265022,868.978175895766,868.929320817228,862.929459187101,865.624812030075,869.260759493671,863.671659440284,869.000424989375,871.093068662545,868.522925764192,867.708807896735,868.938444526355,863.607157381049,867.403034789045,866.299820466786,861.977593360996,866.290266106443,864.533059735522,862.446502835539,864.541041831097,862.08499475341,861.54305740988,860.085388295915,853.799359231077,849.722878998609,857.055206463196,856.016042780749,855.401846452867
486.309361438314,480.227453580902,491.482456140351,493.19634394042,493.660944206009,494.911592505855,504.835112692764,496.030051150895,499.672436750999,496.672316384181,503.229015041242,496.282983970407,497.467054263566,493.299328039096,497.067238912732,494.633354551241,487.21372191864,497.066100667071,501.404856013552,503.089243498818,502.680424528302,497.801230769231,505.843890274314,506.12668161435,497.994011976048,502.485834207765,500.95704467354,501.9066463724,498.625066383431,499.030538589672,500.092747903305,504.106561974201,500.778971170153,500.785940468651,503.344601962923,504.711328349626,504.214496169711
224.543255131965,223.455234486026,238.860877270713,226.509422110553,224.28792822186,229.286969253294,226.856898517674,233.681886603111,219.096636085627,216.983621474067,226.532220943613,223.756784434204,232.063193851409,228.537401574803,227.021774632553,227.772680412371,233.593802345059,230.258082191781,229.540254237288,221.905619596542,221.472027972028,228.082431736218,225.065094823168,227.088074398249,226.458867521368,227.600573339704,222.677436164669,228.049147442327,226.364566505116,230.945445445445,221.870737073707,222.739054290718,227.502304147465,226.884251530328,229.014472455649,223.738916256158,219.759916492693
968.962132921175,973.082318353633,976.299907578558,972.849147516679,977.202387411829,974.441682600382,976.952830188679,976.698784331382,975.930869565217,974.312312312312,974.316711077274,982.862176165803,971.957261987491,974.655931512434,975.251879699248,972.535754399102,968.978782287823,973.636645962733,972.661931818182,979.103257868581,978.208090075063,977.85784114053,978.450562233424,976.297573919636,979.619864559819,979.348677248677,982.714568226763,984.334923158453,981.39241092087,980.065528380249,978.75501002004,976.679223300971,978.81981981982,974.412015503876,978.819028340081,982.043602281989,978.910357640502
680.214800961795,671.141704488149,652.42802359882,687.884095634096,676.575226244344,679.694311172036,676.6685752037,691.043327154773,687.675559790376,687.735125715708,694.275347131255,705.369690721649,678.546012269939,712.05499704317,700.715711805556,703.016239707228,705.388111888112,691.925379705041,707.245913818722,702.67192224622,700.596569548872,702.350862431637,712.270318414607,706.580848484849,708.839731285988,694.696062675773,691.636601307189,686.348789401553,685.474207961007,703.826790862719,695.808017334778,711.473748176957,694.96288209607,701.446243359474,702.409292791254,699.655584172325,706.080080753701
851.090748230536,856.145882912899,853.332004689332,852.351498637602,851.998193723188,849.995965417867,854.910828025478,854.846964947278,856.167707404103,851.401642270618,850.650949367089,855.672324510932,851.511705685619,855.334725345326,851.869844983913,852.278083522176,854.984057517974,853.46848325673,848.568227424749,857.197094125079,850.111874761359,854.669965870307,856.439949028353,856.092616580311,854.753640776699,849.142504409171,856.935031015344,854.420135938828,848.467993079585,848.02199592668,852.329258675079,856.275751503006,854.133820998279,856.864521255463,853.662674650699,851.52536900369,850.456372968349
320.657623947615,310.499559471366,321.802651708312,328.61899503037,326.616228070175,324.691677447175,332.790618955513,326.456110154905,326.358378645576,331.962457337884,331.789879518072,333.966346153846,327.985920852359,332.110785953177,332.458981001727,336.254736842105,330.644208932627,335.514372163389,329.933717579251,330.842910101946,330.04971240756,332.210328638498,333.766817994222,333.953457446808,339.55736337088,333.616619831393,335.190159574468,329.920901458241,335.429383471797,334.740538075695,336.696056955093,337.410335917313,341.459811405478,342.457042665108,342.33275862069,342.362126245847,341.85393258427
461.839034205231,472.043532338308,466.156948706708,470.455391776571,465.393463497453,477.580983969044,473.129549393414,470.786386986301,469.361061312298,459.033251231527,459.082178217822,462.760579489135,459.52652259332,460.419206236712,458.393889618922,460.594175960347,461.09744128987,459.644810543657,457.606219312602,456.845161290323,457.498813157002,455.512840466926,455.959271523179,455.651589242054,460.242105263158,459.901723505684,455.90721986279,454.347169811321,451.918781725888,456.467582910069,457.529515108925,458.319094036697,459.827436194896,462.853163087638,454.560266292922,453.745660377358,455.208090614887
980.734118636937,982.364761558063,991.370928338762,986.717423678332,982.254750402577,985.341009143244,985.180191427382,987.338079739626,985.094347133758,987.316998468606,980.47550776583,986.896643783371,989.832167832168,990.814865481076,990.090800477897,995.434654919236,990.931818181818,989.407532956685,993.074039362699,990.147980501393,989.953534031414,996.868004631416,991.199075602509,988.759892086331,989.625850340136,997.065722156631,989.333639424549,983.165668662675,985.115272575947,986.290166812994,984.922469823584,990.98032936871,989.29217059198,986.926444205239,985.596049573974,984.46066252588,984.759885659838
590.503652771809,586.831392841742,590.972783143108,588.26648989062,589.79741697417,591.134502923977,589.319541029207,589.234701492537,592.395180722892,580.174375767499,596.11398763524,588.939411425274,589.81511555278,589.113201094391,583.58348880597,588.51445285616,597.018070235254,588.349836524988,588.012300123001,589.584762664539,581.815544412607,587.541280864198,587.351382488479,584.747695852535,591.923211169285,577.075575027382,583.947654129508,586.278651685393,583.871919342793,581.518847006652,584.452575633688,581.112676056338,591.584844820637,581.912951167728,586.922984356197,587.326173428799,580.678221552374
110.236705882353,116.517705064993,109.134012219959,122.146777546778,112.813612979818,104.340095465394,105.257668711656,109.716594157862,108.117195004803,107.020544672719,105.585635359116,102.325522159959,103.250563063063,105.598027842227,99.479074347612,101.863506567676,104.655172413793,100.281443298969,112.787989080983,110.165165165165,113.610734757686,115.575191570881,115.174672489083,113.136018957346,103.922182920667,98.3837001784652,106.242921857305,110.391897312475,119.342588637334,118.276849642005,110.209568382735,110.608743774211,111.017931858936,107.305540011192,107.39989811513,107.872448979592,115.271168274384
754.188330632091,765.952182672935,752.891644110713,794.356408869659,798.684234234234,797.111750205423,787.035191637631,805.996153846154,790.105293440736,786.232620320856,784.742428164639,781.214797136038,794.73631840796,801.556697108067,794.717003567182,815.010504201681,786.357818586533,789.117666021921,791.131136516476,789.069152326323,788.583567635114,788.594847775176,792.366700033367,792.78988183161,797.228919330289,786.507891414141,801.746138347885,799.266968325792,789.723842739379,770.506677350427,783.923566878981,785.20213963964,786.016387959866,783.7899789979,790.160828025478,786.923576732673,784.119053808162
198.603639240506,198.402402402402,199.432011331445,202.3184,202.298887122417,201.285190615836,204.020618556701,208.63891248938,205.292047853624,205.541850220264,204.371859296482,204.908296943231,204.524150268336,204.947695035461,204.915559030493,203.931818181818,205.473529411765,204.990943396226,205.376612903226,204.178315412186,203.463692038495,204.939586645469,203.820377358491,203.399068322981,203.806106870229,204.172897196262,204.191338582677,204.381322957198,203.145802650957,203.572184429327,204.302822273074,204.188172043011,204.117236024845,203.935786435786,201.93944491169,204.184626978146,202.494729444835
134.516177577126,135.750972762646,136.880632411067,139.186303387334,138.41897810219,138.179163378058,141.740936555891,142.387381275441,140.300222386953,139.974796145293,138.834200743494,139.449438202247,139.253284671533,139.287043664996,138.639450867052,137.519970951344,138.337725381415,137.938151494093,138.325203252033,138.323087431694,137.645205479452,137.515957446808,137.349689011748,137.116538729937,137.442068965517,136.907133243607,137.699048913043,137.524291497976,135.601333333333,136.290789473684,137.153741496599,137.030384875084,137.025316455696,136.78954607978,137.018465909091,136.943181818182,136.189340813464
166.666939443535,165.27806122449,165.690829694323,169.674456083803,169.750605326876,168.174280879865,171.203764320786,174.301599390708,169.533661740558,171.491499227202,170.159127625202,170.375382262997,170.644778481013,170.469194312796,169.544578313253,167.136765888978,169.421461897356,169.114916286149,170.754307116105,170.052272727273,169.149082568807,169.912047302291,168.756735950731,168.600314712825,168.85250965251,169.238095238095,169.543740573152,169.48828420257,167.22418879056,168.26586102719,169.208395802099,169.283345892992,169.152932442465,168.693862275449,168.003164556962,169.477935676889,167.137529137529
374.25,377.25766470972,378.659921671018,379.422721268164,379.965071151358,379.30709173715,380.971608832808,381.025717703349,380.327918170878,379.771099744246,379.555977229602,379.928479381443,380.246263807667,379.922136422136,379.980087118855,380.493693693694,380.221484610742,380.322503008424,380.079201934704,380.002929115407,380.00119760479,379.959016393443,380.389221556886,380.045317220544,380.123529411765,380.183255269321,379.699763593381,380.147250147842,380.271166370634,380.240914419695,380.440345821326,380.434985422741,380.43888242142,380.449828962372,379.942992874109,380.159976730657,380.250297973778
279.210147196993,283.740493662442,279.702302631579,284.195024570025,286.882667764512,284.318151373074,279.096897873824,275.749140893471,285.077861708309,274.389033942559,276.746394230769,279.16406779661,281.198282032928,277.432183908046,278.751756440281,282.5263671875,287.332326283988,290.040692640693,286.098686679174,276.940525020509,273.153817082389,280.878460816518,274.528906955736,266.934440187314,272.812699680511,286.201327433628,286.771270036991,282.276422764228,283.060200668896,276.274590163934,279.627471940139,282.484520123839,287.621730382294,282.85023400936,286.786048490004,277.972165991903,278.528888888889
833.821869488536,839.487516869096,842.877146127432,839.101534828808,845.911672908864,847.305354058722,850.141916605706,845.805862068966,843.198684828558,842.160687593423,837.168747890651,834.358912869704,838.224052718287,839.181854043392,836.404771065795,838.825150123631,833.882570659489,831.404547094912,833.970719944885,833.94897592526,833.711199294533,830.42769356821,826.344140493077,828.811881188119,830.436977980258,837.146516853933,835.923873873874,834.006058446187,836.812134831461,831.939024390244,831.684405367885,837.381809995498,835.432278994323,835.183052434457,836.448693676638,835.995278069255,834.410740203193
1032.13012575178,1037.81495033978,1040.2051139522,1030.98513931889,1030.93777345649,1038.72943845718,1037.95386614685,1038.87750677507,1030.25853242321,1046.5010460251,1029.08236927348,1039.31321996709,1031.76563321072,1039.70268817204,1035.32448537378,1039.89912506433,1032.24731182796,1032.40034762457,1041.72975658222,1035.49237170596,1039.78547050219,1040.82043935053,1037.44108108108,1036.0038517092,1037.51902949572,1030.86758691207,1031.79838274933,1027.81396534149,1032.97003329634,1027.44508068714,1037.76705091258,1030.07240293809,1032.66163456533,1035.30739299611,1035.78500619579,1033.00437397485,1030.03303964758
782.730769230769,785.580125687353,783.416406598306,784.052004333695,781.233883058471,782.045278637771,782.649263157895,790.73618940248,791.035205364627,787.330047462578,785.968466692944,784.132693147097,787.75,795.602739726027,792.818118708782,791.880084151473,790.456819739548,795.834185303514,797.262950819672,795.866710225417,796.213072733098,791.521355453583,787.731338773043,788.656820444739,789.748762376238,787.730651210365,789.50477326969,796.425834159234,795.497739130435,794.101584721658,792.748113998324,794.036296900489,792.496809868141,790.50465631929,790.355692850839,793.149272349272,789.607519486474
692.269326683292,695.030259365994,696.272955343703,696.379275140378,700.84123910939,697.586016096579,697.257053291536,695.36157920077,694.372420734776,694.190801457195,692.672928709056,694.527707168277,693.764615384615,698.47501049979,694.886773031395,696.529603476372,696.788732394366,695.254637436762,697.608947368421,698.100941422594,698.922764227642,702.711474036851,696.977578475336,729.238574938575,694.670753064799,696.643200962696,696.721061547148,694.480884109916,696.210102095647,695.414027149321,699.27297008547,697.140289855072,696.068926553672,697.638188073395,697.689075630252,696.293601003764,
881.605664488017,882.958791208791,890.057037340993,885.061892767182,890.966819806024,896.221888153939,897.088397790055,898.327094057089,894.560821484992,895.230769230769,889.255632183908,898.055523085915,894.853236831524,891.411764705882,894.359171882523,895.676844783715,894.191586648377,893.355785123967,872.922933499068,847.415158924205,860.746586564719,846.247108307045,869.734549735138,855.397058823529,870.848780487805,887.054035567715,887.139778325123,888.548410404624,896.851755526658,886.338235294118,895.024517087667,893.73343373494,874.073466476462,,,,
847.273095989184,848.136491821771,862.244203256043,841.807827616535,852.038421599169,861.147854785479,858.542480883602,864.65426283561,856.17551369863,853.739130434783,847.401154401154,854.289673913043,854.446023989338,856.064478764479,853.064322469983,854.405852417303,859.208017334778,864.580689029918,892.517632241814,886.81316872428,887.051871657754,889.273090364453,893.458048477315,886.478081485302,882.058545797923,862.507392996109,861.010316368638,888.248759744862,869.722727272727,843.519031141868,882.907108239095,888.816823899371,889.430172816441,,,,
821.245302713987,824.134371957157,819.107708553326,821.175954592363,819.993432835821,864.55758077879,823.002763957988,823.209086694483,823.51799687011,821.95949855352,824.390595009597,866.470172684458,821.205035971223,820.910881801126,817.609296482412,855.920084865629,850.511082963901,820.986455981941,861.215436810857,873.11906614786,852.008513931889,852.336250911743,859.612397311426,844.283214001591,836.768792710706,840.607467204844,838.801549720189,852.488448844884,849.496783770411,854.412280701754,847.253375337534,851.817594834544,843.454257006875,,,,
638.962537968275,639.9871393813,642.798027242837,639.219992567819,646.409221902017,653.84447144593,653.902848423194,655.917451523546,652.519662921348,653.286814680562,653.019911504425,657.1955079122,659.990249609984,653.439291736931,658.030442477876,662.556633183235,663.11005625879,662.608038845428,666.345910051313,664.766052129689,663.591564335291,670.998404679606,672.780467445743,669.249928181557,669.919854789165,667.938899640586,669.399395272128,667.948001202284,663.505943536404,671.585609593604,670.557595392369,662.382231404959,,,,,
727.543329886246,727.228128031038,725.671369294606,726.420878894161,726.458276333789,728.897303128371,733.976694915254,740.242212189616,746.608991113434,761.494178921569,761.518858040859,764.13544746036,759.962536023055,758.442387783434,758.610238095238,752.332941176471,761.057149746805,753.290576581153,765.780290340592,762.131268049357,761.865539229276,765.378061767838,765.847492323439,761.870385126162,764.271271008403,764.685836263184,755.499432205315,766.170007244627,763.952911674561,763.664670658683,,,,,,,
467.29526029526,472.465627214741,472.255147058824,472.962325962326,473.63996948894,474.179362880886,475.171337069656,473.577215189873,477.958883994126,477.762589928058,474.662307692308,473.872601688411,473.694382022472,480.952502553626,473.32281205165,470.519732847602,471.527870680045,460.885832900882,488.849346656418,477.291799109981,470.290944123314,469.843874643875,469.827251995439,467.753939393939,468.8357771261,476.803381832481,469.546903740037,472.008973639933,472.836108220604,,,,,,,,
1042.95150798344,1048.3516221374,1045.7454164484,1045.80620155039,1046.73401162791,1043.70807153214,1047.54914881933,1050.6024481107,1042.70753564155,1050.00114285714,1052.07298530157,1050.21477272727,1051.80491631799,1029.53527088036,1050.46992692524,1041.98219022357,1051.15792966158,1046.32853598015,1050.46541950113,1043.95479509928,1045.86523335081,1048.12280701754,1055.55253333333,1045.95661971831,1049.11937901499,1047.98485452371,1048.002891845,1051.86062132662,1049.60523809524,,,,,,,,
248.276129032258,234.912261380323,245.28236853734,239.538614848032,250.135831381733,230.922924901186,242.617523609654,251.701343952215,242.897053195561,250.862008733624,247.092118226601,237.34495412844,233.831635710006,237.035558328135,239.641782729805,242.700472937467,244.098817966903,249.01623686724,248.235092864125,254.846644010195,242.604037267081,238.973460721868,232.16307277628,238.51157662624,240.338727076591,242.829431438127,,,,,,,,,,,
757.894415357766,757.177882554651,759.21835443038,761.136875281405,761.837172774869,758.636042402827,761.455201698514,752.508290816327,754.882352941176,753.65890344493,753.974272458878,754.454104148279,757.175558595531,751.041974169742,757.695673310647,754.772378516624,755.770533880903,754.386306001691,753.610800744879,748.884191176471,748.307737397421,,,,,,,,,,,,,,,,
895.328833693305,892.964942528736,897.954574132492,902.38358872961,883.773679417122,890.062565720294,888.260011607661,888.878787878788,880.317230273752,875.656976744186,870.404958677686,870.760270118177,867.167406467977,859.508713692946,851.926724137931,834.655840886203,838.777529761905,857.695475638051,836.719266947778,,,,,,,,,,,,,,,,,,
996.154438173422,1003.05500705219,997.914594594595,1006.18606138107,1001.49719276357,1014.80048270314,1042.96016277575,990.518824989657,1012.51114142792,1002.70502512563,1000.52765692977,1003.34716157205,995.249754178958,993.452722063037,999.055441478439,1007.36753100338,995.925611052072,993.642914012739,,,,,,,,,,,,,,,,,,,
917.501227295042,888.120096560048,922.574435318275,921.867841409692,925.438692098093,921.354139575206,928.126104023553,924.958070333634,927.132108486439,931.060732498841,930.851024208566,934.446119486321,936.450122850123,938.362982005141,939.551775147929,944.202077431539,942.334005037783,940.779096045198,,,,,,,,,,,,,,,,,,,
959.928475935829,964.322834645669,963.405120481928,966.024981631154,966.802442528736,965.453170028818,968.240049751244,969.029769959405,966.758287292818,965.161140583554,967.513435003631,967.858610271903,968.423550087873,968.292367399741,967.483408748115,,,,,,,,,,,,,,,,,,,,,,
187.018282312925,185.513032935947,187.552433715869,206.482660781841,213.064257613289,196.172103081636,191.360340685739,186.103841637309,192.095396298054,206.836855587576,205.507232401157,191.808826605313,205.905582922824,217.803706563707,209.347719202404,,,,,,,,,,,,,,,,,,,,,,
363.813659692065,368.697540983607,367.066666666667,365.548192771084,369.352811466373,369.397293546148,366.565972222222,363.726761781237,362.921362489487,,,,,,,,,,,,,,,,,,,,,,,,,,,,
398.280341023069,397.413063909774,410.246194225722,410.411834319527,402.473633748802,415.35129969419,407.653787493645,404.104662226451,405.567115652578,,,,,,,,,,,,,,,,,,,,,,,,,,,,
379.014438166981,381.53738317757,382.948563794255,383.365131578947,383.966292134831,383.821100917431,,,,,,,,,,,,,,,,,,,,,,,,,,,,,,,
41.249343832021,44.9149758454106,40.0069957248348,35.4341650671785,35.1306225260885,34.484474522293,35.3292730844794,34.0597345132743,35.239138507241,38.0480114654246,44.6023500309215,41.0366972477064,40.6399741685502,36.296200901481,35.6137218045113,42.9792006525285,41.6823583180987,38.8420132820692,37.3398827990348,34.9306813706184,32.6212678936605,32.5338345864662,32.8385670057497,33.3825354609929,32.4833483348335,36.7676120768527,34.0785749145925,34.5708746230073,37.1446540880503,33.2247368421053,35.073860911271,33.9151273090364,,,,,
451.018761726079,451.217099748533,450.383375742154,451.139901477832,450.302123552124,450.586538461538,451.002901353965,450.810703666997,451.146118721461,451.227848101266,450.842287694974,451.035593220339,450.562711864407,450.469709543568,450.418025751073,450.99756097561,450.917089678511,450.962765957447,450.67671009772,450.950792326939,450.659557013946,451.025889967638,451.023596419854,450.793949304988,451.266233766234,451.166394779772,451.433962264151,451.597701149425,451.529565217391,451.5,451.336507936508,,,,,,
385.308201058201,384.817424727739,384.097863542385,383.982107355865,383.530065359477,383.906436629064,383.551791530945,383.774816788807,383.373837981408,384.990660440294,384.257290991575,384.953566621803,383.861688311688,384.645033112583,384.322471147318,384.963863337714,385.125508819539,384.439530062198,384.498648648649,384.967698519515,384.892307692308,385.371313672922,385.2892998679,385.448692152917,385.721128608924,385.488188976378,385.523529411765,385.975880052151,384.701298701299,386.136959370904,385.220089571337,,,,,,
361.093581577658,361.396060352054,360.337550607287,358.749154180764,355.7849308536,353.038053097345,355.602618405853,354.708293153327,352.78923988154,353.900379506641,348.565743073048,352.293617021277,344.678416013925,347.779926816519,349.383341695936,349.757122839794,346.75344291426,347.41779396462,349.160670280927,347.752819548872,347.290613718412,347.277185501066,343.29494839761,339.74080967892,342.998996990973,348.04311774461,347.042851081884,351.755788553954,,,,,,,,,
406.015177797051,409.758256880734,416.349351639969,411.342921348315,415.970268994809,414.157499010685,410.092352695361,415.612338858195,419.640701468189,419.476459510358,417.993978494624,411.426049618321,414.06345067362,411.463908450704,426.107564494972,415.182899628253,410.652116979485,422.484463894967,421.136604774536,424.973575557391,415.781050955414,423.10393258427,405.205190592052,406.964353612167,408.656391659112,416.956484641638,419.174727668845,419.665336879433,,,,,,,,,
167.73281747838,179.517869184086,177.962107756069,164.730898606439,176.952295766249,178.74625267666,180.369905956113,176.969162995595,174.758988015979,176.43607463718,175.926993865031,170.982167352538,172.485586162716,175.56770502225,175.30631276901,175.054166666667,177.622558286074,176.881258941345,180.206945428774,178.338098197638,172.803992740472,176.946093276802,,,,,,,,,,,,,,,
232.251033532384,233.599812338729,235.74334932403,239.06690647482,224.464761904762,236.635021097046,237.03166023166,234.006148088746,234.252944325482,236.36511568777,,,,,,,,,,,,,,,,,,,,,,,,,,,
818.870515463918,819.044328552803,819.20652173913,818.362973096215,833.390251880929,820.016765285996,812.444200109951,812.27846975089,815.731368421053,819.162663295407,812.532051282051,815.212972972973,814.982074263764,814.248626373626,819.912241224122,818.948275862069,818.850877192982,818.178606001936,,,,,,,,,,,,,,,,,,,
850.071627536809,870.289855072464,868.266866566717,866.21404109589,865.755027422303,869.44012539185,868.739376770538,869.662406015038,869.951887490748,868.979480164159,867.575794621027,874.289452815226,871.411278195489,872.52743902439,871.758183032732,870.800445930881,870.067522321429,870.201735357918,,,,,,,,,,,,,,,,,,,
21.2222222222222,22.0129740518962,22.8715545755237,28.5625479662318,23.3772411269667,28.0806954971021,30.1979584396646,30.1406747294717,22.1108671789243,22.0637450199203,21.2407152682256,20.8214862681745,22.8037307380373,25.6128818061089,,,,,,,,,,,,,,,,,,,,,,,
256.002233389168,248.033220720721,259.635135135135,263.692745376956,268.568571428571,258.777708592777,245.879350348028,263.499227202473,263.469402985075,262.008059516429,265.528018942384,264.293893129771,,,,,,,,,,,,,,,,,,,,,,,,,
222.42551293488,216.979458041958,223.30995010273,224.998707676402,225.923734111273,220.386169386169,221.89068029886,218.433217426877,221.836975782634,215.839787028074,217.47282861124,219.337257617729,,,,,,,,,,,,,,,,,,,,,,,,,
751.954867256637,746.496818663839,752.627780299591,750.207644248438,724.332252836305,725.407586206897,724.520272830618,,,,,,,,,,,,,,,,,,,,,,,,,,,,,,
789.487021857924,787.148012552301,791.291124260355,792.928312816799,773.138948497854,773.930420711974,769.885198135198,,,,,,,,,,,,,,,,,,,,,,,,,,,,,,
860.407945736434,855.206758832565,838.899852724595,837.867708333333,,,,,,,,,,,,,,,,,,,,,,,,,,,,,,,,,
890.990805840995,886.361619523017,885.146958304853,896.828571428571,,,,,,,,,,,,,,,,,,,,,,,,,,,,,,,,,
