Var1_1,Var1_2,Var1_3,Var1_4,Var1_5,Var1_6,Var1_7,Var1_8,Var1_9,Var1_10,Var1_11,Var1_12,Var1_13,Var1_14,Var1_15,Var1_16,Var1_17,Var1_18,Var1_19,Var1_20,Var1_21,Var1_22,Var1_23,Var1_24,Var1_25,Var1_26,Var1_27,Var1_28,Var1_29,Var1_30,Var1_31,Var1_32,Var1_33,Var1_34,Var1_35,Var1_36,Var1_37
1110.65677626303,1103.5952023988,1104.71714790807,1104.11478365385,1105.89037758831,1103.57789678676,1108.34738955823,1108.58438485804,1098.82220039293,1098.70149253731,1107.62118878965,1107.40707298721,1103.4135855546,1104.24216923796,1108.56907416384,1105.47269230769,1105.15079365079,1102.72972972973,1107.46920098557,1099.6832688588,1105.23098591549,1106.628980322,1101.15477214101,1102.55295950156,1109.12413793103,1106.48980458794,1107.24729520866,1115.55817529472,1105.12547709924,1109.33029978587,1106.86373723924,1106.82486221678,1105.1185520362,1106.17549534978,1104.77758694719,1107.02181633688,1105.06820119352
1122.79081245254,1115.13841486538,1111.95943498732,1109.9003868472,1113.25300778485,1101.72011568123,1102.96606517641,1100.89598025388,1103.63188022897,1105.16168067227,1104.47037440931,1094.81620405101,1096.48656429942,1097.29213483146,1094.39224629418,1101.91202346041,1101.02402520677,1101.69120495932,1099.90102086107,1100.61261642676,1102.63023893459,1101.11413267408,1099.78371592539,1098.85861182519,1098.65065913371,1097.63582842725,1102.19234194123,1102.07363710334,1103.3216080402,1104.68168016194,1102.46078829744,1104.55328705594,1108.14401709402,1105.9502688172,1107.86247544204,1105.87010221465,1102.6
1105.78539823009,1101.7188849627,1107.41672522839,1107.22361809045,1100.83623087622,1101.42344322344,1100.47913816689,1109.75953167217,1103.63633014001,1111.69494584838,1100.34953703704,1091.75613079019,1109.6594761171,1098.11316211878,1097.46713517983,1098.8529746116,1095.97659494149,1100.83868278449,1095.74698795181,1101.8779342723,1097.16056670602,1101.109002826,1092.85496866607,1105.76490344249,1107.03470165044,1100.49593826158,1103.37629078893,1103.0566572238,1098.72211115554,1103.33146309883,1102.99193548387,1099.34952337721,1095.59727822581,1094.16634146341,1099.94884696017,1100.40177736202,1110.54783063251
1086.52305896089,1081.9692017599,1084.51150269212,1086.72077922078,1086.05561122244,1084.7517281106,1087.92044444444,1076.25215517241,1080.01151877133,1076.56213285133,1106.49188372971,1076.44223327805,1076.16271884655,1082.07966457023,1121.68075221239,1119.2520661157,1114.10265486726,1086.07200720072,1081.90014197823,1076.4752,1078.35591453882,1080.08450704225,1077.57809894386,1075.40903540904,1081.96328562539,1088.76032315978,1090.50756048387,1079.89545703339,1076.69846153846,1069.80917431193,1080.75548749362,1083.955602537,1082.05599647266,1082.47323252963,1087.92542918455,1093.00309917355,1084.45150931278
1065.62508338893,1066.15358255452,1068.18668831169,1066.83173888576,1069.78672985782,1070.21540930979,1066.48149309912,1068.07131685956,1070.13251155624,1076.12571257126,1074.6761263897,1073.83363802559,1070.8766292816,1047.66412742382,1064.42799503414,1064.96663489037,1067.30107526882,1064.13987808791,1069.47434590554,1070.62818991098,1064.69221835075,1069.4379204893,1065.29139270771,1061.47970704913,1061.34476902174,1062.96627565982,1063.22993612885,1067.07674418605,1065.76569037657,1062.89265712508,1059.90779907469,1061.4888747616,1058.20521987844,1061.44350811486,1066.46591222744,1067.82631753397,1067.09125586854
1050.04631083203,1052.25661375661,1052.33185840708,1052.32718271827,1054.43596311475,1051.88408896493,1053.17738037699,1052.59404942007,1053.71836925961,1050.95261358085,1049.69209684788,1049.83928571429,1053.8068690891,1052.0210748156,1056.57607223476,1060.33142311366,1059.92690444738,1054.1198600175,1059.34728033473,1059.90940594059,1061.6828340466,1069.27859778598,1061.4395265054,1063.24381800198,1062.67617617618,1066.28946157386,1063.10143042913,1065.82641509434,1068.28034535297,1069.45365053322,1066.43444605709,1069.30279503106,1074.75556586271,1065.85394862036,1070.83537735849,1069.30576208178,1069.33204633205
1060.24347826087,1055.02925809822,1052.21988150099,1051.90308988764,1051.61402474956,1052.26179604262,1053.57974530018,1050.19247546347,1054.19033588686,1059.67495760317,1056.43222506394,1051.59087332809,1061.53188097768,1049.74489232468,1050.3125,1050.07432432432,1050.83558282209,1051.06901217862,1045.2047761194,1044.57804878049,1050.11344086021,1047.79494382022,1050.17101449275,1053.96907785754,1053.43015287296,1049.80054495913,1045.47518539646,1046.0318574514,1047.93016431925,1052.56654195617,1045.45626911315,1052.19706380576,1047.59394313968,1057.36334405145,1051.92952522255,1052.04935370153,1052.48469387755
1056.54862444018,1053.11019465523,1056.26676557863,1051.54810091489,1046.45346869712,1044.8285538082,1052.8455461727,1042.21120150188,1043.28640945429,1042.14620070535,1048.91191709845,1049.85623901582,1043.3850658858,1047.37247227658,1041.74111334675,1041.8904109589,1042.60736196319,1043.70325510977,1038.15057736721,1042.59773489933,1039.8515037594,1043.28025477707,1045.58549471662,1042.66392733564,1039.56191806331,1043.64593513994,1042.15472636816,1039.41643454039,1043.53744939271,1043.40464666021,1043.14748380668,1039.37121866897,1048.6714559387,1040.21212121212,1045.26062639821,1039.64673913043,1042.72315789474
992.521172638436,995.43848059455,995.662096774194,1019.7482447342,1022.11529411765,1009.94291151284,1008.40501792115,1006.35051546392,1006.8668503214,1006.12776176753,1004.00437062937,1004.12489379779,1003.25835591689,1003.10069444444,1003.82234432234,1003.38808373591,1004.03976311337,1003.95095594347,1004.29401251117,1004.30050933786,1003.99915540541,1003.58251633987,1004.65690376569,1002.22852081488,1001.69675599436,1002.50747581354,1002.34079173838,1003.28327645051,1002.47001620746,997.371212121212,976.07100591716,1003.40884955752,975.934076137419,975.532718894009,997.404612159329,976.518790100825,976.976459510358
992.778648974668,996.020618556701,992.615901455767,997.707147375079,991.709520500347,992.869432580842,991.64841986456,992.980656506448,995.279220779221,994.56998738966,995.356184798808,992.870048644892,993.018280297901,996.167883211679,993.497740963855,996.66289140573,994.950595238095,992.37250427838,997.026934097421,996.931399888455,994.586851628468,998.331799884991,995.783653846154,990.467391304348,993.015257469803,989.073502161828,985.043085476025,995.496703296703,992.792345276873,993.098937583001,994.88051948052,998.880308880309,993.600840336134,993.784989858012,991.038356164384,989.652849740933,996.315789473684
958.045995241872,961.764016736402,962.75951417004,995.107614213198,985.248094248094,980.200514138817,977.985044865404,975.437703141929,977.051601423488,977.294860234445,975.691090757702,975.98359375,974.576086956522,974.718218623482,974.795681063123,974.447168216399,974.954787234043,975.31747483989,974.873857404022,975.664329535495,975.275501307759,975.092233009709,1000.09967320261,975.061886051081,1000.39874411303,975.333650190114,974.9599609375,975.091715976331,1002.47222222222,1005.40929535232,1003.14533820841,1001.74613003096,1003.3799086758,1002.86339754816,1006.55434782609,1002.84899034241,1002.94459102902
974.257956448911,973.121507472385,969.619631901841,974.235517568851,968.016066481994,966.637884511603,968.880187025131,971.58337182448,963.931297709924,967.926029962547,972.584821428571,971.320995532865,970.198514517218,969.239274924471,976.591608391608,969.650723725614,968.491245622811,965.278304517568,964.50625,972.795918367347,972.20913884007,969.305191400105,977.560540872772,980.028751753156,972.443293033967,970.580746975276,968.7258834766,976.966110812265,967.898498187468,964.04318488529,968.661795407098,965.371208691716,976.981941309255,975.385138670853,970.37664618086,974.715743440233,970.026470588235
988.061662198391,986.964152352502,990.173813169985,991.131837307153,982.4506753991,983.753784860558,984.884319754035,989.818649045521,988.370114942529,987.240692640693,986.666176470588,988.727045075125,989.537511032657,987.547038327526,989.623282134196,990.238774055595,991.464480874317,995.453385672228,994.861900893582,976.069711538462,987.522361359571,983.621014492754,989.752520623281,988.704708699122,986.048663468129,973.205226258764,938.684393638171,913.998696643858,906.984149184149,903.591061989428,903.343297101449,898.391151135474,890.360827747013,885.96953294154,902.649027733503,894.152437574316,892.035469107552
944.516039051604,945.124895920067,940.662293694456,945.031093836757,950.360353721444,935.772556390977,943.467473951,939.542543458371,937.680486456606,940.210416043101,940.587400681044,942.256634078212,940.493017607772,939.029007633588,954.293579931973,937.010552975939,943.985084306096,951.2416939635,952.894852135816,943.96933058095,940.226749335695,940.163742690058,946.718029115342,941.791216216216,941.150898520085,939.171623074167,936.695264885138,948.795447647951,947.920421860019,957.269265434881,961.045090367058,938.811535881958,946.242269358548,946.19357092942,946.370883882149,962.405149839977,934.948960302458
937.364772727273,928.55,930.405879027699,933.447732997481,935.684233261339,942.708644610459,930.553657234383,933.677452491012,943.969189551239,937.566150178784,940.855143031041,943.87791063562,947.035133376708,945.696782178218,945.814652815746,949.302736602053,945.483200977398,940.150605581885,939.82967032967,944.692049272116,946.018867924528,945.547770700637,946.085714285714,949.420761670762,949.73629081947,944.225452550741,946.781420765027,948.000578703704,949.092214246273,951.410857142857,949.901307966706,952.475334018499,950.349911190053,947.681295715778,946.897924845766,951.329286798179,952.583781143136
911.741724403387,910.21711366539,907.508948057617,908.185731367078,909.845140032949,920.558372952985,926.16658378916,924.284901758014,922.736915887851,917.055914972274,916.071537290715,915.359768907563,911.096292947559,912.784913353721,919.913385826772,920.712311557789,928.855008301051,924.701708278581,928.845126835781,927.503221188261,931.335862417805,931.511546184739,931.717527764365,931.642509727626,931.34748272458,930.591715976331,930.709401709402,932.35446552522,930.684105630294,930.745780051151,932.293358815098,931.184430512017,931.208870551831,933,932.451905626134,931.920667003537,932.984488608822
905.892525647289,918.797591297591,909.614950634697,910.989130434783,917.687442713107,915.058178350024,919.597909127463,910.466765140325,914.033333333333,914.267449042619,918.976254480287,917.813924830561,916.031994981179,922.046982957163,925.670189098999,925.638453500522,917.495244565217,922.922503725782,921.493449781659,920.398184912082,919.807760141093,912.00680735194,918.37037037037,918.995142262318,914.248982360923,911.159028161237,913.602681291895,914.016301292861,912.06783919598,911.367936925099,921.542857142857,919.502008032129,918.008754208754,925.082830499177,922.090853284223,923.643867924528,920.239740820734
919.508108108108,921.177750155376,923.77323943662,919.903799019608,916.665817626083,903.971315092674,903.750828119249,911.706051873199,920.248329048843,915.279849183075,903.483556012333,905.748860182371,913.403576607056,911.226612630868,915.845894263217,918.756479217604,900.306789606035,914.974196277496,916.845372460497,915.596566523605,904.120611317637,911.161106233538,907.054196959683,905.157268722467,922.112554112554,912.808014354067,899.755285650023,906.730715935335,907.350483953133,900.150332225914,909.665610142631,910.675824175824,912.874231414198,909.357561547479,905.146205684149,910.094049904031,914.913165266106
864.851416724257,872.024065320155,870.01338766007,877.370127025843,873.41815320042,870.612903225806,874.771554436753,876.167412140575,877.116889549282,872.687684148497,872.755794234031,871.150505651398,876.992279979413,865.92586490939,873.487508007687,874.714730752114,870.241421568627,877.580736543909,870.150300601202,868.716171617162,861.530334014997,876.193112467306,874.425616547335,874.274525009694,883.390114493158,877.78785488959,877.070063694268,871.254443405051,878.85393258427,871.021218961625,877.385547785548,874.949102892713,871.09802306425,879.179186228482,866.454472199839,876.171167247387,882.257311863293
873.525252525253,873.941846207742,868.026846846847,870.348520911255,871.228421052632,870.946448288554,872.107620709715,873.225926615757,869.71104077453,868.061694290976,867.669464652117,866.533806499813,866.914421252372,867.217415730337,868.16986784141,867.996561708288,868.797205368634,872.180256734768,870.3559566787,872.363455629857,869.521855486173,869.595698924731,871.792077433232,869.160308212742,869.403448895276,868.144056965492,871.304952380952,873.787094281298,873.102951895044,872.612400354296,869.298055759354,866.566205893052,866.092916283349,867.153436236678,869.530256012413,867.561029411765,866.732475764355
884.867362146051,891.852459016393,884.625913297613,883.211522287637,872.838165137615,873.617924528302,884.402706656913,888.914933837429,871.54233787691,860.887027658746,864.481662591687,859.062521830248,855.601784718349,859.908144958737,861.611271081859,850.317679558011,859.454344216934,858.265101829479,861.324873096447,839.982852973367,854.742880726372,857.34262485482,856.739108662994,865.675012774655,863.641467481934,856.905206286837,856.518054532056,849.48,856.980187695516,854.864775725594,861.016100178891,862.953798767967,861.437219730942,864.410635155096,871.130177514793,872.849714285714,860.305139186295
830.279372197309,827.94218061674,833.207134637514,825.978378378378,825.906023067065,830.234785875282,832.95873015873,834.289180009704,833.485355648536,830.482709616296,830.318936877076,831.761071623838,828.647932131495,833.703229398664,833.59409190372,832.12896292316,831.438950554995,836.128353281057,831.448999511957,834.326064908722,833.158898305085,833.238095238095,831.426353149956,830.931785195936,829.787849093582,834.528973950027,836.249117498739,839.434475806452,833.515732546706,835.370941111723,834.378547378547,836.511073253833,839.473610462401,837.811912225705,836.369161225515,844.001514386673,837.916248746239
802.270819228165,806.844809037117,805.319293149358,808.610061219058,806.19491118579,802.18585762064,797.097475832438,799.498444603972,792.342695406053,796.34442513037,794.702901998097,790.386993292505,794.715233698788,790.412883935852,794.97560231778,796.840571742716,797.786535303777,794.445249130939,796.052212671124,793.873534855028,793.060643564356,794.049754500818,791.435418082937,788.710102007239,793.931180691455,793.120316259883,789.934558349452,782.518362769835,786.38325,783.950274725275,783.969410456062,784.301946193475,782.171745152355,783.145748987854,788.682172782433,788.236346806541,789.543403769275
781.983687592684,774.416139240506,779.243362831858,770.431497175141,779.435447593342,771.378347360367,779.077800829876,781.54244098443,775.59575596817,773.170621468927,779.229038854806,777.665952890792,776.818181818182,776.392723381487,773.376068376068,776.718934911243,779.538785327721,780.811544153922,779.535202863962,781.020502645503,779.452095808383,777.854468599034,771.618009478673,776.945867287544,778.274828232355,780.476948408343,775.044943820225,780.248527048741,774.657675016056,774.643115942029,772.507135575943,771.114516129032,775.845278725825,780.550702811245,777.794884653962,776.448068238836,777.12578258395
703.363636363636,700.157330154946,709.122022362664,723.363665698612,717.505500402468,722.941230486685,720.272893772894,718.255148342059,720.057504520796,729.707611386139,722.596654275093,719.605060506051,721.00223015165,728.937058445729,721.211546065639,720.545680033072,722.233255451713,721.604749138261,716.304828150573,715.287274096386,715.654875717017,708.075214538112,724.200478278198,715.557036247335,700.826230864708,699.576254346746,709.106586402266,714.21075740944,707.559597893729,714.296956198961,708.287612516074,708.628703703704,717.430143014301,702.937991266376,705.454078135709,705.424364123159,706.278376844495
696.116647791619,693.225897035881,685.102654867257,688.775596612779,683.589828269485,686.074884307951,699.905410379095,693.025125628141,687.510355029586,697.574897400821,701.534847901425,690.985847299814,695.577357237716,684.087932647334,694.532088681447,699.423176601259,691.46998982706,697.768104149715,703.061111111111,702.027982899339,699.350562734473,697.455337690632,696.060030395137,695.589557650471,701.439682539683,700.399717514124,700.440111420613,699.348026063626,703.959485781067,709.82733175915,707.236789297659,701.498034591195,707.703337725077,699.416700120434,705.511513778784,708.498942278634,704.02865064695
687.753479125249,687.21293272371,687.176162409954,687.029177718833,686.752442996743,685.753741496599,686.080749354005,686.191185599007,685.982095490716,685.874593892138,685.707816377171,685.853881278539,686.103737113402,685.706896551724,686.235917826375,685.894356955381,685.663129973475,686.075212557227,685.897088693297,686.029081295439,685.450136612022,685.806779661017,685.756129887343,685.287061994609,685.255163224517,685.245923913043,684.566077738516,685.07187718074,684.852734922861,684.728919860627,685.083853083853,685.126248216833,684.96881644224,685.112891986063,684.473495702006,685.260899653979,684.785454545455
662.310460506252,652.836832895888,663.380656934307,666.52695269527,662.854913089748,658.103425117529,654.182076006807,660.846698113208,664.174747122428,663.701487374611,669.994670542636,670.967792615868,660.565033486077,659.759827044025,665.556512378902,671.346041055719,665.724579663731,661.293720190779,673.650470219436,667.924253459578,664.661216730038,672.314773980154,676.157407407407,668.941039565555,667.628417144786,671.005924950625,668.726393367112,665.600313479624,674.35871743487,661.512222222222,666.323827629911,658.549923195084,665.426600441501,671.55258126195,664.606073040624,667.0453125,664.104575163399
631.614935822637,633.864384021484,632.505788951373,632.661927877947,629.866208701341,630.480820995962,633.607154910564,634.246561556525,634.397278911565,632.645327446652,633.293130366901,630.173978252718,628.343881175331,627.517843583903,626.069465081724,627.019628099174,627.670430486944,627.704924102184,626.142051462813,625.189705271897,626.387572815534,630.229724901751,632.884388517499,629.035416666667,628.702127659574,626.05519005848,627.475735879077,625.534332520042,628.018804061677,627.066666666667,627.77485380117,628.613868889731,625.995493650143,626.666938110749,615.812423873325,631.220311220311,629.48
613.983461311282,608.895,617.704118173679,622.603241719521,628.376733780761,626.553579368608,628.974717590102,638.065157116451,624.00790513834,619.148509485095,622.915113871636,620.942020140372,622.109523809524,624.065367693275,622.651380439869,622.048210023866,626.114545454545,626.968869731801,626.632888888889,636.931606519208,621.618708240534,641.441441441441,625.981666666667,637.616774633481,623.450704225352,634.733350025038,633.240186294079,623.668316831683,638.042561815971,617.929229756419,637.49692393736,625.861147327249,639.807259073842,629.125640015754,626.473103448276,637.039111111111,635.388683886839
621.210160427808,619.851978891821,617.357175398633,617.270389419544,614.362414467253,617.258031354408,614.807682523531,620.996734313039,623.326837691169,623.11953588775,622.979654403567,621.921843102945,624.292736610418,621.098332515939,619.201020408163,623.459016393443,622.54389034704,625.37364470392,624.074084350721,625.639515685195,629.321255349501,630.022739432852,627.578653113088,628.611709874745,624.291714614499,622.01043175891,620.614454094293,622.01119515885,621.120343839542,619.347800059862,612.925294482331,613.377364341085,608.680749574106,606.941121202631,604.150684931507,602.545668233714,601.985502360081
592.701904499034,592.632598331347,583.803810065397,591.165155440415,584.913244492793,591.788431310909,593.986135693215,599.041933418694,592.492771841609,591.309255784866,586.156862745098,580.314410480349,595.969172695816,595.487959866221,595.083610802812,600.28622927181,603.186870441125,605.436495176849,598.426003126628,593.398083623693,609.262663398693,608.205289256198,610.091853699086,614.385546334716,611.726890756303,615.005376344086,613.912977676882,616.295914864401,597.647573587908,616.343262411347,617.666301569916,617.123829344433,621.990634005764,619.031885213232,615.865427180168,618.269995581087,623.571313131313
605.771600300526,596.693059125964,599.552772808587,604.607402912621,594.492161254199,600.79721776351,587.913661202186,591.107648725212,599.673001949318,590.618289085546,583.991324465009,597.273157538878,593.155195681511,587.676335877863,598.271604938272,592.138613861386,597.256395002974,601.647161066049,587.72569706104,594.981308411215,600.223585548739,596.208556149733,600.637594799567,598.35372069317,602.028154327424,594.317396313364,597.319200484555,600.686285097192,597.638009049774,597.838967424708,601.693659761456,595.55831408776,599.412004069176,595.818617021277,596.056437389771,603.027825099375,598.170882518269
595.575031004547,603.145850796312,585.59826018189,595.278481012658,601.365784114053,592.988486842105,595.451954397394,601.822167080232,596.983137254902,594.362195121951,596.409070087036,587.434148434148,589.948923596454,595.414693877551,593.496759259259,592.981019522777,579.640321817321,568.026315789474,588.988873435327,585.237355635205,592.834970530452,589.528564076171,592.874811463047,591.401940755873,588.595580110497,591.361434559851,598.005319148936,588.125194805195,582.73681462141,586.689175257732,592.776507276507,589.081905781585,584.288419198591,588.860965372508,588.46882670594,584.18044769301,592.721296713192
577.79575596817,571.824528301887,570.135826020603,562.360441356763,581.171755725191,566.686484344035,587.721800116891,567.708782104391,586.076063829787,589.417512690355,567.487505294367,587.985190409027,590.089887640449,589.395517867959,589.393665158371,581.46265560166,579.746557878633,595.566756272401,589.533377395902,588.997572815534,575.343555093555,586.177131526768,574.685890257559,583.209654178674,579.047917855106,586.695081967213,583.371915393654,579.221722003376,587.91291810842,591.305588585018,586.429355281207,585.68154158215,583.258573761568,590.854343566297,585.725079365079,586.427930454291,579.006176016469
536.165596919127,530.941402908469,533.333182844244,537.354634146341,535.165584415584,540.601405152225,539.421422300263,541.298410110069,547.272108843537,560.216621253406,551.148282097649,564.538491598281,559.39872553482,566.306501547988,567.508931965032,565.243339253996,567.440412887082,566.547635850388,569.786699356421,566.307089297887,570.744829683698,571.432390425863,569.501147164864,573.10329402196,570.099632352941,577.483056957462,575.811667971809,594.394736842105,589.03147017379,592.723603941811,595.796495956873,593.218318695107,597.619850187266,596.991627420199,595.426183844011,602.747517730496,605.022292993631
559.390243902439,553.645604395604,553.521612149533,555.031358885017,556.279609279609,557.340838023765,559.618700265252,564.809673366834,566.501472031403,570.142222222222,562.6,562.355466514024,556.747983870968,558.2871712292,557.217316513761,561.215698022768,566.17069154775,563.796410544027,562.337741046832,566.252777777778,572.788827501535,575.983512999366,565.08302354399,557.617045454545,563.790267306374,558.672826086957,558.110619469027,555.935839274141,561.925119490175,555.553341902314,555.236927049709,553.608777429467,564.761517615176,561.865234375,561.855445544554,562.861196792104,558.759386567953
549.214159915463,550.087567244471,552.579944970957,551.539378726075,554.948082010582,554.865803599621,553.423335574983,549.955345060893,550.272121212121,551.204933586338,556.104560260586,551.470458310326,552.360765871683,553.643233082707,554.16383363472,549.363421363816,550.420314492138,553.78132118451,552.398835516739,549.874335611238,549.788426096572,552.220008133388,551.40636565507,548.752244165171,549.112863070539,547.903011204482,546.774737802098,550.763327032136,550.498026835043,549.068205666317,547.089452603471,544.726168568274,549.567881457749,547.077885952712,546.359964093357,550.906660184735,552.71185617104
476.262244265344,484.054376657825,491.18932748538,481.936357481381,478.630901287554,481.334309133489,474.307236061684,473.407289002558,481.052596537949,475.311989956058,485.326055312955,485.186189889026,478.543281653747,473.88149053146,474.888412017167,479.546785486951,485.796599878567,481.334141904184,475.298701298701,478.152482269504,477.713443396226,486.938461538462,475.4463840399,479.30100896861,481.092542188351,472.951731374606,475.812142038946,480.486047691527,482.581518852894,479.686840644087,482.39516526887,482.694896242288,478.44262295082,482.145661811273,483.61014176663,479.472110408281,484.842074248674
474.470674486804,477.955945049739,469.603898980948,475.491206030151,475.767536704731,476.755490483163,470.136830102623,476.474159558455,478.218348623853,467.787079162875,474.245109321059,468.907322068612,473.80145175064,476.402559055118,477.304300489929,469.633505154639,472,477.539178082192,475.532838983051,482.053314121037,476.011488511488,473.373003606388,476.807278318811,474.828227571116,478.219017094017,473.128045867176,475.420531526837,476.502507522568,473.238018309101,471.307307307307,475.124312431243,475.040280210158,477.16935483871,472.960489705064,472.974323062558,468.446798029557,469.383611691023
473.03400309119,474.339353212936,477.302680221811,467.373980726464,478.359739555073,468.495219885277,470.308490566038,475.208914903197,469.74347826087,466.311186186186,466.105443471641,471.218134715026,462.33808200139,462.483081940481,465.654135338346,464.660052414826,458.328105781058,463.224767080745,462.548295454545,472.27167310878,466.323185988324,465.92749490835,465.134160527336,462.137983320698,462.334988713318,473.345502645503,470.321028345419,467.889772125066,464.84081443776,466.139363174896,463.693887775551,462.984466019417,465.060489060489,457.922868217054,463.178137651822,460.601466992665,460.858801672085
428.822335025381,438.263741805345,425.566371681416,427.441268191268,439.429864253394,434.968243088874,438.887469720326,446.921918443003,430.917103382563,440.512571570824,443.259104008384,426.923917525773,446.347875482845,431.246402523162,441.806640625,425.793915827996,431.65472027972,438.698657274928,450.362308073304,437.719006479482,447.658364661654,436.891249474127,437.911600979737,452.377454545455,440.723608445297,435.288469264765,435.574074074074,437.779808131567,443.575548334687,445.173652694611,415.005417118093,450.500972289742,440.424793789423,455.461168732608,451.898189272292,443.405759775228,452.35666218035
416.124115267947,423.987862922418,427.85674091442,424.611171662125,433.094603748024,432.944380403458,421.446149392009,423.282131661442,419.758251561106,420.103534451981,428.074683544304,421.311852704258,429.649498327759,419.552521683264,421.660134542264,429.876659112982,414.543919974992,424.807288246881,430.540802675585,420.321857233102,433.439480717831,427.00819112628,416.350748646066,414.315738341969,428.161003236246,432.102292768959,414.006529546197,427.793542905692,421.190311418685,424.886761710794,427.795347003155,422.70501002004,426.87091222031,429.528804131903,426.476047904192,428.835793357934,428.227972626176
416.659494855005,409.859471365639,410.037735849057,408.47598012148,411.389035087719,416.691677447175,413.130560928433,419.821428571429,415.803756796836,424.901877133106,415.703614457831,415.810576923077,416.407534246575,415.905100334448,420.847150259067,416.600421052632,416.006434519304,413.333585476551,414.746809386579,415.645968489342,419.903040262942,416.223943661972,417.010730499381,410.384308510638,412.6403838131,410.315937374548,410.786347517731,413.822801590809,408.825972890249,412.441860465116,416.278751369113,414.5669250646,410.60350246969,415.322033898305,417.054597701149,412.079734219269,412.422471910112
393.945674044266,396.46828358209,401.09951775537,400.852986811482,398.351443123939,388.741846323936,392.380849220104,396.145119863014,384.714593044102,402.245484400657,403.104620462046,409.391536408692,407.320235756385,404.170092133239,403.342312746386,408.964374225527,401.521906764809,406.887973640857,405.202291325696,410.608602150538,404.549677856901,406.834630350195,411.456953642384,413.19152404238,407.106578947368,408.218921892189,415.199281280627,407.994511149228,407.046319796954,411.653719749029,413.501405481377,408.878153669725,412.960556844548,415.038015089959,407.330063069376,410.536981132075,411.168932038835
396.44762305427,389.361485256644,389.741042345277,389.773268801191,386.58615136876,393.972908906197,388.185601331669,389.064686737185,382.905652866242,390.335375191424,391.720131421744,389.976735316552,388.680186480186,389.235750113999,383.649940262843,390.577826725404,395.986363636364,393.606403013183,391.139643861293,388.677228412256,387.777159685864,390.763411810112,393.919115219544,397.868405275779,380.907936507936,392.110979929162,400.849709213346,390.611111111111,384.040782355389,385.55531167691,388.550603528319,389.43824336688,391.39847231063,381.911374237531,381.649109217661,381.113354037267,382.595045259647
353.095831542759,343.996119016818,352.069359086918,343.33841564468,346.8036900369,352.152046783626,340.872044506259,351.985447761194,351.812048192771,337.706099058535,345.999613601236,348.834391229083,341.017176764522,340.392612859097,349.321828358209,341.667240192705,339.727923627685,350.767398411957,339.789667896679,347.918228958915,341.425143266476,338.298611111111,343.113671274962,343.349462365591,345.784904013962,345.642205184374,346.906165180302,339.966292134831,344.656833457804,345.575388026608,345.95380212592,341.352112676056,343.794437726723,344.175371549894,351.197954271961,339.915274463007,344.319517709118
285.192,279.55311519498,284.72749490835,292.328482328482,293.470518401266,290.776451869531,290.641812175554,284.463642013673,293.168107588857,290.826564739608,271.426028238183,273.570555272542,274.020833333333,279.372389791183,277.227474150665,282.067390062821,283.770283975659,272.977835051546,293.19017288444,286.146646646647,285.292860865034,284.082375478927,275.194080543426,275.597630331754,283.101061141991,274.455681142177,283.035107587769,292.316887284396,279.950875694148,278.85107398568,285.738429537182,291.014388489209,280.463239689181,281.422495803022,290.924095771778,288.479128014842,282.055734190782
150.852188006483,176.190866353257,178.912861259059,240.405083829097,241.951351351351,238.391125718981,234.00487804878,239.2,228.423762945915,229.170454545455,229.9088791095,226.678997613365,232.862686567164,236.18797564688,233.039239001189,239.766106442577,228.80856983862,229.707930367505,226.291526563551,225.206182281708,227.991877538269,231.26731348277,229.242242242242,227.414697193501,228.336681887367,231.714646464646,232.208529214238,234.00164541341,233.654724159797,224.940438034188,228.949044585987,225.178490990991,228.555183946488,227.518451845185,231.482484076433,226.462252475248,228.271120353522
228.802215189873,225.713213213213,225.958923512748,227.4808,227.216216216216,226.33651026393,224.108983799705,225.091758708581,223.741027445461,223.705726872247,223.8391959799,223.819213973799,223.161001788909,223.228723404255,225.018764659891,224.632920110193,225.498529411765,225.412075471698,225.924193548387,223.612007168459,222.96062992126,225.391891891892,225.256603773585,224.672360248447,225.11679389313,225.106697819315,224.88188976378,225.635019455253,225.072901325479,225.14134542706,225.941266209001,225.827956989247,225.694099378882,225.820346320346,223.091673675357,226.226827430294,225.691496837667
220.628291948834,220.328404669261,220.457707509881,221.439617083947,221.548905109489,220.064719810576,219.211480362538,219.726594301221,219.796145292809,220.835433654559,220.954646840149,220.613483146067,220.077372262774,221.92340730136,220.570086705202,221.305737109659,221.113037447989,220.905489923558,221.19647696477,221.112021857924,220.991095890411,220.584441489362,220.446440912232,219.827634333566,219.842068965517,219.699865410498,219.606657608696,220.508771929825,222.43,221.615131578947,220.421768707483,220.586765698852,221.237841439041,220.359009628611,220.157670454545,220.650401069519,220.68793828892
220.356792144026,219.857142857143,220.433187772926,221.048348106366,220.500403551251,219.256345177665,217.911620294599,215.276466108149,217.434318555008,220.380989180835,220.29563812601,220.5374617737,218.940664556962,218.637440758294,218.081927710843,218.028157683025,217.577760497667,217.282343987823,217.789513108614,218.094696969697,217.626911314985,217.564671101256,217.637413394919,217.230527143981,217.411583011583,217.521541950113,217.189291101056,218.057445200302,217.755899705015,217.319486404834,218.045727136432,218.076865109269,217.708240534521,218.265718562874,218.120253164557,217.872101720269,217.794094794095
212.351458885942,211.617742987606,211.789817232376,211.871202113606,211.671410090556,211.639557579701,211.223974763407,212.92523923445,212.249097472924,210.933503836317,210.802024035421,211.248711340206,211.411306042885,211.637709137709,212.271935283136,212.633033033033,212.56547978274,212.343561973526,212.597339782346,212.936731107206,212.361676646707,212.244730679157,212.60119760479,212.157703927492,212.534117647059,212.031030444965,211.862293144208,212.283264340627,212.476021314387,212.347596717468,212.721613832853,212.909620991254,212.628637951106,212.741163055872,212.557007125891,212.817917393834,212.534564958284
131.660820544942,144.874249499666,149.867105263158,139.258292383292,126.813091807328,144.8496316142,141.351341930986,135.697906904092,131.486926205694,139.130113141862,140.624399038462,135.854237288136,136.673586256263,131.499425287356,130.044496487119,123.5234375,119.223942598187,126.518181818182,142.924577861163,134.070549630845,130.50604686319,131.339746597841,145.563233965673,131.919540229885,139.621405750799,132.35564159292,124.461159062885,123.334289813486,119.323459149546,118.925409836066,124.90539818279,117.638931888545,120.202716297787,120.216848673947,126.544449170566,127.656882591093,140.230222222222
128.760846560847,121.562753036437,128.349866463182,124.633707201889,124.76872659176,125.340587219344,127.821872713972,121.872413793103,117.586660403946,117.740657698057,118.954100573743,119.777777777778,119.445634266886,126.98382642998,129.809157368219,124.60120098905,122.842866756393,130.697221219776,128.83637616259,126.816025871362,127.58950617284,127.195002048341,127.05808848362,127.173648134044,127.612756264237,127.593258426966,126.607207207207,127.408054169637,125.024269662921,123.744295830055,126.43035631652,123.10895992796,127.955798864558,128.37968164794,132.620219613783,132.532004197272,125.477503628447
111.266812465828,109.749607945635,107.483046136743,108.333126934985,109.394749635391,103.25978445831,105.700454840806,109.137127371274,112.73976109215,109.915271966527,112.639518741323,108.113549094899,119.216500262743,109.019892473118,112.411159263272,105.27328872877,107.034946236559,107.309965237543,106.924987580725,108.825705039297,104.461725987323,104.870105062082,115.086486486486,107.678863745787,106.349666983825,115.351738241309,116.20539083558,118.559633027523,117.975582685905,109.136387298282,110.195485110471,114.193074501574,110.845913586674,110.550861589772,106.402106567534,113.226353198469,111.50550660793
58.9811253561254,57.168499607227,48.4872938029425,48.8974358974359,47.0281109445277,48.0104489164087,53.9717894736842,55.2630590003758,54.7615255658005,52.0062066447609,47.206543161214,46.0920995198603,44.8040355677155,43.4377038486627,39.8125650815689,40.0227910238429,48.4174091843729,45.6335463258786,50.064262295082,39.5527605357726,33.6744633130407,35.7042004941758,49.9317014203687,42.3710587454364,47.0358910891089,47.9011251278554,49.8926014319809,51.5216385860588,53.8260869565217,50.635107679805,51.5079631181894,52.1394779771615,49.4470438111442,48.2368070953437,52.5970873786408,50.7841995841996,49.0779458963778
1177.66832917706,1178.63400576369,1177.67586552935,1177.72894333844,1182.1495643756,1177.44416498994,1176.98119122257,1176.96918632643,1175.31857070961,1177.19672131148,1174.6189788054,1176.22826639553,1174.60666666667,1179.503149937,1174.94853319609,1177.93862031505,1177.90736728061,1175.63518830804,1175.86473684211,1176.38232217573,1175.68495934959,1182.82956448911,1177.09529147982,1188.04054054054,1175.61179217747,1176.0697954272,1176.08865047995,1175.60513739546,1176.30843632456,1175.08031674208,1178.06356837607,1175.95594202899,1175.6604519774,1176.4369266055,1176.80672268908,1177.9121706399,
864.713289760349,853.387362637363,846.541649569142,858.933429291112,871.783052577846,868.308478653037,872.041896869245,868.607393542349,867.993285939968,868.040988208871,866.517701149425,873.676797194623,869.812625653398,866.850340136054,866.345209436688,867.655979643766,860.922267946959,867.436363636364,897.760099440646,891.841564792176,903.009284543965,892.156151419558,890.000588581519,892.100267379679,883.361672473868,865.543775649795,864.285098522167,869.064306358381,870.345903771131,854.23339658444,867.168647845468,860.762048192771,885.007845934379,,,,
889.025687246507,874.633389734913,874.571287617168,883.797713280563,873.470404984424,903.835643564356,887.452421410365,887.31935939708,893.733732876712,872.214920948617,879.67291967292,895.735869565217,881.051976899156,893.4861003861,878.715265866209,898.776081424936,899.502708559047,846.920217588395,858.683249370277,877.571193415638,859.370053475936,862.030953569646,853.912989434431,857.769984528107,848.081208687441,846.989105058366,846.949793672627,833.492558469171,854.412121212121,858.61937716263,843.13731825525,833.60141509434,846.690331620738,,,,
839.83872651357,839.336903602726,836.069693769799,840.783281733746,841.762985074627,868.652029826015,840.085682697623,844.231803430691,846.584115805947,840.905496624879,841.821017274472,863.148351648352,843.045734840699,842.019699812383,843.9108040201,864.834512022631,862.613679544015,840.654063205418,866.214588634436,854.87392996109,869.109133126935,858.636032093362,853.663928304705,863.925218774861,877.613325740319,878.318869828456,883.005165733965,867.033553355336,886.630875804057,890.545739348371,874.412691269127,876.550443906376,876.378106821787,,,,
1315.53526830915,1315.21341675356,1307.304368248,1318.85953177258,1315.28926512968,1312.87403807209,1304.12004069176,1301.80831024931,1303.37265917603,1304.79429089261,1301.85132743363,1302.02348136804,1302.67004680187,1310.54510961214,1309.72530973451,1310.51091098026,1305.73488045007,1306.72106824926,1307.43223664353,1300.03337571519,1306.05766150561,1302.09944163786,1295.04451864218,1294.07411663315,1294.83663781067,1297.20790710534,1295.3980208906,1293.37391042982,1288.54829123328,1283.40606262492,1283.02951763859,1283.98140495868,,,,,
349.215511892451,349.20620756547,349.58132780083,350.631524654425,349.759820207153,350.808845738943,347.209745762712,342.38690744921,340.924464192368,337.502450980392,338.072027239392,334.526202633701,334.00759758973,334.084683017122,336.153095238095,344.436705882353,341.307692307692,345.07366014732,341.99581239531,345.356261485954,341.227612974771,338.619808306709,340.189866939611,340.769455511288,336.989495798319,339.782772476143,350.059504883034,342.458826370442,341.841181387573,342.262724550898,,,,,,,
1136.75135975136,1136.65556343019,1131.99411764706,1135.78787878788,1135.67963386728,1134.72091412742,1136.54443554844,1135.39493670886,1137.7657856094,1138.09272581934,1133.41692307692,1132.63622409823,1131.77153558052,1131.52553626149,1126.28981348637,1121.81906496661,1129.91806020067,1133.40840685003,1126.30899308224,1134.68912905277,1132.0244059088,1130.8849002849,1132.62827822121,1128.04363636364,1127.76011730205,1138.46834447503,1127.37461679951,1133.59562535053,1123.3418314256,,,,,,,,
1105.957421644,1096.14074427481,1112.190151912,1110.6976744186,1104.72093023256,1106.55824069599,1107.96540362438,1103.29377328366,1099.92219959267,1098.87847619048,1107.58438925494,1108.62443181818,1098.37813807531,1096.41817155756,1105.71444631816,1102.96021220159,1097.8699402787,1097.91563275434,1101.38095238095,1099.62779890156,1097.54221289984,1100.10526315789,1108.39626666667,1100.95098591549,1097.22858672377,1102.65045834994,1102.1960670908,1109.51217464316,1106.88238095238,,,,,,,,
1301.46279569892,1301.17437591777,1309.40653999116,1301.14150473343,1298.13021077283,1296.85375494071,1295.31427072403,1298.7162767546,1292.40068886338,1286.97336244541,1293.21379310345,1286.62935779817,1291.13600958658,1288.87149095446,1292.91364902507,1294.87966368891,1304.5475177305,1307.4288443171,1307.75122189638,1308.85216652506,1314.96221532091,1313.92993630573,1310.2619047619,1315.65049614112,1313.15641855448,1317.20468227425,,,,,,,,,,,
1199.04188481675,1195.98156879554,1196.91365280289,1198.60783430887,1199.94816753927,1200.16740282686,1200.89978768577,1197.1262755102,1199.94024276377,1200.01892285298,1205.07886967524,1202.79611650485,1200.75649794802,1200.36808118081,1200.11035488576,1197.86138107417,1200.8023613963,1207.57142857143,1199.21741154562,1195.65441176471,1197.07737397421,,,,,,,,,,,,,,,,
795.29373650108,802.059770114943,800.292744479495,798.079584775086,789.416666666667,798.318086225026,791.192687173535,774.405797101449,770.804616210413,771.467607973422,771.240305149396,767.190770962296,770.924540266328,770.929460580913,780.581896551724,816.102467270896,810.331845238095,796.917053364269,816.212131041194,,,,,,,,,,,,,,,,,,
1299.34479220113,1310.04278326281,1307.61189189189,1307.30562659847,1303.38615096694,1309.39943684634,1314.4167916042,1302.36615639222,1312.46066393815,1313.1,1311.24362958359,1304.02547307132,1308.58161258604,1305.51480420248,1311.38809034908,1309.00789177001,1313.41870350691,1302.60469745223,,,,,,,,,,,,,,,,,,,
1274.73637702504,1284.54646952323,1272.81160164271,1278.6377875673,1280.13896457766,1283.82228001734,1284.48527968597,1281.33408476105,1280.32283464567,1283.97728326379,1284.06238361266,1286.22948073702,1289.1773955774,1291.34395886889,1294.29289940828,1292.25259678942,1294.84987405542,1293.06892655367,,,,,,,,,,,,,,,,,,,
1189.88970588235,1189.54617036507,1188.00753012048,1190.99632623071,1190.14224137931,1192.68587896254,1192.49315920398,1192.24560216509,1192.69682320442,1189.76856763926,1192.49382716049,1191.62114803625,1191.34973637961,1187.8531694696,1186.44494720965,,,,,,,,,,,,,,,,,,,,,,
762.334396258503,756.261669024045,763.702611792639,769.62027112232,772.028267521492,768.792395026131,769.268180825508,759.518537158195,771.288324632179,772.474383605508,773.060430729669,770.86571846894,766.409003831418,770.612664092664,769.573477192024,,,,,,,,,,,,,,,,,,,,,,
737.649427556257,738.825819672131,729.035725677831,732.573092369478,742.667401690555,735.952463566967,729.211805555556,733.252918287938,729.756938603869,,,,,,,,,,,,,,,,,,,,,,,,,,,,
712.384653961886,709.75704887218,711.873490813648,715.89033530572,713.450623202301,719.261467889908,711.610066090493,713.941960038059,714.852763585694,,,,,,,,,,,,,,,,,,,,,,,,,,,,
62.0295040803515,60.1535380507343,60.3173012692051,60.1894736842105,60.0951751487112,60.1775884665793,,,,,,,,,,,,,,,,,,,,,,,,,,,,,,,
392.11811023622,389.614492753623,394.033812670035,372.62226487524,378.075926592299,385.537022292994,393.595284872299,381.387168141593,385.567768288154,394.869222500896,389.841063698207,389.004587155963,390.032935098482,388.723116548616,385.827694235589,390.371125611746,394.360146252285,391.252359314925,387.933471216822,392.305238282788,389.845807770961,389.363555948695,395.040247678019,393.183510638298,391.065706570657,390.4043915828,392.932162030259,390.673847479535,393.724618149146,394.908421052632,391.236930455636,391.781827259111,,,,,
85.5675422138837,87.4928751047779,86.7107718405428,85.5133004926108,85.5897683397683,85.0067307692308,85.5435203094778,85.4440039643211,86.7251141552511,86.8540084388186,87.0779896013865,87.085593220339,87.178813559322,86.6448132780083,86.3982832618026,87.0593495934959,87.0093062605753,85.8687943262411,86.6058631921824,86.3110925771476,85.9507793273175,86.6577669902913,86.8478437754272,86.3924775143091,86.6720779220779,86.836867862969,86.5455291222313,87.2758620689655,86.4495652173913,87.2136150234742,86.7523809523809,,,,,,
59.9411375661376,60.0108904548366,58.9483115093039,59.7349237905898,59.7588235294118,60.007299270073,60.1609120521173,60.0952698201199,60.0338645418327,61.0120080053369,60.3907971484122,60.9394347240915,60.3857142857143,60.9582781456954,60.2532247114732,60.8994743758213,60.8962008141113,60.3241188666206,60.6364864864865,60.221399730821,60.3779264214047,61.2004021447721,61.335535006605,61.1052984574111,61.7250656167979,61.9041994750656,61.7457516339869,61.8461538461538,60.9931647300068,62.024246395806,61.3921944977607,,,,,,
730.360117589417,727.634534786253,728.037955465587,729.857419043016,728.569384835479,731.676548672566,731.873315363881,734.411282545805,733.52467917078,731.804079696395,734.075062972292,733.325768321513,732.410791993037,735.460010454783,737.102860010035,736.244278374591,735.745002221235,733.924037460978,736.096599310005,736.327537593985,737.389290012034,732.946695095949,736.161868549701,737.613308515589,744.842026078235,746.074074074074,747.97327110734,744.337265181302,,,,,,,,,
716.075455333912,708.087614678899,711.414187643021,710.449887640449,714.311467673431,714.794618124258,714.561220225658,711.80847145488,705.852365415987,707.390960451977,706.803440860215,707.822041984733,700.234245980009,706.154049295775,701.724529951902,710.20185873606,704.569183762549,708.474835886214,715.015030946065,716.391412056152,713.431926751592,714.318218298555,709.741686942417,708.457699619772,706.118313689936,702.469709897611,712.494553376906,709.949024822695,,,,,,,,,
790.42375967228,792.633175994605,783.910005920663,784.33974050937,789.017889087656,791.392398286938,791.882131661442,793.673379483952,787.173768308921,786.878369039392,791.839877300613,794.39231824417,787.732863549007,794.47743165925,793.248923959828,791.395138888889,788.700693131695,791.856938483548,795.783841247342,795.034182722188,797.589836660617,796.114476075106,,,,,,,,,,,,,,,
762.86058796509,764.062397372742,765.375490623637,767.76618705036,757.731111111111,765.528598218472,768.154954954955,767.629778134189,764.145074946467,765.283244342741,,,,,,,,,,,,,,,,,,,,,,,,,,,
838.185979381443,836.132985658409,838.074370709382,841.674418604651,831.375204448806,837.200690335306,836.267179769104,833.676601423488,839.524631578947,836.712600084281,834.949883449883,836.247027027027,839.99189073837,836.234432234432,835.033753375337,832.354969574037,828.453216374269,829.087608906099,,,,,,,,,,,,,,,,,,,
789.530839633904,801.445652173913,790.919540229885,789.875,787.283363802559,788.910344827586,789.837110481586,788.663157894737,791.140636565507,789.797537619699,790.515281173594,789.63838223632,787.863157894737,787.077743902439,786.691382765531,785.03121516165,769.749441964286,763.297903109183,,,,,,,,,,,,,,,,,,,
1129.79888268156,1137.37075848303,1139.12954796031,1137.04374520338,1153.85510428101,1152.68212215782,1155.00656215822,1147.55251432209,1155.76948408342,1152.96215139442,1158.08872077029,1153.25121163166,1144.87915652879,1142.04249667995,,,,,,,,,,,,,,,,,,,,,,,
783.70351758794,781.289977477477,787.230694980695,789.694879089616,793.191428571429,790.644458281445,780.998066511988,792.599690880989,792.896268656716,787.312461252325,792.250986582478,788.068702290076,,,,,,,,,,,,,,,,,,,,,,,,,
752.481712756467,746.563811188811,739.591429410038,732.882398552598,731.792873515316,734.672364672365,717.743609909556,747.054203313561,731.252805670408,720.073572120039,721.21272642824,743.606994459834,,,,,,,,,,,,,,,,,,,,,,,,,
348.404867256637,349.404029692471,344.628688152519,345.617052554208,361.255753646677,362.666206896552,363.095869647594,,,,,,,,,,,,,,,,,,,,,,,,,,,,,,
326.464480874317,328.891213389121,326.814792899408,334.015930485156,333.112660944206,331.450377562028,336.120629370629,,,,,,,,,,,,,,,,,,,,,,,,,,,,,,
892.585594315245,882.501996927803,879.534241531664,880.478472222222,,,,,,,,,,,,,,,,,,,,,,,,,,,,,,,,,
855.689561925365,848.969495285635,845.63978127136,869.086956521739,,,,,,,,,,,,,,,,,,,,,,,,,,,,,,,,,
