Var1_1,Var1_2,Var1_3,Var1_4,Var1_5,Var1_6,Var1_7,Var1_8,Var1_9,Var1_10,Var1_11,Var1_12,Var1_13,Var1_14,Var1_15,Var1_16,Var1_17,Var1_18,Var1_19,Var1_20,Var1_21,Var1_22,Var1_23,Var1_24,Var1_25,Var1_26,Var1_27,Var1_28,Var1_29,Var1_30,Var1_31,Var1_32,Var1_33,Var1_34,Var1_35,Var1_36
7.54400026718457,6.43550195730917,0.656337131570193,4.22876078715067,2.8890837731261,5.9318780625328,1.84015515801666,10.651207761287,8.42219912239297,9.12352223535468,5.75833029439778,4.09171761515945,2.18354210705012,6.16740934646795,3.78624010387983,0.81585617442292,3.10368989762486,7.25939548353117,10.1356319267556,5.89686788497104,7.10449822719935,9.63554103251197,11.3832517141289,7.33943597376809,3.84365049345685,1.0958521678775,8.41180842436783,11.0144224449673,4.57548434452879,3.13696447237034,7.85085222565909,8.1492443659946,1.80901905577378,4.06060660166628,2.28995151253275,2.79866270998034
8.03095800937695,3.42959855070237,3.22613327507257,10.7780175081344,11.8350305774644,15.7493671694057,2.17147552848022,9.66652147721365,1.54978176345018,1.06852801188264,11.416355376925,2.72063090040051,9.15702030201837,7.37442485929324,10.2845928134177,1.30472622377255,13.1753458501192,3.89239712204038,3.54011079506274,2.0195062771813,6.54617229870315,7.53040670458217,9.45158373737833,1.1991593988655,5.0411112457714,5.11197129323398,3.05849327949822,2.71468142010917,2.6459656854051,5.36078010758084,5.99517277673337,3.94393918651509,4.19384984031269,5.05134455054175,2.56340917090946,3.4221435461291
5.10306927656839,5.75988061870112,4.15201175917574,6.69159210668029,2.18905814407508,1.49322198085021,12.3732649623155,10.7358705362281,10.5194286379445,11.7580508864028,10.9941447154042,21.06831215625,17.5072422722741,0.654715426668443,11.7325236588208,7.91281755342238,10.8952674543578,6.88499143727509,10.6048086906513,12.9755156057545,13.0369205123493,9.6769650947784,13.8722391621492,5.32905575864126,11.8214516066623,17.2392916460109,1.44880866856601,5.94219246721863,4.61311957728798,12.7525929971613,10.1133679313053,10.0814669696901,3.55137258281341,23.3407625268327,6.46199303294002,11.7460425464646
5.36458006031912,4.04076396715559,5.81014524624251,13.0958453552748,4.12907691346936,7.10697981354124,13.1440821933646,6.97231105460185,14.410789124333,32.725393960418,36.111214994325,4.10284166093518,5.93566931892826,44.7493126932039,2.49270113637211,6.97899745137462,31.2820907877258,13.2300023380146,7.06454487530273,2.21818225203646,7.66600156210786,2.62054620562532,4.6672915336051,7.17223883284267,10.1488234264191,7.93638544657609,10.7455982637155,6.08540906209382,7.67367131435277,11.3081097869591,7.63379983704324,3.22613088719118,4.01373336289617,7.477065811783,6.89538787410993,10.0539697196216
2.72393987315216,2.50819466497171,1.98956172746144,3.25900091792239,1.27579001897243,3.78734809129796,1.83634186083585,2.20991568211837,7.24951951130886,3.90006652472006,0.973902866835359,3.63084706530358,26.3876945749913,18.8588953360874,2.69488460833294,2.35975749317935,3.18916731494021,5.47926440285075,3.962758933278,6.39726898070752,4.85724154812049,5.20237889092258,3.81285084666347,1.74247423850688,2.47773752082273,1.70301528826897,5.37820863985359,1.65828416212711,2.90749811186824,3.47863324631717,1.58929145700124,3.98754682659692,3.86219117622765,5.40367141608288,3.34849561179248,2.72140490786741
3.84391651770198,2.54810049590419,0.0636438636723863,2.85285344891979,2.64594084085129,2.46478686512088,0.97394990066977,1.98146178981776,2.97888961420468,7.66671424160366,3.40253016496132,4.56522113112346,1.99189816305436,4.5746066678826,6.97156241187168,1.42650779051548,10.0896497956435,5.22942612559865,1.49074206170423,2.06581405544242,7.66278365031482,7.83907801990558,2.84010790354157,0.573234465894516,6.23503150349711,3.188130659675,2.77005516042396,4.60799582671658,1.20775684038886,3.5860270346975,5.25108696609627,8.71471599463907,9.47437427491141,5.97946699402787,3.32625665603945,1.96471989616048
5.42058871943042,3.60121515961274,2.0243388390456,1.53254078557068,3.50950638456757,2.88466717248924,5.37094278147395,5.40383750969082,6.02240294311366,3.29287043565158,4.84321754408908,10.6447659676896,13.1209703485333,1.50094729223264,5.79969704975019,3.55147367380373,4.40965534686658,6.07228543999333,4.12792699369821,6.34533313449749,4.58895331936507,2.39196336187627,4.36478245617163,1.36925772712828,4.35191557169758,4.84603169648302,2.25481568342246,3.27498611453751,9.36237181491246,7.12888672113347,12.0895633902422,4.73894613775175,9.84327996298224,5.88983858047021,4.67399267836392,2.50910964721231
4.5113471854088,8.71189549349529,9.2588822978712,9.12087391371578,4.20492672295362,14.0278149434378,15.2460963747908,8.05705516999331,8.26554972212461,14.1424503446623,1.33085591105267,8.34383612478235,8.17004838862631,6.19775363521353,2.721030648133,3.86792274473063,3.34402126701221,6.17222703344213,6.42580433565393,4.82583871941807,9.72579951306855,6.72823936095685,3.41856287666801,3.81138980976953,5.80947386381868,5.32289025215728,3.12788641539284,4.60303601914978,3.85908867804095,1.83102883672456,4.72254875743868,10.153516378025,8.66325272888754,5.1721271374764,7.20298995047781,3.71114161596075
5.69044351231882,1.82970250087732,24.5820720729271,6.64857033749488,13.4736691883146,3.48371586588856,2.94885388266218,0.543672462409049,1.74425004421464,2.35023465117636,0.823228803924212,1.07817073286594,2.08173261301496,1.15959608974249,2.20630016017445,0.830152604560262,0.192380549417687,1.15757564932174,1.69997114563652,0.632762798877617,1.2864784057747,6.63929520815321,5.83960770338782,6.16080665408464,6.92065227201427,0.595895495596611,1.04684355060161,7.94111908862002,5.15445383015468,30.439031310437,27.4882602133824,27.5883716341949,0.635216705175991,30.6912594897067,30.2396740950495,0.474203839567677
5.64651164820497,3.4171468184715,5.17817702328929,7.46382471589155,4.73927570396068,7.0254391950614,4.20557145347609,3.33719279199234,2.96094108508581,0.84700768977545,5.55864792866431,1.14806758889929,3.50524441856385,4.15899575231572,3.97948774714385,1.94601423969004,7.56893140176664,6.81148375652153,1.39367767656441,2.78129920813878,4.55493820221494,3.47392379376134,5.61036508194654,2.79795022142736,5.10568179898055,5.68483713858785,12.0105505323489,5.05687090379257,5.6326986480608,2.0085552585729,4.11002825867016,6.81839572417351,1.88386503591317,3.94730232583646,3.27096062059006,8.06199848668074
6.87793179415958,4.06238207266033,32.3541459429008,13.4105905646673,6.16338318066111,4.88144267242896,3.14446443269134,2.82312321481342,1.65739601005913,2.13893493319351,0.438125972201247,1.40767535202857,0.315818139911535,0.611061780343804,1.32161317745772,0.572356942375365,1.42973146672819,1.0875634531318,0.801776648090468,0.58943674163938,2.61808299757188,25.1149300837331,25.0574228977784,25.35511830616,25.0654698357807,0.383501829208113,0.204088253878239,27.459433098469,3.76080270528512,7.16027908926141,8.65951362410838,8.11980779808312,0.892063066252419,7.39091606983547,8.17843271202424,0.798242671620508
4.47575501172163,3.82449432245877,5.97115928388692,7.47310612874633,6.2900503987544,2.49075555535828,9.26343348622025,7.68567432082651,4.02336989372862,5.21593046501699,1.96688677890605,4.89736127152511,2.1405430616265,8.81591848500658,7.10660680071194,7.99863420534608,3.33652076196452,1.87432297446856,8.31423168699068,2.30527499341842,2.90458435152452,9.15445837638176,4.13573830264374,7.93338216221484,1.89276279935484,1.9613889043567,11.4811523953401,14.449137426322,3.89118670005592,7.30275416141328,4.20404583393461,12.0684420403207,3.53944524717819,6.94290149747124,4.46032990738452,4.91304450598361
2.41961994213322,3.22898014884254,1.0212930901355,23.6012100453632,2.75930426179689,1.42634051387258,25.7145865156342,5.20566938123073,1.4722701665834,1.41980656634718,2.2225124877328,1.91612669953488,2.07634132703907,2.23991237149975,3.74913839280937,5.13162361904198,4.37824345383803,2.27815918764131,20.9893145595692,16.4359368474673,7.53742599374978,9.69445003236275,5.0148685608857,4.80934841712715,45.618029964726,39.5117448154275,28.7182100517214,11.8089683316941,4.45237128088545,2.4964001749615,7.03898336258659,10.292909575317,6.52473617095732,16.6883963941388,8.79946402126064,8.56831398585317
19.6453702679387,22.1861588886774,17.8904291283219,21.0135957607634,22.9037812841636,7.85495676279425,8.41908896432984,15.9523471540651,10.8836367577826,3.51630511897485,2.65883548397836,1.81908043656306,1.47055142604385,15.3519556070284,27.2293478734566,21.7859927447641,11.514697341714,2.90288301436162,9.3336463582245,5.901735183935,0.270580873727713,10.8062348576275,9.03922043615803,4.39231411596986,3.57367381229025,5.33947216307123,14.8638460685131,10.5878087222564,10.0124011132908,15.5975210496466,33.4498605392835,9.53676119630279,0.377053852887412,2.75156043632664,29.3331713926504,59.2246771174418
8.81645351821022,7.5767072838281,4.94722100851619,2.36269955377633,7.05235328985567,12.5582651257467,6.07150399803472,10.9307181161064,10.7399368309874,5.33519505455349,7.70180128283643,3.70460305544349,1.55580066957347,0.824963192970543,6.58034678363753,5.09645633555077,6.81974600314155,0.397320375444269,5.03614600674826,1.36682500239938,2.26896794993817,2.97489928256365,4.44618257135499,1.50996007347348,6.15828452273523,2.58755929361682,1.60442030785221,1.11036445904529,2.50260332218899,1.67546338950746,2.92648261667865,2.12816600709195,2.81715613397188,2.52529202740508,4.52021110016547,1.43433472228164
1.68079536741852,3.42495852104211,3.00593162375309,2.48986342061385,11.7380944798576,5.7982384915058,2.55880520059311,1.58337580234267,5.90598367666137,3.38012465436277,1.24174620896108,4.33861677734774,3.08147676575116,8.58724489622193,2.21272311809876,9.56353017214004,6.49112102311388,4.18796858724907,3.23345715878258,6.54386437667296,5.25894342282239,0.208581564062924,1.1490368676914,0.330957021486728,1.30146757378323,0.207359104570374,3.11866983841528,3.93929112878701,0.594992400832136,2.36196722484944,2.56814156690655,0.430690823908624,2.63119676340202,0.55011195511506,1.55302865280483,1.96698578720768
12.9997292429746,9.63247326192199,3.17923456369017,6.84152634872667,3.00171475414022,5.06825216964974,9.36622290705805,3.83016608678484,4.78740198427263,11.2546896582155,1.61912989100644,3.79196092781449,10.3267128834511,3.68795248078954,2.03887578057617,8.83954092234173,5.46508925540858,3.28146474221991,1.31518934334526,0.900276247837402,8.41737163593338,6.72935424142473,3.60643719467983,5.06820011851232,3.27232103944769,4.8174741177319,1.90877510302482,2.12433028628259,1.86322428356508,10.889384858985,4.88950784691132,3.30471832902957,11.0487933519393,3.17782431759443,2.32428213256719,4.60047947839067
10.7154392304765,2.60822251599642,4.47882364307888,3.53457786910741,13.3789655746651,1.15429947973839,7.98797230816982,8.57190176707381,6.24568411259471,11.8173650310944,5.47219407073152,8.51194475881066,2.97008188203141,4.85575728709179,5.02903597783913,19.6721074008216,14.6811283715531,1.87796451086605,2.85173677429971,12.3920515069311,7.22488522038967,8.04208095262754,2.84543235724239,17.5244591515852,10.6287197366935,13.0718077822022,7.82809934854981,12.4863934193817,13.1162119384102,10.4724195407707,9.37805416377205,3.27082618945482,6.82198121357821,12.1600295093197,10.6573670484339,6.81083265042383
14.4845077178935,5.61808979367645,8.93175461089071,5.25861238079009,11.0211564295263,4.29432351618128,1.51898327831191,7.51898382997582,6.038550502222,3.38808331031522,3.54589714280564,6.80302656779617,11.518510462018,7.69901193864859,8.68144400252641,9.03399854288413,9.37155268583953,7.72608422778036,4.87258764701734,7.50100782852122,14.9675164806029,2.24594361339559,1.57031268924271,12.6274216289571,10.9989967702809,3.78235256451366,7.29192704267237,7.76946410999246,8.08224257225073,6.42833151465105,2.43951826795203,3.99044986436256,8.38299107982077,13.0635548545223,10.3103845476322,6.24486527310275
5.16550069197318,5.92146003949963,5.8946486051973,1.01586580678802,2.06665680775338,2.05622372457346,2.39491749138421,3.80543294656412,3.46077594090459,2.77545291990986,4.50182208590643,0.545780888117622,0.3153754436939,1.48796264442087,0.660193159436602,4.25730809115487,3.63469191145164,2.09294910887414,2.01367847839898,2.84176602214644,0.258153592504827,4.1880608602327,3.4526905406026,1.22006917616867,2.92762407186449,7.93635821316849,2.9333231396193,1.22107603663408,1.98374351012117,6.51883822285019,3.23395817321205,0.551993126655158,1.99764062441429,2.60151080791009,2.13321672140202,1.24715329580401
7.52007103605922,9.0644788912304,1.51865559796637,10.666362738883,0.950266147756638,10.808204394116,5.21296492222665,17.7410078805381,11.3282746881982,3.60364033575771,7.94500250673393,11.7011376814649,10.748474506751,9.60776931177196,23.316324347644,16.4626497084983,6.48956706162987,6.23009434436704,22.0340234358487,15.1656242420574,4.14271325800482,1.46809976493198,9.34874760061852,8.48993448122412,11.1363573105105,3.94326990104916,7.52260206563596,10.5273937561452,6.85503560084288,7.34134575383124,2.55473444201331,4.06526114384295,7.61203983287832,8.1515461880637,7.14936131652936,13.010621594125
9.4416034058127,5.30977040506326,10.1021978300061,6.96068640325851,5.77117829983961,5.10994625149831,1.35163539936352,6.29460610005464,9.14400777014147,2.41956718199176,3.60073918160956,3.6965134460476,5.35380431955797,0.12439298760738,4.99375085488046,1.99145444011535,5.66558544660924,7.04166542268299,2.89409137936385,3.47872791267881,3.25634087076608,1.90510594418775,3.09091155663415,2.52798729142597,4.77974261188024,1.95259826314325,4.55054914698457,5.95747275557027,4.10795067371992,1.67657368637987,2.22000175581698,3.18106467066749,1.66242508041276,1.51309228863237,9.59553012677523,6.10972191316591
5.48541418047142,2.66279134988867,3.95209860882842,5.7478557273363,6.43940540583846,5.40398592515892,3.2747611100408,8.88679400314886,4.03087932508598,1.65688118081514,9.57876632076507,8.95512154506351,4.6291397942058,4.85814360704195,2.7225771398393,2.19563161124021,6.14725247005167,2.99544835433476,2.54206878728287,2.2048830467309,5.84669976312076,2.68047971166109,3.81932615924791,5.73614286099358,2.41365752987711,3.38338369768674,7.42756038287062,8.44373906395672,4.98565802195805,1.23559630376645,1.91033053942015,2.95377380912433,0.990584205437255,6.23481357582871,0.461749013300782,1.41049712752804
10.0197371326037,9.81997507643846,11.455874564108,9.86721564484409,8.85702825563715,8.88525329894958,4.13889908430373,8.54376022403419,6.02019927075414,6.93452526276624,4.58728098132065,2.57545317971983,1.2107065205443,3.02121314145618,3.36102213721369,3.33334666075003,3.86847196624395,6.22665796386444,1.72507024557872,1.59823892774895,6.61378246993976,6.27533067457575,5.57252711593491,1.86961225934178,3.50357859773859,8.76100944479686,5.33120118983557,5.74501479671712,2.08716088515199,3.41063827221586,2.27756089610391,4.99749933142433,6.20135346472448,6.49527024427003,7.02649137724123,2.3227666572392
4.14150280867069,9.4457981322205,14.4070460273474,6.82844985342336,8.01985780259334,2.785013441206,2.30831172005155,2.71560179778795,9.67527807800862,7.19330451267659,4.27187634234612,1.4035593602338,8.22800181977524,8.34899503096513,3.35521978830162,5.99859842116916,3.73586956176583,5.30001876683473,3.51545770223661,2.82002579357233,9.01942496278397,16.2573855353525,8.81038830307095,15.4434994401515,1.49595916938223,11.0828667478245,5.16255935111747,6.83519295384442,6.82432849181199,6.03831217966705,2.11160234811611,9.21234877913047,15.2448422794606,3.73268180828138,5.40832758759156,8.96389888798746
13.9312944267743,19.64182137261,16.4452874888438,6.51890809342053,3.68284298931475,13.8371695098777,7.8862317095518,11.0112630878612,12.5767244477508,6.69318698866801,15.0654528784608,12.9824895905246,11.9144916629344,12.3522002707262,4.99124935650557,8.16966479060128,7.17069546901557,5.71940090481743,2.517539664041,3.24853938450316,6.37792113025602,1.3999642958563,4.95668364188898,6.28842237924317,7.85661042290496,9.1637106543735,5.27757917709684,5.26113750423708,10.7536365883031,2.6087936812979,9.50568709442046,20.4542855388675,12.6215663432875,16.1419963831332,17.6043169880097,11.372586257861
2.78785166995847,1.85860837179824,0.403931619747661,0.945961635258401,1.71124471024412,2.34783305570119,0.887908930772677,1.61781087897162,0.122512594031388,0.76694311523724,1.05279073023167,0.29649175440521,0.521251440659759,1.15353634426641,0.943062689252153,0.511697248672308,0.424593893054528,0.386182456741316,0.136629894526252,0.817700871341256,0.574058722829152,0.0634423182655024,0.5110761555465,0.195968513414323,0.225382173413128,1.23096740540162,0.891844771872781,0.414856748794035,0.28593897973839,0.449185551803705,0.358637390743132,0.299358685601929,0.445938139963687,1.03984921480895,1.12834179254599,0.925544660941323
9.9326962344866,10.5644726118457,5.56906033983113,4.84891365678297,5.77952243480146,19.7144069408922,8.26608454864152,23.094550897662,13.6506186693888,8.94262177441768,13.5627686104668,18.019746147311,1.37504487144963,5.80006400952863,9.41175621896313,5.90471528302698,7.94934893851269,17.1602472300072,10.108218095184,3.67425428666574,8.13136470393123,6.38382567870007,8.20621893696054,16.287999517103,6.82237925156669,5.75267584157789,3.1305170721646,11.03704833691,13.2853750885744,4.98663760917026,15.092652603615,8.84443257248089,6.84890070145173,10.0447282998835,5.65350215003113,3.04954994294357
4.56787567224095,5.01114911608122,3.83827896381249,3.55941929669174,1.24351280339162,3.419966834305,1.26998413321857,0.472408360580581,2.25444893103277,0.84595128452278,3.13426905781528,2.75482581156081,4.66239768804232,5.34491920264723,3.84324709600242,1.62201191272186,0.642933929025503,3.73393071346704,5.40721682497417,3.87843073047315,4.39868580340267,3.22489200567482,3.86556796679403,3.80882145832543,3.51185121629435,1.4469422390275,2.03404798903223,2.84113079442938,1.35018678810298,2.09659837127795,5.27698003338191,8.9543203757215,3.33953564338508,13.6277901155559,16.2750138006199,3.58129807983896
5.09664835931199,8.82185926900816,4.9973253056263,5.77387187104189,4.45895804178033,8.95799811690696,11.0115666375571,21.8099214367032,7.59922020982075,6.93875562800389,6.93469424759372,9.42598152331394,7.39263803991722,1.77445889399028,0.656389613678508,7.84432956671613,14.6320519500963,16.7724957319607,25.8967598677865,19.5198938946364,20.1078696070026,16.1363768788663,11.9656294918466,14.3605940070273,11.4059857772686,1.67074551043902,9.64831002115737,14.3780017791005,20.3059107617446,21.5709664251851,16.5653578767953,16.271026754735,12.765165854703,4.39034400862384,11.316890780774,5.20549737755831
3.70871502328723,3.83758179209352,0.190949993650004,4.06977847424391,2.94762648551477,4.93615631738731,6.23736670166705,3.29826736390432,0.346239648617398,2.55949502457745,3.06442542650446,2.77710169480101,3.35251444524558,2.84092771437725,5.34984391262627,0.917666257230542,2.9548909493094,4.77441829452306,4.540012324715,3.97646924907285,3.81758654337598,4.92235564664858,1.15934731972107,4.39348046956826,2.29260105928022,1.47451736715771,1.43674503575573,4.57001066625109,3.07455427038559,6.45288234673685,1.24184813489468,7.84487377045827,2.36977410689785,7.72969344920552,2.13368302209669,1.35537078827659
6.56293164849199,9.65529847465424,9.3893217335511,12.5344315531027,12.2170228675414,2.39822948419029,5.06799865793939,6.87191291542042,1.22455851058324,5.63798832778811,6.29237240074465,16.4086542014329,2.37363649113196,0.701236190470271,5.53907705679011,2.96769262726829,3.5031113664127,15.9031547457002,13.8881824980085,34.346935532526,6.05177916969384,6.13008939947457,4.48736810401065,2.98128150470629,6.28818737479176,1.42384659248044,2.39156404984177,41.6816869943045,40.388052401099,1.35024180793077,0.611985386402673,5.3847249112805,3.55725661064969,3.53540912812524,2.4081788735996,5.6034336748834
12.5290137259807,14.6068324033545,5.33640993638994,20.6121994051176,15.124348487643,16.1250450471039,3.92025510377992,8.63413479116452,10.66735220002,7.74075224212097,14.1253623981547,6.41748359906726,5.98339248131205,11.2052125542939,9.34278669239141,10.5610306762094,4.39273686851279,14.4918797755944,7.5172341170612,8.6360031509351,4.01821301556104,5.3411253177993,5.10623790621596,6.5806868041343,9.98656402968368,3.43304123917193,3.64399542867395,3.49850300582199,5.68503195969785,4.43805711156956,6.14113981404241,7.89879114866502,4.12189785491904,2.20940606768511,7.51859128078701,5.13771155142132
9.08621555228146,17.7219442504477,13.7200695605231,7.80003198539382,8.43039289173169,2.56916213853498,11.2385433611172,10.9358082541637,3.21074466560645,8.53324798155739,10.0129686571894,3.70589765986578,5.94653792128864,5.05115736226138,2.34019107157159,13.362875668916,13.1778644387704,21.7887559106817,4.26969609101085,7.61744491862238,3.3107089036588,3.54887173772573,1.6368465551489,2.8188894326051,2.76653673079112,6.74698872936099,9.95888887263614,6.60299136695832,6.25165140266164,6.23735550483615,3.83207015811989,5.1522753968332,5.71891591407784,0.58572722216555,4.4623847098398,8.5424672900844
5.99218144307228,2.02665203275044,8.35056796742312,19.9420320350581,14.8355518560225,23.0021410761736,24.6585779958801,20.1041109633578,4.29805581781892,24.1251799353374,23.8808791210441,2.90790351636816,4.9538135045931,7.16259077552685,8.72950300177527,2.91380835431119,16.3952088768815,8.57762132777648,1.68857162060156,14.070502270106,11.2828908859972,12.1745484788629,9.8540944307362,6.04296705117737,9.09170773079328,7.86307616960932,6.77618134628609,8.69126499148953,5.10227502443736,4.90836003402266,1.18612141464175,2.68224617763987,8.47575509756678,5.13904924022384,0.988887252201134,7.43998335043606
6.5029381195121,2.7346325592912,4.18614362666785,10.0379557230142,5.79727614408126,7.59464314355641,15.1049461494432,6.8411085800131,14.1470368055272,9.19214021354207,13.3907845098089,5.18531338276296,7.37322160581953,1.28117414102225,2.54172178241613,9.69068597331356,1.28384980683582,3.23979572355391,3.55664506056937,4.4928654502046,4.46655928537723,3.38207089698268,5.93423574836563,3.26288602764727,9.94724128857286,3.42454880609869,18.6254082240103,7.38217150751506,6.42708886139345,4.01545236507695,8.50333129885694,4.87955659169177,5.51425536440656,2.52572665848069,7.50948650152688,4.99904353423619
9.64069220283166,3.05806571807809,1.51940060022966,1.28590687066463,2.32142209381903,2.68565554196296,5.2107460021496,2.77619080760915,7.66306530102496,8.86603684384716,1.99104599023444,11.2567238705868,1.93666494339804,7.63664178514692,4.34473801587951,6.06657865393915,8.82456165052373,2.38856116814477,4.22077478456668,8.62706281048805,5.79475896932904,10.9735989551448,8.79829160192017,7.74834305622566,5.48178081865193,7.16784159169378,2.39981845683771,9.25306725571307,7.53771269373361,1.90293800955082,2.67182842737651,11.6458383717964,2.99037253939225,2.81732182219575,3.1998670101174,4.29647583268807
5.44886170709695,4.36381368087421,2.66853505511637,3.4642402747085,1.61109869948276,2.10431533152,4.19887983279958,4.26745848439745,1.37187843656104,5.80877192471373,4.63435947074763,6.06555744630938,2.98490353202239,3.67302857227986,7.36763173464986,5.43256526531241,3.95923269447879,2.91837302953958,2.65252477368099,1.23263404366919,5.85962574124511,3.88209986721827,2.87427255561904,4.3372448799832,4.47916150045102,2.08824689644956,4.50139575496838,2.11127397523197,2.84192818740251,2.05162369064936,2.77667259085892,7.93450345693368,4.77679481460206,7.36739016504952,4.66393680341697,1.90682187897932
9.8846816037745,13.326012378984,9.41035946636094,3.33794758138859,2.97868010222239,12.159605620927,8.85093291497161,8.46863035977843,6.47729003082717,11.9696199710649,6.94743909464623,6.74761085729469,6.25317825989048,3.90013374514875,5.25587637498213,9.70108902816656,10.8158632653924,7.43312459595083,3.31379345008625,0.599906728502234,10.4358752130871,14.0268391716612,3.86498438328397,8.32765913826879,9.29780983170343,3.24332338946108,4.76939591937036,3.89355449584618,2.92293852870373,2.9091770140674,4.02498969590529,5.39950819098584,3.70304541872613,2.94812655459553,4.35789450753426,5.39289846577262
3.65115047934998,17.5239979212683,13.6827931675169,2.23861424528982,5.09572996755951,7.05066727431155,9.31354964544199,14.6891704378982,10.6431298646683,11.5274414053519,6.01622976374253,9.64100320250669,4.38143474071915,1.76359367296708,7.70746135676798,6.28376944264626,6.46602836115164,2.13088562644567,10.0401315789578,6.05736398056536,7.11751645730898,4.57149481540152,2.83003325477812,3.44867436597477,5.21742083870409,5.43072464261979,5.47959433770919,3.67351368023284,4.97112631487088,9.84478847656186,0.87237388976155,5.21742349936714,4.25400220389794,2.1302658407939,6.95197641958373,4.08779389817547
4.32202116355096,4.37426421034298,10.5112710303546,11.8168352203577,10.2435462302727,3.09738805639768,4.90700499101341,5.5191204715414,3.79478016054495,0.205789731818069,9.95814166044297,14.0631607198845,2.70256215232689,3.22656688966418,2.89232389350335,7.26261652390519,6.75817918509888,1.18645755281907,11.6633937725865,6.01546543509183,0.52843707942563,0.990301839875531,3.68950356184782,3.32812653343766,11.013853077309,4.52511512209691,2.92173867990475,4.23727757496551,1.85656836645502,2.77449244029375,2.19366582029715,2.98194988615976,8.38894332990084,6.85854350212045,4.12760327461217,3.14379438269094
13.0943209676888,22.6147089411229,35.5056091497289,16.4808058788178,5.44378124118219,4.95130442800347,16.4677217590111,16.3553037923351,9.59565307060371,7.09351369879142,19.7464623951579,33.1179689654855,36.7546806010427,15.4950965943258,16.1771376964823,6.32256328270418,15.1941503949896,19.2551166050718,13.4452398304254,10.1537150783302,10.909093132795,9.97179643760791,15.5444841492538,11.8707489416394,15.1520328559353,3.07276324713733,5.72941685355265,5.86135625928099,18.4220312861912,31.2157519001653,38.7988345155261,19.3426490406895,16.3745700616494,3.69083823035955,8.9277247896969,11.0178405411463
9.34841771798926,4.7839447712175,3.39044420230106,8.49078584811857,2.00785588125236,12.5046067848746,1.83709264503141,3.76325545223856,4.77855596716832,8.0064197796169,8.42318759771421,9.31810514818568,10.7965002050663,4.0555428591405,8.22665999816024,15.5696880103479,10.3746659524904,7.54226059766047,13.3747593058162,14.9088020752559,7.88274573786736,10.8034217079054,2.06443860825232,13.9098603945316,6.85701206909186,19.7022871139931,14.01450800495,8.88991961087617,3.72325908612779,5.19734362791969,6.44098876280214,4.68429369588344,3.81065785767992,4.42392837490295,3.18378297551683,1.22971483097866
12.2240170713051,11.3044978810635,6.99296912883085,3.53510462832138,5.64109130335509,8.84728231806377,9.21377835423946,4.01886027827177,10.6855739968811,9.1998814854996,2.17909338616045,6.01014515904097,4.15535220360467,4.95430088400606,5.69582929454169,5.64188296801805,5.55541284690991,5.75681399797988,1.27871737901984,4.33033747737508,4.2666162584255,1.74404490825312,6.62904990614447,6.04099638935688,6.37930129776401,1.64234984879762,6.08154046548532,7.43718166756752,3.68091713215719,4.30648184680397,1.85487027381783,5.6663012975919,4.82275948270386,1.73701578997525,4.97495016264022,0.612968125102839
10.5116764137931,7.49000646325466,4.30550697725036,5.64631195769565,15.5203094654734,5.74957492858638,4.43397604179125,11.5190492938799,20.3468870547761,0.860528106436713,7.28395140243183,3.8404961134745,3.27418523202753,2.18795020866348,6.03728707777695,7.45946364665323,5.55920945846254,2.64525595642115,5.45961592496037,6.09408109224341,3.02739086051651,4.64383174819081,1.76164776804544,7.62229585815959,1.16325687950413,8.04247950229581,7.37173445054757,2.60693987924485,6.47454450379164,2.1311129863269,4.69019106190051,4.35213875560069,3.67026647409873,11.3218665245363,3.30876204320251,1.59313029856035
7.27133723761792,9.01416128462854,4.65361624643737,5.48390101061742,8.00557180538841,5.78954154488313,2.33008006693068,6.55500070404673,7.75505981831304,6.98022527240938,6.65360186180108,3.2091027291352,1.12886917771063,5.63254310432645,8.74942233112266,7.03759974714807,2.82624450737187,4.41906889952728,3.82430520532632,0.920832852322854,7.53177306003567,6.48808294822837,4.64182164391002,16.9825611885342,13.4484153171941,11.6683543346105,11.9529391539659,6.85347907102031,1.91681390176304,3.29277517148726,6.12254577373441,2.58696300077271,9.77761173219294,1.35599882579085,1.25544309401014,1.51160291160569
9.81276011368612,9.07349540462368,9.14075470407259,3.78838545405877,5.51295916250188,11.4250837220946,11.1137270820274,3.1652324363039,18.6634904220893,17.9681276143127,7.71430541215081,7.86611083724747,0.939555202664674,10.5027904588397,9.10533505411733,8.72195260646346,14.0359637776807,10.9829184686372,8.27925983328469,10.1252611845578,6.52374595087795,4.81880335504577,2.61434151109181,7.57755871528089,14.8483218566372,6.98735043182861,7.32088707007555,5.27195774560395,2.52600315023212,2.95803328034818,5.68598935804187,10.753198141998,9.67939240917573,8.62653468304887,11.2898815361212,7.97449827400932
8.4408514130161,9.01627004076222,15.0700720373809,9.40277657000791,8.89148432741527,0.927398786634385,7.61917335962249,8.85018635964038,2.58562659054405,19.4535287616771,3.90222170979729,1.028810480334,5.84377852172487,6.48399992089813,5.39539646817761,3.27005288562123,11.6450186839457,23.7687249988013,7.51601404707797,3.54977463760596,2.30745865420938,8.8973143360988,2.07821092628332,11.8826027634867,10.2672969386711,11.6350300185456,10.1668791506701,15.2654222949474,1.53145793416422,10.6073886234528,5.29103806985313,10.5590802577214,3.83432204217872,9.50206848102265,2.4902151818585,9.79801180965282
27.9362995974799,13.3411740039055,74.1661658245714,4.59576061568028,3.8920319338685,10.9898226188821,19.6597909439823,19.2001752458227,3.94400119653512,1.66311259367373,4.78291910375067,14.8684076680852,7.58782663722263,7.52967132065802,21.3793571834236,30.6764404940916,2.90268965401662,3.96558676416423,2.33018261313826,2.82770057728245,3.2754553680501,4.28109600299204,1.8759007808368,4.53377433165819,11.2405998178111,15.2462483839164,3.05966496567477,9.54942931877414,21.1006689056363,14.0029229487467,3.98143475609459,3.47347889625039,2.45595405408937,7.50341714571224,5.97348485076394,3.33726712073846
3.09554994739557,1.05852165686922,3.2630273655633,0.265302338913399,1.34218596697422,3.52766780869252,4.72170365123998,3.60915195513317,0.252284269918375,1.17757919666988,0.536809677089985,0.762110194244317,0.428924686796915,1.79032969580787,1.05670339920057,1.7680930347442,0.490268850883024,0.641097413113484,2.60425089662219,0.966943061609221,2.84416941491466,1.12735633364693,0.720306740262101,0.602662130443984,0.366929249280627,0.225563176441547,0.776722855812193,1.35738248808329,0.431840266727413,1.08337662707666,0.161194461861103,0.151491843100425,0.221048057214975,3.38098120141777,3.85616799149446,1.7726625500907
1.27068939187896,1.137035683637,2.50604570238497,0.775069007088406,1.50343510116646,3.66254634455569,0.826579182691932,2.08831740073776,1.08904661866658,1.14680846448832,0.70349825643833,0.570868712400347,1.84634369317525,1.5002843290304,1.33955843442964,0.840152050231815,0.450261331147453,0.484233953246843,0.0844816060932765,0.688583350651304,0.426699959965988,0.216077189414778,0.661271983157698,0.325850107988901,0.553514297589274,0.797382042571704,0.918885413153899,2.71825043007351,1.06740822232937,1.47268500937635,0.20601180362367,0.651095467913194,0.90990824877195,0.304863496117632,0.498448746889746,0.754775001728318
1.47601900977653,0.708664627795047,4.03084376363082,0.553210577177087,2.00810358277077,3.31452182523378,4.06701606916013,5.233503283474,3.53779527406793,1.33510257597579,0.324414464767279,1.61936273690125,0.35039188376304,1.07866097199213,2.408412731735,2.32866774686213,0.425724237081392,1.71604860374834,0.765499491945151,1.01714103304475,0.765499202315097,1.15759913628614,0.435917451899704,0.310456945156412,0.400957868078572,0.451452874109413,0.869923530591481,2.28408794060351,1.12939701484476,1.1898728512509,0.0811608863754363,0.391013740406129,0.722168380878161,0.705849502678063,1.49550292392609,2.34170618353533
3.09586595729896,1.4127753293514,0.767128883759622,0.577979453160397,0.658749946466321,1.71561249672939,1.70212472231146,0.971643900405629,1.42857739619486,0.252120277547334,0.58162479433339,0.356964954708077,0.395369350604038,0.636868186356904,0.627840185634841,0.280466087907937,0.243828281207161,0.351565909500195,0.347856312798153,0.575057067314917,0.124320609381171,0.558699518278109,0.561210151688693,0.384453423880424,0.5066200854403,0.512090301968508,0.614378519023574,0.229151655469231,0.131939598413461,0.423865174975978,0.188083559842064,0.281010062896964,0.113056295541114,0.539255252095461,0.33934666923444,0.297399612795632
13.9684911081529,6.42149480080531,11.5209140755493,12.7321028631117,18.217944794263,6.28486426353931,6.57029713200343,10.2351057876057,13.1403708298924,2.791063931408,5.34785831854574,2.19302537395464,6.39964349150787,1.96420199612667,7.53471277531612,6.44848038283659,7.78082091559986,16.8733293134402,12.7383570710484,5.20046507432209,7.76950294850223,15.5764061045491,15.6149384966017,9.68879080028073,15.2330785434018,7.91502931063156,4.63394932112047,4.08669431431447,6.79727542335982,6.85580606728077,7.80796111218437,5.74142140385502,4.77151730175767,7.45178929324066,8.88380733725381,12.5856588966867
9.16035537667535,7.58646789859879,5.29764856644875,6.81147641154804,1.50644340247142,3.76866883512015,7.36189040917421,5.0164783738772,1.04935857872391,5.13730528669081,2.92807393714502,3.87938466266586,7.59879756712242,3.96165177357003,5.74291253902921,5.24603002594321,8.23598717963228,3.16985605710922,2.02046729784395,0.809203004748649,3.3071201004865,4.08584765276842,2.47044493376663,1.68337623062189,6.70956720385202,1.57071730896276,2.07830985945473,3.68191434642997,5.03840633386365,2.69810151467579,6.5948535586983,5.22422422966892,0.491721966349202,4.42538246863036,0.461917387341501,7.23026545325497
5.88380320477017,3.29396182850445,9.25908038643265,1.0626788239819,9.91704800870241,2.56093426790668,3.55862755732744,9.34161060014867,16.4862666158398,17.6304231448771,11.1872564623839,13.4254083915697,12.9215963361537,5.53799152985163,8.47800236292073,7.85198592581115,0.314730687963545,9.33734862235149,6.52055955818302,6.12168362791325,1.1126248180392,10.7607858320001,7.54576059360055,2.015571322673,11.1928090919325,1.2629741257709,4.62796265955196,5.18904148726581,10.4238417310711,10.3761629473853,8.67112036539935,4.23173801289009,2.66215952844878,4.17615643900604,7.36900655637801,3.43367742698687
3.37704668641744,8.94678794387402,0.756439699451794,3.38174264269683,1.27410779650195,5.9918593558567,8.18936829529162,0.583906098285887,4.61735610883096,4.98905519587905,2.14756819248783,3.83979395448133,7.97072039223671,4.57118642043545,0.961303166285727,8.51441692938225,6.0552417642435,4.65538558015504,10.6038274709187,5.88849261063521,5.11195110064509,14.7236547447836,7.6170751593149,4.79092871751781,2.19576925464089,2.66711209949572,7.11019309766895,2.48431935841798,3.48304405335089,1.61051532598747,1.43465194613015,3.10148707253564,2.33095445482537,4.36282411562083,3.33026253759423,3.9313248388228
2.92494111878899,1.56918004118937,0.118832457612725,6.28100412474051,5.72164838501557,0.567944747641952,1.89551210660741,1.9243093268335,1.88691156265127,2.99143679645688,2.45560780267108,1.79217598213142,6.79436314585327,5.79827403510728,3.4116730279878,0.261006797426333,2.74157703198864,2.36547411395677,0.714109744316317,1.0778254191553,8.08700838493641,8.10921976859967,34.0671450198323,36.7342904514263,2.02492411874642,0.0801110705575481,2.29176348106901,1.86676839105566,1.46356176126158,4.87762553873689,2.99840187167219,1.11136568876862,1.75085538105498,0.373280975764221,1.78027093588375,
11.4064708441157,9.86148495743517,13.3606764046992,14.1414632179634,6.29987359398766,3.83265580591305,3.65105211472298,3.81601064393624,0.671643870314086,6.16625220001989,11.3441939366174,5.01861125761673,4.54080013630074,2.99037892053085,1.85859635486041,6.89556850044279,6.56749623821151,36.5654260012526,26.1854084586653,17.3909438326027,18.1114706294338,23.5861475444135,14.4904208598617,17.7515842481204,24.0850106796379,1.26159420261041,4.98247648033878,8.40166841430731,19.2392046488728,15.5811493986442,6.53539710603928,31.2149486741753,,,,
14.4181718683746,14.1078481203099,22.4225863762692,14.5367929709762,31.702200033942,16.5890910334353,6.11323025316941,10.6317154807704,21.6562977030958,9.7873226765317,17.4777018028156,14.6847250289125,12.5390120323635,15.0724414148939,20.1056216884936,4.85682765667613,52.8562575086658,30.3124019623357,19.7305685240834,18.2027051339921,3.46615086972505,9.13319309480712,7.97473199312906,10.6491630179417,19.5816308364881,1.49759267278116,30.3814084084475,27.9435499626446,26.5393046923139,42.3215638348662,11.2186535858622,13.1032794646644,,,,
2.93232797034612,5.9951651409934,5.1473831382417,1.53563548436114,52.0479011058565,50.4265702707435,4.15125116136919,2.3725090110236,5.88860193988345,2.59776982016915,47.1756934108017,49.5282525856022,1.06736805044801,3.80483123688723,43.6522400698843,5.847170125024,36.7957653563869,47.6624732755313,16.4410136712464,25.4616657749676,10.4782277503108,8.81272503342777,18.4466241643138,15.615082440856,3.90297506169927,5.02222134870291,21.0338681564461,19.8243564101587,6.28396902066238,17.6500755335797,5.04004820958641,8.36511325030632,,,,
1.07396297860002,8.39369637486499,12.096451389363,8.02694352297641,7.81768875819174,8.75419202475997,3.06638603090131,3.74060890093577,1.61541281388483,2.9550416623728,4.17914373260384,2.86855852608139,10.243615734701,4.66376853686394,4.5938623856829,4.80798759626378,1.10661097888407,3.80492334177604,7.56565225802199,6.13770648237182,8.39814196162335,7.27651607415513,3.66147341313411,1.0150074904854,3.08983840492009,2.32566885003984,2.49069626880209,6.5588472262244,9.57723961570248,1.09480561044914,8.23059328340218,,,,,
0.315339150800105,1.60131600704967,1.29022403912181,0.872506281860374,2.65505296953478,6.22525032135754,7.90673612266845,6.53258097112143,15.2734734263809,0.570110667980889,4.40674622874673,4.20501379964738,1.52210145310345,2.0752115176641,10.3933951099738,9.26836237579786,8.63146409982313,12.8633625688335,4.96064328215032,4.13719111653247,4.37475253822096,1.63873401053415,4.01911738707053,4.47798486500494,2.82387304058509,13.7840940390475,13.1008200324018,2.3015208214717,0.510667721498786,,,,,,,
5.1712542982543,4.66619531150575,3.85910943031604,0.68623444390215,1.10004034965064,2.07587166368367,1.96534275631297,4.98196206522497,0.381341397246201,5.61024787574859,1.11046227667342,0.882863795830253,7.26228815937012,9.25337614786466,5.27682151973523,8.16149898551579,11.1997985618403,28.8506460482641,14.2759792719301,7.4908424077888,1.22406870164341,1.74345718078973,5.03165639782175,1.11837200296098,13.3472414357885,13.2562162039069,6.69049591464475,10.2871007319637,,,,,,,,
11.2039451733113,16.2596369454541,1.49371479771152,6.04833056350157,3.54005977381652,4.09071903620918,5.58092882977424,8.58470454059604,7.36790775971467,8.94904762533784,2.12947000557231,10.3689484570155,22.3557280505128,22.9059064029738,8.92342310359185,10.4930959436781,4.82960983233335,5.39650306965204,6.74253492570009,2.82832870852833,3.41553297246833,11.1329049358198,12.1455244255153,4.88459845957491,5.53929939179902,0.454749119117787,8.27088305267042,3.46447230850922,,,,,,,,
13.366979635976,13.2403794424213,10.064865337149,11.0167549477734,19.2552620060495,11.7954928089297,9.69997098181215,10.835228938031,9.63827727192097,7.29075093750096,11.7627376169806,5.71430806408998,3.92341238951109,4.80951634778937,3.63604172760603,9.7684579433362,5.6993904533762,0.845052221598558,6.70258812941117,13.6826209533916,3.77447824418471,7.73536291171437,8.32708941858798,3.09174736620506,4.75310923095453,,,,,,,,,,,
3.14308024199603,2.24328020371972,2.55948690776311,1.51225320229763,3.20862895488638,2.91273869683374,9.71012916870739,3.6816548829026,1.22597684574591,5.06976522721154,2.33263809603423,3.40093489585834,6.14587060499436,6.65868869229084,3.68829712170322,3.10574940818251,6.90915025476661,8.38993497416865,5.91910512248188,1.53529163648281,,,,,,,,,,,,,,,,
7.16709092323003,5.29327905343499,4.95118634053476,20.5274176352555,10.8988697160842,7.34986482678223,16.7982904596267,9.28809842940471,4.70717760846655,5.25693450070036,4.06509204720326,5.18166984906024,7.65869435555496,12.2742040794085,39.4967638232616,7.09143129653874,23.1914923450576,28.5009009256976,,,,,,,,,,,,,,,,,,
12.7304698894586,5.68621781955052,8.27713484424362,6.11128285537305,14.5992167695279,28.6031716870414,53.8081008567277,24.1983690548694,9.82693581611714,2.86130099487061,7.74928318384648,9.29120087864175,3.55452360902098,8.11701638580847,8.64616548224958,12.2626584536358,11.0523044078598,,,,,,,,,,,,,,,,,,,
30.9756155401305,36.3979200427719,5.86887701179419,3.87356516083931,5.50003472174663,6.80434207328472,4.46838526934565,2.39772156133737,5.36554576285781,0.226317556517178,4.19773986837228,3.56458011387704,2.89016031441319,3.17954075947983,5.07820303901666,3.19930362184481,2.36421572179634,,,,,,,,,,,,,,,,,,,
4.40776645506398,1.79153930701837,3.97449048681117,1.15494864849659,2.87934513975506,2.79353530362568,0.827612526900498,2.31586569794973,3.33549970256575,3.60004562426843,0.938464074811113,0.62675456362804,3.49902687241381,1.62403941868685,,,,,,,,,,,,,,,,,,,,,,
6.2564999601233,7.71536031735653,19.8336125986023,7.00827107852886,17.1992952043814,4.83522796582106,11.0763863189092,13.2070672155265,14.7890959112735,1.45304819245629,13.8731064745796,14.7844798364909,12.6188789425093,8.51960278821585,,,,,,,,,,,,,,,,,,,,,,
5.02356396198581,9.92500334785275,3.84950984967416,10.7875022172012,6.71508545433569,7.31114566030044,4.93879621406106,3.58755375856218,,,,,,,,,,,,,,,,,,,,,,,,,,,,
2.76703417013407,13.0064814687789,4.02025823973548,8.30465071201845,14.1279933530739,10.8533701481901,4.24664803638471,1.72288511688249,,,,,,,,,,,,,,,,,,,,,,,,,,,,
3.14396247921897,1.4206509510191,0.435739154459278,0.608511485305108,0.166950425492744,,,,,,,,,,,,,,,,,,,,,,,,,,,,,,,
4.43902675783256,6.60444224651568,21.8944093136215,5.46210254374368,7.4890223859812,8.10242435371657,12.2739497430255,4.34377846654444,9.71631708863687,8.26085558378915,3.66245447427983,1.10221989295173,4.53695832351151,2.97476857731368,8.65407691960463,4.19453045179323,4.21021372043334,3.64299522313594,4.99165291278902,3.37374999815661,0.490113663639065,5.68486506762742,1.93478012057457,2.30078933341729,4.33500326693595,3.69060215887106,2.31135103628094,3.99143362881565,4.09476989943968,4.11085186147575,1.28045932672053,,,,,
1.93552181902194,1.143145325293,1.41642819015345,0.841260473607381,0.648709988635792,0.67933869955164,0.216433485924061,1.32429097258343,0.152621845944837,0.445897284231662,0.193455010681551,0.481982166048075,0.54203849690263,0.251889387027548,0.879130121982777,0.0947626763370681,1.14142621085031,0.790631689235953,0.402505632087023,0.463296498516269,0.796260879710683,0.190090622096521,0.509996303056088,0.548843329520326,0.192674720284409,0.395563674459208,0.748462848534464,0.829101315977487,0.764621611161141,0.489353168133333,,,,,,
0.49570845466266,1.28329354200726,0.795083879717958,0.452673352445119,0.45099393152,0.386484194279346,0.23248476996651,0.405653315264753,1.88967708848727,0.961110647675429,0.886455268300421,1.22425674103783,0.970287818559413,0.775336421525323,0.910506765801247,0.16167862567683,0.893221478787766,0.31791278238638,0.626342395251242,0.173736529527201,0.951794644339497,0.158073256945771,0.280026372165068,0.677002920537033,0.293853384510906,0.162341198455048,0.463359154507751,1.5336714290246,1.76755507970748,1.1136156568498,,,,,,
2.74231563206389,1.1327802630163,2.41525379978667,3.23197339919184,4.14726470318832,2.57210271031556,2.6909282922122,2.11396097517489,2.04819281751628,5.79790573552463,3.80243167559506,7.66997184245401,4.34937955185042,2.29562495559015,0.936415916260316,3.04489240735481,1.93836915375052,2.78525453806077,1.42666610485907,1.15799500298755,4.44261521014867,5.11815911103364,3.83908582949945,7.92906943852346,5.19240757658019,2.14650477933966,5.95250524651803,,,,,,,,,
8.82135133392691,7.38299517884486,5.09845258486905,6.02695168328375,1.87605153806507,4.07184100181431,6.1682957964818,7.19047317386972,1.5473364551664,1.59465646228799,6.64644551433652,8.03308984985238,6.46542272910868,15.2989314646661,13.8279935552786,7.22876329447762,12.4602789711713,6.67763997452907,4.076367224464,9.65717670056052,7.37632076691694,18.4745664132531,2.17790678773325,2.88716457463353,9.06663405856669,10.2673311484594,2.59237594068029,,,,,,,,,
11.9903696436572,8.86081766880636,13.2381859549551,13.0861614944311,2.97599988808483,1.69590352024598,3.84364689392265,6.86511608547918,1.70290348036884,4.98755726370566,5.56473395671324,6.82704950587936,7.41543361227123,1.25600839073365,1.87085454970794,3.72245529846951,3.24213038596368,5.14594558161719,2.01359824137299,6.09571080876125,4.39700872302356,,,,,,,,,,,,,,,
1.80652985604074,2.51375509803547,4.09407639637009,17.7179393596255,14.453927286272,2.65613860902976,3.07075469876536,3.4934316493938,2.3993118676583,,,,,,,,,,,,,,,,,,,,,,,,,,,
2.06033837431729,1.94814849173037,3.69755583611587,18.2179285293765,14.5872008801777,7.62988763499615,2.59587417196803,6.791315478284,4.43636175731439,6.86091725681314,2.97824152354689,3.75197527050022,3.82837305083497,5.78948727414065,2.84694781711068,3.90296868199529,0.924338919851437,,,,,,,,,,,,,,,,,,,
23.4678393242132,10.7187459692164,2.30329257922683,2.63197107362983,4.02827684015756,1.16187056409225,1.49336789250732,2.4943335961536,1.65815885458376,1.57654334325284,6.77068372431678,3.38161360960274,1.3648040647914,0.860830824735365,1.91661598376914,15.2993388443087,6.45293473840112,,,,,,,,,,,,,,,,,,,
7.61305402640862,1.95716655932098,6.06118626292801,17.5928735871786,4.84751174039412,3.14417297288052,7.4542679430522,11.4889686811984,2.80772814293187,5.19221451191554,4.85564080433915,8.60352252184139,3.99223857269266,,,,,,,,,,,,,,,,,,,,,,,
8.32648417849239,13.0344367938332,4.74725227865412,5.99996149690787,10.1167214416233,16.1065365482383,21.0963918328519,0.29807358319502,5.77186537115093,6.064581337317,4.36056973615018,,,,,,,,,,,,,,,,,,,,,,,,,
8.04245440529089,9.41749634459496,6.91830883877886,1.42924410513887,6.24148158759095,16.9954785430047,29.5138092290044,16.1638404601582,12.6862735163453,1.99110455532695,22.4717452858276,,,,,,,,,,,,,,,,,,,,,,,,,
5.54874940995982,7.77126613894142,2.61417725042078,30.2341669736527,1.77361783594696,0.98586769262236,,,,,,,,,,,,,,,,,,,,,,,,,,,,,,
3.37045920168106,4.63431728256841,7.38490141425169,19.8099680971867,1.84109052150865,6.178598356537,,,,,,,,,,,,,,,,,,,,,,,,,,,,,,
11.3459808514295,16.574762710382,1.3988901462962,,,,,,,,,,,,,,,,,,,,,,,,,,,,,,,,,
8.1601875964322,3.54434723069995,26.195994205111,,,,,,,,,,,,,,,,,,,,,,,,,,,,,,,,,
