Var1_1,Var1_2,Var1_3,Var1_4,Var1_5,Var1_6,Var1_7,Var1_8,Var1_9,Var1_10,Var1_11,Var1_12,Var1_13,Var1_14,Var1_15,Var1_16,Var1_17,Var1_18,Var1_19,Var1_20,Var1_21,Var1_22,Var1_23,Var1_24,Var1_25,Var1_26,Var1_27,Var1_28,Var1_29,Var1_30,Var1_31,Var1_32,Var1_33,Var1_34,Var1_35,Var1_36
7.54400026718457,6.98975111224687,4.87861311868798,4.71615003580365,4.35073678326814,4.61426032981225,4.21795959098431,5.02211561227215,5.39990266895224,5.77226462559249,5.77099786821115,5.63105784712351,5.36586432865632,5.4231175442143,5.31399238152533,5.03285886858143,4.9193783408781,5.04937929324772,5.31707680027445,5.34606635450928,5.42980120558976,5.62097119772259,5.87150513321852,5.93266891824142,5.84910818125003,5.66629064227417,5.76797648605541,5.95534955601655,5.90776799699973,5.81540787951209,5.88106737454909,5.95194790553176,5.82640460705424,5.77446937160166,5.6749117184854,5.5950159126936
8.03095800937695,5.73027828003966,4.89556327838397,6.36617683582158,7.45994758415013,8.84151751502606,7.88865437409094,8.11088776198128,7.38187598436671,6.7505411871183,7.17470611346436,6.80353317904238,6.98457065004053,7.01241737927287,7.23056240821585,6.86019764668815,7.23167695277233,7.04616140662055,6.86163242706488,6.6195261195707,6.61603308048177,6.65759551794088,6.77907326661207,6.54657685545596,6.48635823106858,6.43349719499802,6.30849704997951,6.18014649176985,6.0582781881021,6.03502825208473,6.03374259158952,5.96843623518094,5.91466088988191,5.88926923284249,5.7942446596444,5.72835296204676
5.10306927656839,5.43147494763475,5.00498721814842,5.42663844028138,4.77912238104012,4.23147231434181,5.39458554976663,6.06224617307431,6.557488669171,7.07754489089418,7.43359942039509,8.56982548171633,9.25731908099001,8.64284739139561,8.84882580922396,8.79032529323636,8.91414542036115,8.80141464352304,8.89633011968768,9.10028939399102,9.28774801867474,9.30543970395218,9.50399620213466,9.33004035032243,9.42969680057603,9.73006583309275,9.42335260477695,9.29902545700701,9.13744249563739,9.25794751235485,9.28554171941777,9.31041438348878,9.1358979652865,9.55368809944962,9.4653539546922,9.52870641557477
5.36458006031912,4.70267201373736,5.07182975790574,7.07783365724801,6.48808230849228,6.59123189266711,7.52735336419532,7.45797307549614,8.23050819203356,10.679996768872,12.9919256984586,12.2511686953317,11.765361050993,14.1213575968652,13.3461138328323,12.9481690589912,14.0266350430344,13.9823776705333,13.6182812076264,13.0482762598469,12.7919774647165,12.3296396802124,11.9964941086207,11.79548347213,11.7296170703016,11.5837235463121,11.5526818691789,11.3574221260687,11.2303962360096,11.2329866877079,11.1168838860735,10.8702978548585,10.6625231732838,10.5688332508868,10.4638776686931,10.4524913367745
2.72393987315216,2.61606726906193,2.40723208852844,2.62017429587693,2.35129744049603,2.59063921562968,2.48288245065914,2.44876160459154,2.98217914978235,3.07396788727612,2.88305288541787,2.94536906707502,4.74862487537627,5.75650133685563,5.55239355495412,5.3528538010932,5.22557812543714,5.23967180751567,5.17246586676632,5.23370602246338,5.21577914273277,5.21517004037776,5.15419964065105,5.01204441556171,4.91067213977215,4.78730072240665,4.80918620083061,4.69665398516262,4.63495895504903,4.59641476475796,4.49941078708839,4.48341503832303,4.46459007280499,4.49221011231317,4.45953255515543,4.41125123161965
3.84391651770198,3.19600850680308,2.15188695909285,2.32712858154959,2.39089103340993,2.40320700536175,2.19902741897718,2.17183171533226,2.26150481520697,2.80202575784664,2.85661706758434,2.99900073954593,2.92153131058504,3.03960812182058,3.30173840782399,3.18453649424221,3.59071962961875,3.68175887939541,3.56644220478009,3.4914107973132,3.69004759983709,3.87863989165839,3.83348632695765,3.69764249941336,3.79913805957671,3.7756377749651,3.73839397442654,3.7694511834369,3.68111689574559,3.67794723371065,3.72869367669083,3.88450687412672,4.05389679536262,4.11053121297042,4.08812336848668,4.02913993869984
5.42058871943042,4.51090193952158,3.68204757269626,3.14467087591486,3.2176379776454,3.16214284345271,3.47768569174146,3.71845466898513,3.97444892166608,3.90629107306463,3.99146620679412,4.54590785353541,5.20552804545833,4.94091513451364,4.99816726219607,4.90774891292155,4.87844929138891,4.94477352186693,4.90178159933173,4.97395917609002,4.95562556386502,4.83909546377463,4.81847315909623,4.6747558494309,4.66184223832157,4.66892644825086,4.5795149384424,4.53292462330294,4.69945728508258,4.78043826628427,5.01621649608937,5.00755179739132,5.15408901453044,5.17572870764631,5.16139339252396,5.08771884404308
4.5113471854088,6.61162133945205,7.4940416589251,7.90074972262277,7.16158512268894,8.30595675948041,9.29740527595332,9.14236151270832,9.04493798042124,9.55468921684535,8.80706800722783,8.76846535035738,8.72243327637806,8.54209901629488,8.15402779175076,7.886146226312,7.61896240517672,7.53858821785813,7.48002064511054,7.34731154882592,7.46057288045652,7.42728499320653,7.25299272727008,7.10959260570755,7.057587856032,6.99086871742143,6.84779529882778,6.76762532455357,6.66733095743244,6.50612088674218,6.44858630192594,6.56436536680403,6.6279680141399,6.58514916482626,6.60280175870202,6.5224778658481
5.69044351231882,3.76007300659807,10.7007393620411,9.68769710590454,10.4448915223866,9.28469557963689,8.37957533721193,7.40008747786157,6.77166109634524,6.32951845182836,5.82894666565525,5.43304867125614,5.17525512831451,4.88842233984508,4.70961419453371,4.46714784516037,4.2156909454108,4.04579565118363,3.92233120352326,3.75785278329097,3.64016828912353,3.77649223998852,3.86619291231023,3.96180181821749,4.08015583636936,3.94614582326272,3.8387642576086,3.98527693014473,4.02559337497266,4.9060413061548,5.6344999805815,6.32055846975692,6.14827538598174,6.87012785962071,7.53782918063296,7.34161736560336
5.64651164820497,4.53182923333823,4.74727849665525,5.42641505146433,5.2889871819636,5.57839585081323,5.38227807976507,5.12664241879348,4.8860089372704,4.48210881252091,4.57997600489758,4.29398363689772,4.23331138933358,4.22800312954659,4.21143543738641,4.06984661253038,4.27567512954428,4.41655338659857,4.25745466501783,4.18364689217388,4.20132743074726,4.16826362906608,4.2309636922348,4.17125479761782,4.20863187767233,4.26540900309216,4.55226609676833,4.5702876970192,4.60692255739994,4.52031031410571,4.50707540909166,4.57930416893797,4.49762419520994,4.48143825787543,4.44685318252442,4.54727388541765
6.87793179415958,5.47015693340995,14.4314866032402,14.176262593597,12.5736867110098,11.291646037913,10.1277629514528,9.21468298437285,8.37498443167133,7.75137948182354,7.08653825367606,6.61329967853877,6.12887802172129,5.73474829019433,5.44053928267856,5.13627788640961,4.9182457440754,4.7054300612452,4.49997461844759,4.30444772460718,4.2241446423674,5.17372579879311,6.03823436831421,6.84310453239112,7.57199914452671,7.29551847855291,7.03287291467607,7.76239292124011,7.62440705172442,7.60893611964232,7.64282571656058,7.65773140660816,7.4527111538701,7.4508936513985,7.47168048170209,7.28630720919983
4.47575501172163,4.1501246670902,4.75713620602244,5.43612868670341,5.60691302911361,5.08755345015439,5.68410774102094,5.93430356349664,5.72197760018908,5.67137288667187,5.33460142232952,5.29816474309582,5.05527076759818,5.32388846169878,5.44273635096633,5.60247996686506,5.46918824892973,5.26947351145967,5.42972394175078,5.27350149433416,5.16069591610513,5.34223057339043,5.28977438770579,5.39992471164367,5.25963823515211,5.13278249165998,5.36790730290739,5.6922369501722,5.63013176913371,5.68588584887636,5.63808455807179,5.83903322939207,5.76934874508255,5.80386500250575,5.76547828550229,5.74179956940455
2.41961994213322,2.82430004548788,2.22329772703709,7.56777580661863,6.60608149765428,5.74279133369066,8.59590493111117,8.17212548737611,7.42769711839915,6.82690806319395,6.40832664724294,6.0339766516006,5.72954316509587,5.48028382269614,5.36487412737036,5.35029597059984,5.29311641079032,5.12561878728204,5.96055014371821,6.48431947890566,6.53446740818395,6.67810298201026,6.60578844196137,6.53093677425994,8.09442050187858,9.30277912932278,10.0218691634857,10.0856941337788,9.89144162161011,9.64494024005516,9.56087711497553,9.5837531293612,9.4910556457732,9.70274213837219,9.676934192169,9.64613918643801
19.6453702679387,20.915764578308,19.9073194283126,20.1838885114253,20.727867065973,18.5823820154432,17.1304830081413,16.9832160263818,16.3054849965374,15.0265670087812,13.9022277792536,12.8952988340294,12.0164721103382,12.2547209315304,13.2530293943254,13.7863396037279,13.6527135883153,13.0555007786512,12.8596137038919,12.511719777894,11.9288084015052,11.8777823313289,11.7543665967563,11.4476144100568,11.1326567861462,10.909841992951,11.0562865883422,11.039555235982,11.004136128303,11.1572489590144,11.8763654616037,11.8032528283131,11.4570043745123,11.2009619057421,11.7190250339395,13.0386264807035
8.81645351821022,8.19658040101916,7.11346060351817,5.92577034108271,6.1510869308373,7.2189499633222,7.05502911113828,7.53949023675929,7.89509541389575,7.63910537796152,7.64480500567742,7.31645484315793,6.87332759903605,6.44130157003137,6.45057125093845,6.36593906872672,6.39263359428053,6.05956063767851,6.00569670973482,5.77375312436805,5.60685859225234,5.48722407817558,5.44196140396599,5.27812801519547,5.31333427549706,5.20849677619397,5.07501246255168,4.93341789099788,4.84959669896999,4.74379225532124,4.68516936375212,4.60526300885649,4.55107795204181,4.49149601308191,4.49231644414144,4.40737250742311
1.68079536741852,2.55287694423032,2.70389517073791,2.65038723320689,4.46792868253703,4.68964698403183,4.38524101496915,4.03500786339084,4.24289406486535,4.15661712381509,3.89162885882836,3.92887785203831,3.86369315309314,4.20108970617377,4.06853193363544,4.41196932354197,4.53427236469326,4.51503326594636,4.44758189188511,4.5523960161245,4.58604113072916,4.3870656958807,4.24628183378551,4.08314329993973,3.97187627089347,3.82708714911181,3.80084947093787,3.80579381586105,3.69507652568764,3.65063954899303,3.61572025924831,3.51618808939394,3.48937017042449,3.40292139938598,3.35006732091223,3.31164838942044
12.9997292429746,11.3161012524483,8.6038123561956,8.16324085432836,7.13093563429074,6.78715505685057,7.15559332116592,6.73991491686829,6.52296903546877,6.99614109774344,6.50732189713099,6.28104181635462,6.59224728305435,6.38479765432115,6.09506952940481,6.26659899146337,6.21945135993074,6.05622988116903,5.80670143180988,5.56138017261126,5.69737976610279,5.74428769679924,5.65133767496796,5.62704027678231,5.53285150728892,5.50533699230596,5.37213099640666,5.25613811390223,5.13914108526991,5.33081587772708,5.31658013479754,5.25370945336729,5.42931805635432,5.36309765227315,5.27627435171012,5.25750227189569
10.7154392304765,6.66183087323647,5.93416179651727,5.3342658146648,6.94320576666486,5.97838805217711,6.26547151731893,6.55377529853829,6.51954294454456,7.04932515319954,6.90594960024791,7.03978253012813,6.72672863412069,6.59308782361863,6.48881770056666,7.31277330683259,7.7462059576985,7.42019254398559,7.17974750347581,7.44036270364857,7.43010187111243,7.45791910209039,7.25737620014048,7.68517132311734,7.80291325966039,8.00556304898892,7.99899031934303,8.15925471577298,8.33018427517426,8.40159211736081,8.4330908930515,8.2717701210641,8.22783712386756,8.34348984108674,8.40960061843951,8.36519039710574
14.4845077178935,10.051298755785,9.67811737415355,8.57324112581268,9.06282418655541,8.26807407482639,7.30391824675289,7.33080144465576,7.18721800660756,6.80730453697833,6.5108129556899,6.53516409003209,6.9184984263387,6.9742493915037,7.08806236557188,7.20968337665389,7.33685215954717,7.3584761633379,7.22763992563682,7.24130832078104,7.60922299505827,7.36543756861905,7.11347561734182,7.34322336782579,7.489454303924,7.34687346779283,7.34483841501059,7.3600036184028,7.3849084099148,7.35302251340601,7.19452237645588,7.09439511045296,7.13344347316108,7.30785851378935,7.39364497189914,7.36173442471036
5.16550069197318,5.5434803657364,5.6605364455567,4.49936878586453,4.0128263902423,3.68672594596416,3.50218188102417,3.54008826421666,3.53127578384865,3.45569349745478,3.55079609640493,3.30037816238098,3.07076256863582,2.9577054311919,2.80453794640821,2.89533608045488,2.93882759992528,2.89183435042243,2.84561562031594,2.84542314040746,2.72221982860257,2.78884896640394,2.81771164354302,2.75114320740242,2.7582024419809,2.95736227933427,2.95647194082631,2.89449351567659,2.86308834307123,2.98494667239719,2.99297930145574,2.91669848349322,2.88884824533931,2.88039714423845,2.85904913215741,2.81427424781426
7.52007103605922,8.29227496364481,6.034401841752,7.19239206603475,5.94396688237912,6.75467313433527,6.53442910403404,7.93525145109705,8.31225403299718,7.84139266327323,7.85081173995148,8.1716722350776,8.36988779443709,8.45830790281815,9.4488423324732,9.88720529347477,9.6873442210133,9.49527478342185,10.1552089230233,10.405729688975,10.1074908113097,9.71479121829255,9.69887627839368,9.64850370351162,9.70801784779157,9.48629677291686,9.41356733931387,9.4533468542007,9.36374991442974,9.29633644240979,9.07886541013893,8.92219027681719,8.88248874821298,8.86099043762035,8.81208674844632,8.92871271638184
9.4416034058127,7.37568690543798,8.28452388029403,7.95356451103515,7.51708726879604,7.11589709924642,6.29243114212029,6.29270301186208,6.6095146516709,6.19051990470299,5.95508529351268,5.76687097289059,5.73509661494192,5.33433207013231,5.31162665578219,5.10411589230301,5.13714351314456,5.24295028589669,5.11932613292128,5.03729622190916,4.95248882423568,4.81397142059713,4.73905577433787,4.64692792088321,4.65224050852309,4.54840811447002,4.54848741197056,4.59880831709912,4.58188219146536,4.48503857462917,4.41197287079652,4.37350698954249,4.29135299229613,4.20963944218838,4.36352203317657,4.4120275853985
5.48541418047142,4.07410276518005,4.03343471306284,4.4620399666312,4.85751305447265,4.9485918662537,4.70947318679471,5.23163828883898,5.09822062619976,4.7540866816613,5.19269392157982,5.50622955687013,5.43876111358826,5.39728843454924,5.21897434823524,5.03001542717305,5.09573525322473,4.97905264773085,4.85079033928622,4.71849497465845,4.77221901220428,4.67713995308868,4.63984370118256,4.68552283284135,4.59464822072278,4.54806112368293,4.65470924439359,4.79003173794941,4.79677747188074,4.6780714329436,4.58878946863639,4.53769522927664,4.43020701643302,4.48328367994466,4.36838268946912,4.28621920163742
10.0197371326037,9.91985610452108,10.4318622577167,10.2907006044986,10.0039661347263,9.81751399543016,9.00628329384067,8.94846791011486,8.62310472796367,8.45424678144393,8.10270443597818,7.64210016462332,7.14737757661724,6.8526515455343,6.61987625164626,6.41446815221525,6.26470367068752,6.26259002030846,6.02377319005953,5.802496476944,5.84112914327713,5.86086557651798,5.84832912171002,5.68254925244468,5.59539042625643,5.7171450038926,5.70285078855716,5.70435664599144,5.57962575768663,5.50732617483761,5.40314019810426,5.39046392102052,5.41503633143579,5.44680791710738,5.49194173025406,5.40390908933698
4.14150280867069,6.79365047044559,9.33144898941286,8.70569920541548,8.56853092485105,7.60461134424354,6.84799711221612,6.3314476979126,6.70298440681215,6.7520164173986,6.52654913784837,6.09963332304716,6.26335397664162,6.41232833766473,6.20852110104052,6.19540093354856,6.05072261756134,6.00901684807653,5.87777689303233,5.72488933805933,5.88177198685574,6.35339078451468,6.46021676358235,6.8345202084394,6.62097776687711,6.79258888152893,6.73221741743962,6.73589511516836,6.73894454194917,6.7155901298731,6.56707439497772,6.64973921948249,6.91019688796668,6.81674056209358,6.77650019139352,6.83726126629891
13.9312944267743,16.7865578996922,16.672801096076,14.1343278454122,12.0440308741927,12.3428873134735,11.706222227199,11.6193523347818,11.7257270140006,11.2224730114673,11.5718348175576,11.6893893819715,11.7067049420456,11.7528117512371,11.3020409249216,11.1062674165266,10.8747631843201,10.5883541687922,10.1635744580158,9.81782270434014,9.65401786747899,9.27883361422342,9.09091405020888,8.97414356391864,8.92944223827809,8.93845256197407,8.80286465883047,8.67637440330928,8.74800413382631,8.54336378540869,8.57440647279617,8.9456526936109,9.05704401632837,9.26542496829322,9.50367902599941,9.55559311577334
2.78785166995847,2.32323002087835,1.68346388716812,1.49908832419069,1.54151960140138,1.67590517711801,1.56333428478297,1.57014385905655,1.40929594072042,1.3450606581721,1.31849066472297,1.23332408886316,1.17854926977059,1.17676263223458,1.16118263603575,1.12058979932553,1.07964886366253,1.04112295216691,0.993518054396348,0.984727195243594,0.965171553700049,0.924183861180297,0.906222656587523,0.876628733955306,0.850578871533619,0.865209199759312,0.866195702430181,0.850076454086033,0.830623437729218,0.8179088415317,0.803093633441747,0.787351916321752,0.777006044310902,0.784736725796139,0.794554013417563,0.798192642515445
9.9326962344866,10.2485844231662,8.68874306205448,7.7287857107366,7.33893305554957,9.40151203644001,9.23930810961165,10.9712134581179,11.2689251482592,11.036294810875,11.2659742472015,11.8287885722107,11.0246544413829,10.6514694105362,10.5688218644313,10.2773152030935,10.1403760110593,10.5303688565564,10.5081503954316,10.1664555899933,10.0695465001808,9.90201373556805,9.82828352693294,10.0974383598567,9.9664359955251,9.80436829729636,9.55718862229148,9.61004075495643,9.73677642163291,9.57843846121749,9.7563163367787,9.7278199691444,9.64057999133553,9.65246670629282,9.53821057611391,9.35797000297029
4.56787567224095,4.78951239416108,4.47243458404489,4.2441807622066,3.6440471704436,3.60670044775384,3.27288383139166,2.92282439754027,2.84856045681722,2.64829953958777,2.69247858669936,2.69767418877115,2.84880676563816,3.02710051113881,3.08151028346305,2.99029163529173,2.85221177021724,2.90119615595334,3.03309198063865,3.07535891813037,3.13837448409572,3.14230709871295,3.17375322341213,3.20021439986685,3.21267987252395,3.14476688662024,3.10362914967254,3.09425420841385,3.03411395254107,3.00286343316563,3.0762220331726,3.25991260637726,3.26232542568052,3.56719203420627,3.9302726561038,3.92057891787423
5.09664835931199,6.95925381416008,6.30527764464882,6.17242620124709,5.82973256935373,6.35111016061261,7.01688965731896,8.86601862974199,8.72526324975074,8.54661248757606,8.40007446575948,8.48556672055568,8.4014952835835,7.92813554146969,7.44335247961695,7.46841354756065,7.88980404182745,8.38328691350152,9.30504864793757,9.81579091027251,10.3058898958311,10.5709120314236,10.6315519210072,10.7869286745914,10.8116909586985,10.4601161337654,10.4300492407058,10.5710475456485,10.9067324841346,11.2622069488363,11.4332763336091,11.5844560342693,11.620235119737,11.4075912635278,11.4049998211634,11.2327914199522
3.70871502328723,3.77314840769037,2.57908226967692,2.95175632081867,2.95093035375789,3.28180134769612,3.70402496969197,3.65330526896851,3.28585353337395,3.2132176824943,3.19969111376795,3.16447532885404,3.17893987626877,3.15479615041938,3.30113266789984,3.152166017233,3.14056160147279,3.23133141775336,3.30020936022503,3.33402235466742,3.3570492207964,3.42819951288059,3.32955376535191,3.37388404469426,3.3306327252777,3.25924367304231,3.19174372351318,3.24096754289668,3.2352291541894,3.34248426060765,3.27472180493949,3.41753905386195,3.38578860092364,3.51355050822605,3.47412572290807,3.41527141916831
6.56293164849199,8.10911506157311,8.53585061889911,9.53549585245002,10.0718012554683,8.79287262692196,8.26074777421016,8.08714341686144,7.32463398283053,7.15596941732629,7.07746059763705,7.85506006462004,7.43341209742865,6.95254238978876,6.85831136758885,6.61514769631882,6.4320867357361,6.95825718073411,7.32299009216961,8.67418736418743,8.54931078349726,8.43934617513259,8.26752104160555,8.04726106090141,7.97689811345703,7.72485767034254,7.52732827699066,8.74712680260901,9.83819320255694,9.55526148940274,9.26676871188661,9.14545484311767,8.97611550273985,8.81609472701589,8.63301141691828,8.54885647963953
12.5290137259807,13.5679230646676,10.8240853552417,13.2711138677107,13.6417607916972,14.0556415009316,12.6077291584814,12.1110298625668,11.9506212333949,11.5296343342675,11.7656096128027,11.3199324449914,10.9094293708622,10.9305567411074,10.8247054045263,10.8082257340065,10.4308440360363,10.6564571326784,10.4912348686985,10.3984732828104,10.0946513653223,9.8785819995258,9.67108877807754,9.54232202916324,9.56009170918406,9.3244359218759,9.1140492369425,8.91349401440248,8.80216773665404,8.65669738248456,8.57555036414772,8.55440163866388,8.42008334218676,8.23741636352495,8.21687850401815,8.13134608866824
9.08621555228146,13.4040799013646,13.5094097877507,12.0820653371615,11.3517308480755,9.88796939648545,10.08090853429,10.1877709992742,9.41254585108889,9.32461606413574,9.38719357259516,8.91375224653438,8.68550499074625,8.42590873156876,8.02019422090228,8.35411181140313,8.63786196595415,9.36846718510568,9.10011081173227,9.02597751707678,8.75382186881878,8.51723322649637,8.21808597991604,7.99311945711142,7.78405614805861,7.74416893964716,7.82619560383194,7.78250973822931,7.72972151976146,7.67997598593061,7.55584999148511,7.48073828540223,7.42734972869543,7.22612553732691,7.14716151368442,7.18592000747331
5.99218144307228,4.00941673791136,5.45646714774861,9.07785836957599,10.2293970668653,12.3581877350833,14.1153863437686,14.8639769212172,13.6899856875063,14.7335051122894,15.5650845676308,14.5103194800255,13.7752036357615,13.3028741457448,12.9979827361468,12.3677218372821,12.6046328396114,12.3809099778428,11.8181553274617,11.9307726745939,11.8999211608512,11.9124042207608,11.8229124907598,11.5820814307772,11.4824664827778,11.3432591630406,11.1741081327904,11.0854351634582,10.8791192965954,10.680093987843,10.3738368080623,10.1334746008616,10.0832406765194,9.9378232813342,9.68213939478754,9.61985728244444
6.5029381195121,4.61878533940165,4.47457143515705,5.86541750712134,5.85178923451332,6.14226488602051,7.42264792365232,7.34995550569741,8.10518676123406,8.21388210646485,8.68450959767795,8.3929099131017,8.31447235100307,7.81209390743301,7.46073576576522,7.60010765373699,7.22856307450751,7.00696488834342,6.82536910793426,6.70874392504778,6.60197322792061,6.45561403105979,6.43294541007309,6.30085960247202,6.44671486991605,6.33047771361538,6.78584551029667,6.80714286734019,6.7940375567903,6.70141805039986,6.75954428422105,6.70079466882951,6.66483893233185,6.54310033604211,6.57071136934167,6.52705392947763
9.64069220283166,6.34937896045488,4.73938617371314,3.87601634795101,3.56509749712462,3.41852383793101,3.67455557567652,3.5622599796681,4.01790501537442,4.50271819822169,4.27438436113194,4.85624598691985,4.63166282972586,4.84630418368451,4.81286643916418,4.89122345258761,5.12259628776033,4.97070544778168,4.93123541287563,5.11602678275625,5.14834736306924,5.4131315263454,5.56031239919648,5.65148034323936,5.64469236225586,5.70327502492655,5.580924781664,5.71207272716576,5.7750258294612,5.64595623546419,5.55001662875168,5.74051105822183,5.65717352734821,5.57364847719666,5.50582614956583,5.47223308520811
5.44886170709695,4.90633769398558,4.16040348102918,3.98636267944901,3.51130988345576,3.27681079146646,3.40853494022834,3.51590038324948,3.27767572250632,3.53078534272706,3.6311102634562,3.8339808620273,3.76866722125769,3.76183588918785,4.00222227888531,4.09161871553701,4.08383130253358,4.01908362070058,3.94715947085745,3.81143319949803,3.90896617767646,3.90774498174655,3.86281139800187,3.88257945975109,3.90644274137909,3.83651213195872,3.86113745132945,3.79864232718311,3.76565218443206,3.70851790130597,3.67845837516252,3.81145978396786,3.84071236065375,3.94443817843009,3.96499528200115,3.90782379858387
9.8846816037745,11.6053469913792,10.8736844830398,8.98975025762701,7.78753622654608,8.5162144589429,8.56403138123272,8.55210625355093,8.32157111769273,8.68637600302995,8.52829082954053,8.37990083185337,8.21630678785623,7.90800871337712,7.73119989081745,7.85431796190177,8.02852650916593,7.99544862509843,7.74904572115042,7.39158877151801,7.53655479254511,7.83156771886856,7.65910757384315,7.68696388902755,7.75139772673458,7.57801025222407,7.47398749915541,7.34611489189437,7.19359156902572,7.05077775052711,6.95317168424899,6.90461970008452,6.80760229761911,6.69408830517724,6.62733991095887,6.59304987081481
3.65115047934998,10.5875742003091,11.6193138560451,9.27413895335624,8.4384571561969,8.20715884254934,8.365214671534,9.15570914232953,9.32097811147828,9.54162444086564,9.22113401567263,9.25612311457547,8.88114708581729,8.37275041347085,8.32839780969065,8.20060853675038,8.09857440877398,7.76703614308908,7.8866727449769,7.79520730675633,7.7629363139255,7.61787079126532,7.40970394185283,7.24466104285791,7.16357143469176,7.09692348115053,7.03702240176382,6.91689709028057,6.84980154630092,6.94963444397629,6.7535937809371,6.70558845963804,6.63129796703986,6.49891466920909,6.51185929064837,6.44452414085745
4.32202116355096,4.34814268694697,6.40251880141619,7.75609790615157,8.25358757097579,7.39422098521278,7.03890441461287,6.84893142172893,6.50958128159738,5.87920212661945,6.25001481151249,6.90111030387683,6.57814506144991,6.33874662060807,6.10898510546775,6.18108706912009,6.21503366417767,5.93566832465775,6.23712755875926,6.22604445257589,5.95472981575921,5.72907399867359,5.64039702315943,5.54405241942102,5.76284444573654,5.7152394717504,5.61177647945982,5.56268723287074,5.43489003058054,5.34621011090431,5.24451513378795,5.17380996979957,5.271238253439,5.31792370192964,5.28391454686342,5.2244667645253
13.0943209676888,17.8545149544058,23.7382130195135,21.9238612343396,18.6278452357081,16.3484217677573,16.3654646236507,16.3641945197363,15.6121343587215,14.7602722927285,15.2135623020403,16.7055961906607,18.2478334529978,18.0512093916641,17.926271278652,17.2010395289052,17.0829872269102,17.2036610812525,17.0058494364721,16.663242718565,16.3892355954331,16.097533815532,16.0734881778677,15.8983740430249,15.8685203955413,15.3763758898334,15.0190811107119,14.6920195088751,14.8206406046446,15.3671443144953,16.1230052887221,16.2236191559711,16.2281934258401,15.8594476847966,15.6613984592223,15.5324107392757
9.34841771798926,7.06618124460338,5.84093556383594,6.5033981349066,5.60428968417575,6.75434253429223,6.05187826439783,5.76580041287792,5.65610658557685,5.89113790498086,6.12132424068389,6.38772264964237,6.72685938467498,6.53605106142252,6.6487583238717,7.20631642927646,7.39268993064199,7.40099941214301,7.7154078275995,8.07507753998232,8.06591888273875,8.19035082933723,7.92400681972484,8.17341738534179,8.12076117269179,8.56620447812646,8.76799349763844,8.77234800168265,8.59824148735317,8.48487822537205,8.41894630722464,8.30223841312022,8.16612991144021,8.05606516036559,7.91685709794134,7.73110314608126
12.2240170713051,11.7642574761843,10.1738280270665,8.51414717738021,7.93953600257518,8.09082705515662,8.25124866931131,7.72220012043137,8.05146388448134,8.16630564458316,7.62201362109019,7.48769124925275,7.23135747651059,7.06871057704598,6.97718515821236,6.89372877132522,6.81500430518314,6.75621595478296,6.46792655605859,6.36104710212441,6.26131230004351,6.05598196405304,6.08089796153527,6.07923539602784,6.09123803209729,5.92012694812422,5.92610522654501,5.98007224229581,5.90079103160137,5.84764739210813,5.7188481302278,5.71720604170792,5.69010160052598,5.5738343708039,5.5567233934278,5.41939685819655
10.5116764137931,9.00084143852388,7.43572995143271,6.98837545299844,8.69476225549343,8.20389770100892,7.66533746397783,8.14705144271559,9.50258873294453,8.63838267029375,8.51525255503357,8.12568951823698,7.75249688083626,7.35502926139534,7.26717978248745,7.27919752399781,7.17802175543691,6.92620143326937,6.84901272230574,6.81126614080262,6.63108160364614,6.54075206476181,6.33296492142632,6.3866870437902,6.17774983721876,6.24947020895249,6.29103555123379,6.15946070580561,6.17032566435685,6.03568524175586,5.99228220369601,5.94102772094303,5.87221677406896,6.03250059025917,5.9546794889147,5.83352534473819
7.27133723761792,8.14274926112323,6.97970492289461,6.60575394482531,6.88571751693793,6.70302152159547,6.0783155995005,6.13790123756878,6.31758552431814,6.38384949912726,6.40837244118852,6.14176663185074,5.75615913537843,5.74732941887471,5.94746894635791,6.01560212140729,5.82799284999345,5.74971929718977,5.64838171340748,5.41200427035325,5.51294564129051,5.55727006433314,5.51746795909735,5.99518017699055,6.29330958259869,6.50004207306069,6.70200122420532,6.70741114730586,6.54221813883886,6.43390337326048,6.42385957972738,6.30395656163504,6.40921883953074,6.26059472147957,6.11759038926615,5.98964629266447
9.81276011368612,9.4431277591549,9.34233674079413,7.95384891911029,7.46567096778861,8.12557309350627,8.55245223472358,7.87904975992112,9.07732094460647,9.96640161157709,9.76166559344743,9.60370269709743,8.93722981291029,9.04905557333382,9.05280753871939,9.03212910545339,9.32647232146676,9.41849710742068,9.3585372508872,9.39687344757074,9.26005785249013,9.05818264806084,8.77801564210566,8.72799660348796,8.97280961361393,8.89644579892988,8.83809177193527,8.71072984242344,8.49746340476167,8.31281573394789,8.22807939924124,8.30698935995239,8.34857733114098,8.35675254737356,8.44055623276635,8.42761017835643
8.4408514130161,8.72856072688916,10.8423978303864,10.4824925152918,10.1642908777165,8.62480886253613,8.48114664783418,8.52727661180995,7.86709327611374,9.02573682467008,8.55996272331801,7.93236670306934,7.77170607373515,7.67972706281822,7.52743835650884,7.26135176457837,7.51921452454115,8.4219651064445,8.37428347174099,8.13305803003424,7.85564853594734,7.90299698140878,7.64974541379462,7.8261144700318,7.92376176877737,8.06650285530691,8.14429456994999,8.39862056012847,8.16182184888832,8.24334074137381,8.14810517132475,8.22344814277465,8.09044432154447,8.13196267917618,7.97076989353853,8.02152661343059
27.9362995974799,20.6387368006927,38.4812131419856,30.0098500104093,24.7862863951011,22.4868757657313,22.0830065054814,21.7226525980241,19.7472468867475,17.9388334574402,16.7428412434684,16.5866384455198,15.8944221525739,15.2969399502941,15.7024344325028,16.6383098113521,15.8303321550382,15.171179633323,14.4953376848922,13.9119558295117,13.4054558075374,12.990712180058,12.5074595105267,12.1752226280738,12.1378377156633,12.2573919721346,11.9167354163398,11.8321887699982,12.151791533296,12.213495913811,11.9479455538847,11.6831184708336,11.403507427902,11.2887988901905,11.1369327747783,10.9202753954995
3.09554994739557,2.07703580213239,2.47236632327603,1.92060032718537,1.80491745514314,2.09204251406804,2.46770839080689,2.61038883634767,2.34837721785553,2.23129741573696,2.07725307585996,1.96765783572533,1.84929374734622,1.84508202937919,1.79252345403395,1.79099655282834,1.71448315859626,1.65485061718055,1.70481905294064,1.66792525337407,1.7239368801141,1.69681958254741,1.65436250244805,1.61054165361454,1.56079715744119,1.50944200432582,1.48230425808457,1.47784276629881,1.44177371458945,1.42982714500569,1.38890351006555,1.35023439547289,1.31601662764689,1.37675087981662,1.4475913687217,1.45662112375973
1.27068939187896,1.20386253775798,1.63792359263364,1.42220994624733,1.43845497723116,1.80913687178525,1.66877148762906,1.72121472676765,1.65097382586753,1.60055728972961,1.51900646852131,1.43999498884456,1.47125258148538,1.4733262777386,1.464408421518,1.42539239831262,1.3680317473029,1.31893186985534,1.25396080334155,1.22569193070704,1.18764469400508,1.14348253470552,1.12251685855127,1.08932241061117,1.06789008609029,1.05748593057035,1.05235257807344,1.11184892993059,1.11031649173744,1.12239544232541,1.09283467978664,1.0790303294156,1.07390541788094,1.05128653782908,1.03549117237367,1.02769350096685
1.47601900977653,1.09234181878579,2.07184246706747,1.69218449459487,1.75536831223005,2.01522723106401,2.30833992222059,2.67398534237727,2.76996422367623,2.62647805890619,2.41719955034811,2.35071314922753,2.19684228265334,2.11697218903468,2.13640155854804,2.14841819531767,2.04708325659789,2.02869244255069,1.96220860304514,1.91495522454512,1.86021922348654,1.82828194679562,1.76774436006101,1.70702405110665,1.65478140378553,1.60849953725953,1.58114487034589,1.60624997999795,1.58980677430301,1.57647564353461,1.52823968362625,1.49270137290062,1.46935188829388,1.44689593577577,1.44828470686578,1.4731019701066
3.09586595729896,2.25432064332518,1.75859005680333,1.46343740589259,1.30249991400734,1.37135201112768,1.41860525558251,1.3627350861854,1.37005089840867,1.25825783632254,1.19674574159625,1.12676400935557,1.0705028817593,1.03952897494484,1.01208305565751,0.96635699517316,0.923855306116336,0.892061450748773,0.863419075067161,0.849000974679549,0.814492385855817,0.802865437329558,0.792358685779955,0.775362633200808,0.764612931290387,0.754900522470315,0.74969600382414,0.731105134240036,0.710444253694292,0.700891617737014,0.684349422321048,0.671745067339046,0.65481510455729,0.651416285367236,0.642500010620585,0.632913888458781
13.9684911081529,10.1949929544791,10.6369666615025,11.1607507119048,12.5721895283764,11.5243019842369,10.8165870053464,10.7439018531288,11.0101761838803,10.1882649586331,9.74822799135243,9.11862777323595,8.90947513617994,8.41338419760471,8.35480610278547,8.23566074528867,8.20890546118932,8.69026234186993,8.90331995919511,8.71817721495146,8.67300224988245,8.98679333418548,9.27497355863836,9.29221594370679,9.52985044769459,9.46774194242294,9.2887125860784,9.10292621922969,9.02342101937211,8.95116718763573,8.91428957229859,8.81513744203473,8.69260349838997,8.6561089629444,8.66261463078181,8.7715880826125
9.16035537667535,8.37341163763707,7.3481572805743,7.21398706331773,6.07247833114847,5.68851008181042,5.92756441429096,5.81367865923924,5.2843097614042,5.26960931393286,5.0567424614976,4.95862931159496,5.16171917740476,5.07600007713085,5.12046090792408,5.12830897780027,5.31111357790804,5.19215482675255,5.02522390417841,4.81442285920692,4.74264653736309,4.71279204260879,4.61529869005044,4.49313525424091,4.58179253222536,4.46598194671526,4.37754964718709,4.35270552930291,4.37635038463259,4.32040875563403,4.39377794282965,4.41972938929338,4.30069886132537,4.3043660262461,4.19458177942026,4.27890632591567
5.88380320477017,4.58888251663731,6.14561513990243,4.87488106092229,5.88331445047832,5.32958442004971,5.07659058251796,5.6097180847218,6.81822347706824,7.89944344384913,8.19833553644319,8.63392494103707,8.96374581758451,8.71904908274644,8.70297930142473,8.64979221544888,8.15949447853798,8.22493081986095,8.13522706924632,8.03454989717967,7.7049344172206,7.84383675425603,7.83087692118406,7.5885725212461,7.73274198407355,7.48390475875422,7.37812912545043,7.2999474240867,7.40766791743098,7.50661775176279,7.54418235220268,7.44066846659916,7.29586516544309,7.20410902643024,7.20882038442874,7.10395530227758
3.37704668641744,6.16191731514573,4.36009144324775,4.11550424311002,3.54722495378841,3.95466402079979,4.55962177429862,4.06265731479703,4.12429051413413,4.21076698230863,4.02320345596128,4.00791933083795,4.31275018171478,4.33120991305197,4.10654946326755,4.38204117989972,4.48046474368465,4.490182567933,4.81195335230067,4.8657803152174,4.8775027335711,5.32505509771712,5.42470814387355,5.39830066777539,5.27019941125001,5.17008066849023,5.24193668438574,5.14345035131546,5.08619496173048,4.97033897387238,4.85628455362263,4.80144713233866,4.72658371786856,4.71588490603774,4.67629569551078,4.65560206060279
2.92494111878899,2.24706057998918,1.53765120586369,2.7234894355829,3.32312122546943,2.86392514583152,2.72558042594236,2.62542153855375,2.54336487456459,2.58817206675382,2.57612077001902,2.51079203769506,2.84029750755338,3.0515815452358,3.07558764408594,2.89967634116971,2.89037638180612,2.86121514470338,2.74820959731458,2.66469038840662,2.92289600728899,3.15863799643948,4.50248612789134,5.84547797470529,5.69265582046694,5.47678871470119,5.35882481715926,5.23410851622699,5.10408966260749,5.09654085847847,5.02885895567827,4.90643729108734,4.81081359684394,4.68029793151806,4.59744001735708,
11.4064708441157,10.6339779007754,11.5428774020833,12.1925238560533,11.0139938036402,9.81710413735235,8.93623956269101,8.29621094784667,7.44903682812082,7.32075836531073,7.68652523542952,7.46419907061179,7.23932222951094,6.9358262788695,6.59734428393556,6.61598329746726,6.61313111751104,8.27714749994113,9.2196875504003,9.62825036451042,10.0322132342687,10.6483011574571,10.8153498401703,11.1043596071682,11.623585650067,11.2250475174725,10.9938411827639,10.9012635838904,11.1887787930278,11.3351911465483,11.1803590807254,11.8064400055207,,,,
14.4181718683746,14.2630099943422,16.9828687883179,16.3713498339825,19.4375198739744,18.9627817338845,17.1271315223538,16.3152045171559,16.9086593155936,16.1965256516874,16.3129962108809,16.1773069457169,15.8974381062282,15.8385097711329,16.1229838989569,15.4188491338144,17.6210496264527,18.326124756224,18.4000428492692,18.3901759635053,17.6795081018968,17.2910392379381,16.8859824012073,16.6261149269046,16.7443355632879,16.1579223751915,16.684718154201,17.0868192902168,17.4127670627029,18.2430602884417,18.0164665238424,17.8629294282431,,,,
2.93232797034612,4.46374655566976,4.69162541652707,3.90262793348559,13.5316825679598,19.6808305184237,17.4623191817017,15.5760929103669,14.4997050247576,13.3095115042988,16.3882553139809,19.1499217532826,17.7589560838338,16.7622328804805,18.5549000264408,17.7606669076022,18.8803785810601,20.4793838418641,20.2668380434105,20.5265794299884,20.0480864928609,19.5373882447048,19.4899637194704,19.3285103328615,18.711488922015,18.1849786307338,18.290493057612,18.3452738916315,17.9293668271154,17.9200571173308,17.5045729590165,17.2189648431193,,,,
1.07396297860002,4.73382967673251,7.18803691427601,7.39776356645111,7.48174860479924,7.69382250812603,7.03276015423678,6.62124124757416,6.06503808827534,5.75403844568509,5.61086619904134,5.38234055962801,5.75628480386439,5.67824792765007,5.60595555818559,5.55608256056548,5.29434893811363,5.21160307165043,5.33550039724894,5.37561070150508,5.51954076151071,5.59940327572182,5.51514545560931,5.32763970706248,5.23812765497679,5.12611000863306,5.02850209234302,5.08315727569593,5.23812563224788,5.10001496485459,5.20100136222709,,,,,
0.315339150800105,0.95832757892489,1.06895973232386,1.01984636970799,1.34688768967335,2.15994812828738,2.98091784177039,3.42487573293927,4.74138658776612,4.3242589957876,4.33175783514752,4.32119583218918,4.10588087995181,3.96083306835983,4.38967053780076,4.69458877767558,4.92616967897838,5.36712483952589,5.34573107334823,5.28530407550744,5.2419444784938,5.07816218449563,5.03211675852063,5.00902792962414,4.92162173406258,5.26248605348507,5.55279471937088,5.43667779444591,5.26681537813738,,,,,,,
5.1712542982543,4.91872480488002,4.56551968002536,3.59569837099456,3.09656676672578,2.92645091621876,2.78914975051793,3.06325128985631,2.76526130178852,3.04975995918453,2.87346016986534,2.70757713869575,3.05793952490147,3.50047071225598,3.61889409942126,3.90280690480217,4.33204170815735,5.69418639371884,6.14585970309838,6.2131088383329,5.97553549849055,5.78316830223142,5.75049387160491,5.55748879374475,5.8690788994265,6.15319956498344,6.17309942978571,6.32002804772063,,,,,,,,
11.2039451733113,13.7317910593827,9.65243230549231,8.75140686999463,7.709137450759,7.1060677150007,6.88819073139692,7.10025495754681,7.12999415778768,7.3118995045427,6.84076955009085,7.13478445900123,8.30562627373289,9.34850342582153,9.32016473767288,9.39347293804821,9.12501040241792,8.91787110615315,8.80337972823457,8.50462717724926,8.26228935797397,8.39277188423969,8.5559350382082,8.40296268076514,8.2884161492065,7.98712126343386,7.99763095933151,7.83573243608785,,,,,,,,
13.366979635976,13.3036795391986,12.2240748051821,11.9222448408299,13.3888482738738,13.1232890297165,12.6342435943016,12.4093667622678,12.101467930007,11.6203962307564,11.6333363567768,11.1400839990529,10.5849554137035,10.1724240518525,9.73666523023608,9.73865227480483,9.50104863825021,9.02015994843623,8.89818248427701,9.13740440773274,8.88202697137331,8.82990587775245,8.80804429257139,8.56986525397279,8.41719501305206,,,,,,,,,,,
3.14308024199603,2.69318022285787,2.64861578449295,2.36452513894412,2.53334590213257,2.59657803458277,3.612799625172,3.62140653238833,3.35524767831695,3.52669943320641,3.41814840255439,3.41671394366305,3.62664907145777,3.8432233300887,3.83289491619634,3.78744832194547,3.97107784740554,4.21656991000349,4.30617702644972,4.16763275695137,,,,,,,,,,,,,,,,
7.16709092323003,6.23018498833251,5.80385210573326,9.48474348811381,9.76756873370788,9.36461808255361,10.4265712792783,10.2842621730441,9.66458611031329,9.22382094935199,8.7548455946112,8.45708094914862,8.39566659579526,8.67270498748192,10.7276422432006,10.5003790590342,11.2469151346826,12.2054699008501,,,,,,,,,,,,,,,,,,
12.7304698894586,9.20834385450454,8.89794085108424,8.20127635215644,9.48086443563074,12.6679156441992,18.5450849602747,19.251745472099,18.2045443992121,16.670220058778,15.8592257974206,15.3118903875223,14.4074775584069,13.9581589032213,13.6040260084898,13.5201905363114,13.3750207640496,,,,,,,,,,,,,,,,,,,
30.9756155401305,33.6867677914512,24.4141375315655,19.278994438884,16.5232024954565,14.9033924250945,13.4126771171304,12.0358076726563,11.2946674604565,10.1878324700625,9.64327859718159,9.13672039023955,8.65621576902214,8.26502469691197,8.05256991971895,7.74924077610182,7.43247459643679,,,,,,,,,,,,,,,,,,,
4.40776645506398,3.09965288104117,3.39126541629784,2.83218622434753,2.84161800742903,2.83360422346181,2.54703398109591,2.51813794570263,2.60895591868742,2.70806488924553,2.54719208793331,2.38715562757453,2.47268418486986,2.41206670157108,,,,,,,,,,,,,,,,,,,,,,
6.2564999601233,6.98593013873991,11.268490958694,10.2034359886527,11.6026078317985,10.4747111874689,10.5606647776747,10.8914650824061,11.3245351745025,10.3373864762979,10.6588155670508,11.0026209228375,11.1269484628122,10.9407094860553,,,,,,,,,,,,,,,,,,,,,,
5.02356396198581,7.47428365491928,6.26602571983758,7.39639484417847,7.26013296620992,7.26863508189167,6.93580095791587,6.51727005799666,,,,,,,,,,,,,,,,,,,,,,,,,,,,
2.76703417013407,7.88675781945651,6.59792462621617,7.02460614766674,8.44528358874817,8.84663134865515,8.18949087547366,7.38116515564976,,,,,,,,,,,,,,,,,,,,,,,,,,,,
3.14396247921897,2.28230671511904,1.66678419489912,1.40221601750061,1.15516289909904,,,,,,,,,,,,,,,,,,,,,,,,,,,,,,,
4.43902675783256,5.52173450217412,10.9792927726566,9.59999521542835,9.17780064953892,8.99857126690186,9.46648247777666,8.82614447637263,8.92505254440199,8.85863284834071,8.38625299615336,7.77925023755322,7.52984316724232,7.20448069653313,7.3011204447379,7.10695857017886,6.93656181431147,6.7535858925795,6.66085257785368,6.49649744886883,6.2104791733817,6.18658762312014,6.00172642735729,5.84752071510979,5.78702001718284,5.70638856109392,5.58064643054529,5.52388883048352,5.47460886734408,5.4291503004818,5.29532155939273,,,,,
1.93552181902194,1.53933357215747,1.49836511148947,1.33408895201894,1.19701315934231,1.11073408271054,0.982976854598182,1.02564111934634,0.928638977857282,0.88036480849472,0.817918463238978,0.789923771806403,0.770855673736882,0.733786653257644,0.743476217839319,0.702931621495428,0.728725420869245,0.732164658000729,0.714814182952639,0.702238298730821,0.706715564491766,0.68323261256471,0.675700599107813,0.670414879541668,0.651305273171377,0.641469057836294,0.645431790825115,0.651991416723414,0.655875216531611,0.650324481585002,,,,,,
0.49570845466266,0.889500998334961,0.858028625462626,0.75668980720825,0.6955506320706,0.644039559105391,0.585246017799836,0.562796929982951,0.710228058705652,0.73531631760263,0.74905622221152,0.788656265447046,0.802627923378766,0.800678530389234,0.808000412750035,0.76760530105796,0.774994487983243,0.749601059894528,0.743113761755408,0.714644900143997,0.725937745105688,0.700125722916601,0.681860533753491,0.681658133202805,0.666145943255129,0.646768837685895,0.639975886457075,0.671893584405915,0.709675015278383,0.723139703330764,,,,,,
2.74231563206389,1.9375479475401,2.09678323162229,2.38058077351467,2.7339175594494,2.7069484179271,2.70465982853925,2.63082247186871,2.56608584360733,2.88926783279906,2.97228272759869,3.3637568205033,3.43957395368385,3.35786331096287,3.19643348464937,3.18696216731846,3.11351551946152,3.09527879827259,3.00745707756662,2.91498397383766,2.9877283184239,3.08456608172434,3.11737128814935,3.3178587110816,3.39284066570155,3.34490467007224,3.44148246919987,,,,,,,,,
8.82135133392691,8.10217325638589,7.10093303254694,6.83243769523114,5.84116046379793,5.54627388680066,5.63513415961225,5.82955153639443,5.35374986070243,4.97784052086099,5.12953188390422,5.37149504773323,5.45564333091596,6.15873534046954,6.6700192214568,6.70494072602061,7.04349003455888,7.02316503122389,6.86807040981548,7.00752572435273,7.02508739304626,7.54551825760112,7.31214384586773,7.12776970956631,7.20532428352632,7.32309377833144,7.14788200656658,,,,,,,,,
11.9903696436572,10.4255936562318,11.3631244224729,11.7938836904625,10.0303069299869,8.64123969503011,7.9558692948719,7.81952514369781,7.13990051443904,6.9246661893657,6.80103598639729,6.80320377968746,6.85029838219391,6.45070623994675,6.14538279393083,5.99394982546449,5.83207809372915,5.79395962083404,5.59499323244136,5.62002911125735,5.56179004515098,,,,,,,,,,,,,,,
1.80652985604074,2.16014247703811,2.80478711681543,6.53307517751796,8.11724559926878,7.20706110089561,6.61616018630557,6.2258191191916,5.80065164679901,,,,,,,,,,,,,,,,,,,,,,,,,,,
2.06033837431729,2.00424343302383,2.56868090072118,6.48099280788499,8.10223442234355,8.02350995778565,7.24813341695456,7.19103117462074,6.88495679492003,6.88255284110934,6.52761544860367,6.29631210042838,6.10647063507504,6.08382896643687,5.86803688981512,5.74522012682638,5.46163887935727,,,,,,,,,,,,,,,,,,,
23.4678393242132,17.0932926467148,12.1632926242188,9.78046223657157,8.63002515728877,7.38533272508935,6.54362346329192,6.03746222989963,5.55087296597564,5.15344000370336,5.30046216012276,5.14055811424609,4.85011549505727,4.56516659003428,4.3885965496166,5.07051794303486,5.1518365780564,,,,,,,,,,,,,,,,,,,
7.61305402640862,4.7851102928648,5.21046894955254,8.30607010895906,7.61435843524607,6.86932752485181,6.95289044173758,7.51990022167019,6.99632554625482,6.81591444282089,6.63770774841346,6.80152564619912,6.58542664054478,,,,,,,,,,,,,,,,,,,,,,,
8.32648417849239,10.6804604861628,8.70272441699324,8.0270336869719,8.44497123790218,9.72189878962487,11.3468263672287,9.96573226922452,9.49974705832746,9.15623048622641,8.72026132712857,,,,,,,,,,,,,,,,,,,,,,,,,
8.04245440529089,8.72997537494292,8.1260865295549,6.4518759234509,6.40979705627891,8.17407730406654,11.2226104362005,11.8402641891952,11.9342652255452,10.9399491585234,11.9882942610056,,,,,,,,,,,,,,,,,,,,,,,,,
5.54874940995982,6.66000777445062,5.31139759977401,11.5420899432437,9.58839552178433,8.15464088359067,,,,,,,,,,,,,,,,,,,,,,,,,,,,,,
3.37045920168106,4.00238824212474,5.12989263283372,8.79991149892196,7.4081473034393,7.20322247895558,,,,,,,,,,,,,,,,,,,,,,,,,,,,,,
11.3459808514295,13.9603717809058,9.77321123603592,,,,,,,,,,,,,,,,,,,,,,,,,,,,,,,,,
8.1601875964322,5.85226741356608,12.6335096774144,,,,,,,,,,,,,,,,,,,,,,,,,,,,,,,,,
