Var1_1,Var1_2,Var1_3,Var1_4,Var1_5,Var1_6,Var1_7,Var1_8,Var1_9,Var1_10,Var1_11,Var1_12,Var1_13,Var1_14,Var1_15,Var1_16,Var1_17,Var1_18,Var1_19,Var1_20,Var1_21,Var1_22,Var1_23,Var1_24,Var1_25,Var1_26,Var1_27,Var1_28,Var1_29,Var1_30,Var1_31,Var1_32,Var1_33,Var1_34,Var1_35,Var1_36
4.03191992060441,8.22338790149694,6.64198986397976,7.62617490250355,6.02641490461011,1.05388200673634,10.4716072844173,4.86772552303214,15.1833286777643,4.31339176195268,8.32530000388596,5.45347270201484,18.9850882530455,3.28238607127712,2.44617505022809,3.19757379380768,0.639490471136111,3.28384987211561,3.53045626626781,1.25069269656321,5.15767458538844,2.39254377361156,4.72284300512224,10.2343822234489,5.78384013509884,12.9389721808132,0.940522412160193,6.41589504661897,17.8397891931185,7.77811561625159,3.77291783256839,15.8262910664523,2.13381349924152,3.27499949840155,16.5955185758778,20.3338254896379
9.65656215763618,13.8030366347919,9.78814765531869,4.73827652712839,10.7028125247517,12.0109638353516,20.802894138084,15.673991773847,12.7770320225408,21.2956824780468,14.8413017436126,5.40850972277705,4.24318440515581,6.89370026650727,8.43449585165674,15.5077166609601,6.07321097107593,3.73224730282751,1.34619278782589,2.34838576773608,11.426450969491,12.6847387731052,3.45763027627166,11.6077869158557,6.16760311344999,19.7152423300369,16.3184129130186,3.23925581265485,5.62474006252624,7.87681810138721,6.04097783073148,6.98077627505835,13.8653606679413,15.9372437153375,9.7874489218067,4.79882343641733
5.32816151769936,12.8569405059016,11.558733257595,4.2744179936354,3.48350389671171,3.25530882707356,2.02967127779312,10.507755624749,4.70160500969301,5.95345250823005,2.15328449559258,1.32481477654154,3.76559069820391,12.9727935495794,13.87888437613,7.13368607079269,7.09833662701107,3.70177884581113,2.29337785049818,3.85395077018283,16.866532959122,11.0081474077318,8.26398228469496,2.28366408520004,5.18373523925493,8.14823876858598,6.6817064476842,4.30338771781341,4.03958970493822,0.326060805830291,4.47062596011573,2.79984329594014,4.13830958145081,8.59759712320709,6.38616875349661,1.90314550103757
6.77997922714176,10.3689832667385,4.50832635219935,11.1801757715488,10.2367836985332,2.62481531676399,4.03991979582628,4.7960122858807,62.0131447550023,5.33007980681714,2.45297816433925,8.77108822629151,58.5134543328184,4.82384761628404,8.07855732230208,16.3863483841666,15.4220857652036,15.0135908673694,18.0046331132165,3.92543955634462,9.02008401206058,10.6214839276041,8.73558067431993,12.600004741478,18.7220307256453,2.04672111549318,11.3774338141926,10.3652652496546,8.68330389627707,14.6687423080725,2.76808498307505,22.0310067571429,2.2929993442877,2.19525746981846,8.07400800417779,3.41432201316647
8.42450668158242,14.3244368135912,8.80334740020789,7.39574889295212,5.74352841251393,11.869630595558,24.0331402170445,18.3561873375037,14.6362316846824,9.90790819110382,0.908384383643378,4.21156723099752,8.66435973381061,4.55591529758806,6.92648576466155,8.60316582650258,13.7352605999628,13.2931149598239,10.3837399357881,4.88429526587312,16.7973867724155,20.5743263640353,7.79665556487813,8.97812261334802,14.1572046393809,21.7836802678226,24.9925716058746,9.89464463819573,6.58926532502197,16.3654225829382,11.1136683632334,14.3721321896492,5.98529636139014,14.5094017434269,4.16781794858041,24.9610278516519
44.7274667861904,42.7401826604358,7.95769481931501,5.47923134790685,4.60479355545878,10.2891842361481,39.5403792591836,15.0134932093917,7.62315813696406,51.3315577811721,50.0267618207662,7.73115174207516,55.3808385233476,2.31585427907611,4.47823823370911,51.0692331675135,29.1083623654541,19.1673818059874,26.8784322012782,22.4806561743834,48.6373322712458,52.9766627028826,49.2311391659121,7.42953475480987,21.5439947277135,26.4385721933748,4.0656050702618,12.2629900540523,8.1561648210889,23.1851926271727,8.06886568656595,5.2892058924318,39.2117282981611,23.1795956055947,26.7807820893721,7.01329620295939
3.11072151169779,1.57236731472182,0.849128618015446,11.3392157816087,11.5786293914297,0.493721328235725,8.79224743177876,7.6149144691117,0.236886652637912,0.697180704022793,8.82350584734365,9.09579700437509,10.6539042525467,0.985894474972349,0.510429436792384,0.346731940417899,0.667369108439561,1.60851021630006,0.744576133475744,0.777082166380228,0.71325666929936,0.550802347333842,0.875214017109309,1.07419792080504,1.28588376123192,1.05358342945008,0.764874581430217,1.3731294569688,1.21422142936892,0.645734175534567,1.21492819393169,0.686924849376409,1.0314757184252,2.02276339130717,0.609908879217496,0.100151083661109
19.1143213641421,9.50855105491928,15.7265879744932,13.8400731113615,5.94757518132145,4.99277258186604,12.5124612049436,14.5264345674782,7.20243911527214,20.5154358368436,18.0863868471116,5.49813599125255,19.5016496839569,4.42173424636897,1.15702759670349,22.3940583965823,18.8473403992046,4.64135127943734,1.31393643035398,11.2598474901795,14.110703186675,18.4800759551423,18.9203418836303,4.77775389597809,6.90008964665309,18.2325772744515,6.95874573522119,9.6706946056526,6.04927354811125,11.0003812867162,12.9774829670111,4.48068586434197,13.8172449112599,6.46699487196586,8.65199692504958,5.59744051153726
5.95263756094479,3.06905262153742,4.12135604296201,2.23251537697704,13.4485271568524,2.34238561162028,6.5507524679606,5.81165401386857,0.472221161681113,5.03992926515218,4.52973079410016,1.48942568483387,7.08402746301372,4.67401811932517,4.25435559203791,4.33996746603867,6.48948408596774,2.67032634496625,1.18434379077575,4.52602210094673,1.28496886551752,1.73081088259836,1.251303164979,1.54398761673626,18.3359528699818,23.173754071337,7.09419968954881,5.11776644124898,0.731228318964484,4.86926308048003,4.08679330333404,8.10065676084529,7.54002040943531,1.03228299455477,7.96594485366563,7.73363679703035
5.46931568540528,11.6005487695148,2.86697670405632,2.36303443153539,5.51679693220041,3.28413107773833,6.02526272290761,8.09358174863142,5.97769512859897,4.81213987742189,3.13576604501195,3.6211529930411,2.05394373331327,6.75169164636011,3.28353240869288,4.09953539217836,6.33146824226326,3.22340296689833,2.86115067657151,0.474216345262938,3.15069393133146,4.04396467711316,0.875387543084942,2.80815170641687,1.62480490471548,2.13250169271797,0.274672546709031,2.5814064659181,65.2995704029054,13.5900318654326,19.9738883197294,9.13115321075576,9.79881764767184,5.56377873685171,6.53247445219575,7.70972326668857
9.77538873436751,6.30220425930454,10.3545529570818,10.081032128377,23.7361902491093,19.6770263809641,11.1170415454759,8.12252661093724,5.60427081998575,14.0592704634162,17.8192450545382,10.368996369749,7.13857256882055,17.4246427558529,15.7911414464989,13.6939744332601,4.86477907089522,22.9352784627005,3.90335574171317,12.8725972083996,3.95871888497674,3.25561112216293,9.38071575424387,6.93181382561005,14.5154730515473,10.2563388394978,8.26897566160155,3.91805679740797,6.85352742639076,4.50738386750056,13.5600550595749,17.2815389525922,9.23643557413328,6.70039976995078,5.50704471669702,8.1406267132239
6.72481255533128,6.19016562194621,14.4535822443416,6.86016896499051,7.95104445546114,5.45330366575386,15.6783659826613,1.39476792018854,7.1779882096413,10.7415622290847,13.3680683319434,13.5965698991491,6.31715783616708,8.18953605407322,8.64467912333127,12.2357376813344,5.34116013171472,12.3271987248945,8.11772223379026,6.21036921449654,8.61615292639733,3.53606264883731,12.8304217264729,13.4243261017955,1.21343583824459,10.5792018471508,5.47589585018182,5.45157063415054,10.3366141480747,8.80320063545256,6.48815016849943,4.01874124749369,5.80129361158793,6.21300196186087,6.06910071695721,0.423692723313106
7.27093308968118,6.11336065473157,6.29276923422824,7.21375335856972,4.84127177446559,5.94342515782608,3.27819662022493,5.50097814697262,3.76410962573096,5.23983492031926,4.50263918839699,3.42541415792178,2.90564997996604,2.55291517750491,6.31601817411627,8.86057587138563,6.30415081085959,6.26317217604336,10.8517012643183,3.36796162422678,9.94305659560637,7.77316394843569,2.68883314993752,1.71806830826128,4.32463925579512,5.9078171810623,1.55111925376629,3.70064333836851,3.78923497534928,5.07792821017257,7.54713430933697,7.05919488375638,6.28789835646391,5.53839242835788,6.12880564530796,4.9541392431176
15.9383387394265,8.34502754215712,14.753820911778,3.92748636844439,9.42957825888911,3.75974746814759,8.98820666732157,0.595414885060954,1.52782991424068,9.38741843735601,9.49893909715411,7.7811089298394,3.24050676425312,0.163754197957683,4.92131662707076,7.86550475743325,4.76437189406652,9.23763823195043,5.8512858783132,7.20734253124288,2.18801807902174,7.04041583957464,12.5154023816472,6.56469569967669,4.20558431163937,6.07448697990383,5.33967052528636,2.79904424550291,4.90111443486528,3.45392668480462,4.93881055319686,2.43550034512407,6.09724737754079,3.80067408450893,4.17200515721615,7.70241232172147
3.21854208400714,1.2044014529772,4.84066536490894,7.66415514200161,7.39568452182308,1.21476334165418,4.65038141057749,2.30129844548022,1.58369998716189,5.04273919065039,3.7680120941286,13.1164836589758,6.24589571860448,8.10346961159382,1.0375325683569,1.49493157622485,1.13325711136369,12.6398717326793,9.91677703313765,4.40133111883831,16.5944615419981,17.9644151970241,12.9519295737999,15.5029552778184,12.8055893746341,21.267474010611,16.6263529791004,16.3387909096028,10.0074565148941,17.3751703923006,8.33027941122783,8.57238664859355,5.34116546788018,9.089183154811,5.50108666380195,12.5297699721378
2.63737907773186,3.09430252489756,3.38635343413456,3.35394173837885,4.34137585602448,1.23545519827605,5.19194342897613,0.913535532935658,3.78663211380216,1.31727221020663,3.58011698813115,1.97909409710235,2.65693953457339,0.239786927014016,2.31460198956779,1.27167431239677,2.43428428971794,2.36419732311705,0.871613311821823,5.32219807905621,3.63250428378161,3.0105737468498,2.23623827503151,1.34749184890777,2.10824013218431,1.9811246284539,2.50329277807859,1.45477714832397,1.48667983760409,1.88528386111281,2.88326300681472,4.14835577578567,1.79333581037262,2.21190292202819,0.768812444180489,2.27522144777699
7.47004221397906,0.461472412389233,7.15884070994115,19.8428424751292,3.3437431621161,3.5167457765824,4.13091326614794,12.8193033653132,2.82000026623231,7.09000229725964,4.77756949768541,1.7306213104917,5.26830408555918,4.06312879226524,0.390721123965994,0.961251308249628,6.13259896747964,4.95866144030686,7.95697734517178,2.26624869995326,1.9695771789832,3.87056276680414,2.36833964452842,6.64625028598476,8.78541172730364,3.48834405128792,3.41032245670629,17.5692070468272,3.15570591508935,14.4583182259366,0.778769398182869,12.146567974929,10.827143123079,1.86506774666316,2.34957721311807,5.2538618105999
3.10187179759302,3.68289930727683,2.47819966577644,10.9520556100229,14.95340274845,11.6312957079184,4.11866584097533,3.99912868839414,5.34869287991001,2.18897470997385,3.54550999836157,9.45092561383218,2.19349628266492,5.54443148838488,6.57295796933387,4.48486331569145,7.78157148116102,7.63237373268846,20.1552199847957,13.3412243420658,2.87234087368581,10.8642519226878,3.56535432166151,3.31473485499471,3.35259858520192,9.42850527444013,8.11378364442616,4.13425365611159,18.2115737570961,2.85992103097943,13.2212119133016,2.43007432575977,3.71054343196682,9.09915570565024,5.15576030087552,9.52326237122853
6.59740309100914,5.45672193922987,5.3908769367332,0.769416393841861,2.13107669717811,2.65816363541837,1.9827702646326,4.44509945199516,9.2063808365702,4.44530962812677,2.86857933832841,3.32798832620456,2.1859175293686,3.16807786294681,14.0505190866384,17.3145084684263,6.51975559600846,7.40266629964472,3.86399717073404,7.30050545161934,2.47349274306819,3.04030111488514,2.487954113223,3.28736498996025,3.54751358471242,2.82573381370437,4.2436647447206,4.5467193442999,6.6351656117651,2.95838270709891,2.67841084166239,6.30738787764651,0.131331698723265,3.87730690521833,0.548239218545247,2.17325679707982
4.52078110149616,2.00841511190843,1.53785763981753,4.12385746397606,1.88308955688167,3.33564458551194,3.05488909633923,5.89005723603265,8.68077693819649,2.39705750763596,4.58169742956813,4.61800308082379,3.23969803393568,6.76820147131358,2.72094734870534,7.75139970352247,3.64586155761444,6.78588057811308,14.7158403109266,7.78566234671391,3.36959205238613,1.515714007583,16.4380894041117,11.5234851555692,4.52967786939957,51.860437096058,46.1012783131681,10.9996198532836,13.1665889128007,7.15770397643337,7.22164918480561,7.52205027746869,1.56531050238393,5.15147593843358,12.6598414248192,3.76384649524189
21.1112186003961,7.53327492797366,16.7351934368757,4.11435573271969,22.2045923408364,22.8955366631748,4.62276175521076,0.972839847940201,8.38225875861022,24.2198685413222,14.847843110238,11.6047552008498,12.6900926828796,3.77879277498333,9.40694793077607,10.4546514980779,4.64120519216037,2.94767314770038,7.17749580890042,13.29934647391,10.8929195183901,6.40794005745111,6.20563168382125,8.55862979436364,9.09894894986043,21.8535004792048,22.9105962386688,10.8930349631677,5.24697986657098,4.52889272102041,5.20019926875104,44.347924746699,15.8608816028801,61.1066410693872,8.7490985248246,12.7777608354938
9.77557924873167,3.42867426901766,7.24603476891881,1.10986172755994,6.4939438401816,5.21936998581941,4.15800403929402,2.32019528877027,2.23488294879483,8.64386527691602,25.8846551877946,30.1601711576351,29.2916442365086,3.32052612866861,23.9242133535646,25.6824225515481,2.64903872350088,6.52849107728981,20.0951698985432,28.9513297700126,6.36217436181997,1.84473229128897,4.34504127789861,25.8988820570327,23.1237644553421,27.4434554829001,31.2969260735839,22.9657192313117,14.2708572861703,16.8167911455639,2.13529023356547,53.8459030070928,50.521107342112,13.5071275557438,4.7123270860008,31.0038661673257
26.9776420445925,10.5389280051846,29.1675063750814,2.51014403520625,33.1072245337393,33.7590465525799,3.54464071087327,1.40680913457507,12.896769226943,36.5420564752975,25.884315615728,31.513803588192,31.1277454800366,7.59135024713539,29.8977797958338,30.6677926443628,2.50364815296957,3.19734425503874,30.8695479323642,34.0422700412855,5.73269840606564,4.19424993396489,8.28266177353358,32.4952843020956,34.3056722940345,19.9139099140962,20.6914476000065,28.6315016036196,26.8604528342128,29.6319859282014,3.02615171362947,20.5974487096256,42.2131978894563,2.12367357389938,22.2037092382689,29.0467408626967
31.1883860252533,9.44455864380036,42.5316543142258,9.02454551935167,46.1346434716529,39.7264936411219,7.57949749640919,3.79187364611168,6.77470183082129,47.4546124666119,40.014928915679,38.3709669625444,34.2992571072767,9.55434530885478,43.6254673267592,38.2458986596229,2.25096651478709,7.15001257000812,43.2800195876956,47.1566416666778,11.5326902032895,9.89768077279559,6.20849356151422,34.0945789426667,38.3721960118614,5.59513405571443,10.1369531275388,34.13716717234,33.7464005646542,44.6899820405884,4.30823148165886,6.93849927952661,47.873255771643,1.59626991127821,46.2429559082106,47.8496010774904
6.97691137913665,5.78283049988257,6.16106488996337,4.63232938121076,4.80465653178084,10.6480282157997,3.32570853740923,1.31869649879098,5.92844143890228,1.24668417024351,2.56012270124472,4.81870037660109,9.39743164142665,1.54864120581121,7.75181032991191,6.98301403581303,4.10046048097255,3.22297351927006,5.19345820521963,3.89431984409702,0.451483490243067,5.49865078433271,1.33775050743549,2.61127717806843,3.20424122287078,2.79654020648953,5.67831992756176,1.59955735467371,5.43020809087439,3.2684777221336,5.77941968807299,4.1673022451762,6.2760105762837,4.39660639319602,4.06672122570887,6.33726874851063
7.53046012443368,6.78943680867572,3.6101148763122,2.71100446520022,7.57652814754277,5.95790620129519,4.18436346417873,3.81402891019005,5.82002828109345,1.3912852116916,4.75195597615799,5.95126269461006,6.38987959724081,0.943716055534946,2.55646245630664,10.2362732295946,3.0283416311886,6.28078660554973,0.489788504103852,5.36062516531867,2.86943706426181,3.67441056290369,4.10118265865057,0.591515431772022,2.1918761562876,3.20517709263103,10.3131354222594,8.65743639371781,7.79090405677879,2.39351332356391,9.52337650519642,14.5061973471565,6.22685593714533,7.57719694704238,1.69725078960012,3.19014333593515
5.59194671800848,10.310447864276,17.1718836821542,3.55965732802607,5.690666103979,2.07796264740869,4.48155095095293,4.26749841419021,5.88795372848521,1.0261720143574,8.10039600458416,1.0437802963999,1.78758665457627,6.55105521910277,5.41521144858028,3.02085480364657,6.31267561437537,4.71345848310245,2.91652784159969,1.94892868028722,5.93858343855378,6.19278342103478,4.58675540940431,1.58915219441182,2.58463181291752,5.49630932019903,2.5080955869652,5.01957750888621,9.6965038094946,8.81613856990279,0.219937912394989,5.56986332126665,0.740221027815187,4.7109667506573,7.17892330424764,1.85991535681213
3.85971073635641,9.51362914939823,11.8052154098874,9.43628051081043,14.4460262451098,16.2610314773515,11.4792730644663,3.41263755517547,1.34419876646818,8.24985265192478,14.03582815666,19.0931047998697,6.39622171905011,10.2491054058501,10.9486396085429,11.2806783208986,15.4426661290776,10.9159673244368,8.96942002928795,6.69423432605064,4.31318372671327,3.44635076432227,12.1563252341926,13.9926350080098,9.51617126299378,7.12301679715332,16.1355989075022,9.71548875046481,7.43652518642462,10.251332651363,6.90357114842697,0.966395614164957,7.48054529852527,1.52306690534796,4.95395395370383,3.08527461288739
5.76627034595178,2.18992692279251,2.00689544979144,1.22962814695055,1.72084012870926,2.58064462364222,0.595414736970321,0.750825306152145,0.0439379449462832,1.14517569778691,1.78153944412385,0.80544201833766,2.00350361475989,4.02796161127261,3.45353040604916,2.86532233572333,2.76577950276105,0.855843318695729,3.14484527580081,3.55105496652399,2.99884148271004,0.479021660975065,0.586072551595023,3.02983984863323,2.85293448214854,0.869418132343215,2.658118845474,4.93421849876606,2.92385797900114,1.60746675903465,1.89600782054701,2.14836359508281,0.356481389413524,1.36238698966224,0.0859249149712451,1.97093506878465
10.5237610107219,5.83441057493454,6.20620083000936,8.51930308191303,7.11437665217534,9.00867656349845,6.47021765925548,4.81267872478127,8.42130980387472,3.5508582845841,9.32612163872956,8.15937627036612,6.57067271276785,4.38846003200566,4.04749547468893,10.2296462407853,7.04200128316583,7.86032631351057,5.66045807274944,3.69187179538413,5.156405552201,1.27610025889134,20.5195238561086,15.7570428404295,4.75973314713901,6.52969606810749,1.42721645707238,6.37486086731652,6.91851325644678,3.31950829672172,4.43057675980828,3.17010978608125,3.20013608535994,3.45405611192069,5.03167072476231,7.38952001871277
4.08022539641634,1.41418541618197,1.50998390457891,1.79435390426471,2.03632498657536,0.461563300944961,2.6549421586507,0.356022213197401,0.309660104630196,0.424826655913263,1.69169384881336,0.441523105426588,1.03298137718449,1.36132629195122,0.217947243396154,0.230597333004188,0.512200136221315,0.972332726649345,1.33133945909207,1.31411026615769,0.196743830097013,0.193786897581034,0.712110473511232,0.889588297061657,2.21375841950087,0.919062159187168,1.28989435284736,1.6494277560891,1.40476029960915,0.53888994620286,1.07771098349407,0.611227220274621,0.238569983105854,0.157476270984347,2.51008937914034,2.21610338500684
10.5791158091462,5.72388279076294,0.691908806599232,7.87602672840302,15.6151040676089,9.25327005644282,2.07066381180317,1.60929513085441,3.79758793896428,6.42936327427682,6.98270823188933,10.6578273865818,10.7730462266929,11.4325336292917,16.3423628701941,4.36141280818823,1.48696490103792,4.82864061336448,6.05928184784456,4.18616591896623,3.55947370310856,2.36127616668231,3.3291008158193,2.64616537910815,5.5164526060103,4.6148835867705,4.05242438741392,6.46544033158915,6.1943635311609,8.95880513440607,3.9369081699684,6.35020895381602,6.3606018314296,7.82345184719431,6.32996703105872,5.18621298386164
2.05646251857369,13.7936664710547,8.38560868270817,4.29282470314927,2.55173163546308,12.3099660586947,6.20967293413652,9.6245560423166,10.6092853872847,6.1180015949973,7.37542415075511,0.845684515545579,18.7207831590557,5.03882488433443,7.14351310146325,2.34220783054757,1.54662206066333,2.74680753052595,3.40468929969185,4.30902282771958,1.89567126299119,4.02937931453122,5.40750833508296,12.3705415661938,3.52784579204666,5.27859043814221,6.49543353037684,8.30013823095851,2.82646229220909,2.84109310128501,10.9287023108953,9.37082281332598,6.41515774906185,7.45668591916565,0.800549209093111,2.6010052882795
42.1261996487317,6.4611822412872,6.38513012989241,6.99291191475794,2.92706001202303,3.29428277450944,13.0282435570421,5.95381771987777,1.70749539673453,3.83176909551054,5.86725585901996,3.17517762595233,47.5617123573557,41.160609314722,41.3144691465242,9.99116099692634,6.43551220455357,5.5939785220828,27.7504680866599,4.04267559745537,1.91185242237726,2.75441488622181,8.38690214299095,10.7580251700755,12.9159537467426,15.4666900503827,2.70726380442909,4.56851568737676,14.1905995735519,10.6688415232493,21.9523775266645,20.4309177924727,7.86414828471363,6.11336285884876,3.24659415897175,4.80032029283772
4.40306572623202,2.80851840208999,2.5914371773003,2.12920580034913,6.84312324079422,2.70092803301827,4.78175674829841,1.90085436510051,3.50753666000655,3.95826727844738,2.3780340667606,2.62052213720601,5.23027787963738,2.48522755231626,1.59552513357294,3.3207807636079,4.33764873648401,1.03308295768276,2.29279107005599,0.338708817168516,5.38703738994362,1.35246365222783,7.51855545136442,3.25413087224813,0.949843986076912,1.60354272740817,3.57815398724717,4.06643838862381,4.59727315391376,2.01324264701107,2.12807958007249,1.35265127041131,4.77285408009041,2.34947560458009,9.4294799157523,7.34360011161595
4.13138684875229,6.29898619104015,2.81964375344836,5.34908622396971,2.77989610416907,6.55630150388368,6.35893684058265,4.29606245506269,3.03865566437333,0.351688505428211,2.02933332229142,1.78203080904324,0.795509183137204,1.37442237665656,2.61763399852882,4.82194634643776,7.01585379118763,0.44501677413774,0.349677122275788,5.86263874504392,6.64149249486297,0.913018903956632,9.05137210083332,10.0239446539528,1.55835957258768,3.13804448308216,1.00398589177755,1.02171407736804,2.72310047219425,1.49737498998131,1.14547584698798,0.91814527174143,1.81708533757549,0.359985827989513,1.54923739637379,0.751572678960441
6.0418145937689,1.67311304278294,3.05801404084588,1.84528734861815,5.52902575763304,3.65102927100345,1.99313043165454,0.870729714384453,2.28588024820982,4.07757968973745,1.92432492559701,1.78485457129554,2.64531789071853,2.7974962753332,2.22065603330631,4.69654317169408,1.2822516883687,0.806231588645907,3.99302748759572,6.5075748136653,1.81493595522984,7.88834367300373,7.45088127134965,4.53407434788876,1.93263791679757,1.59575594382418,5.53966009739031,8.17911829737274,6.91254071628747,8.4885035878972,4.513504376903,5.09450057441238,2.69466872825284,3.746399465958,3.45169431244248,5.2851985346894
5.95598824740837,6.29489353125449,2.15161495280091,8.8311417633244,3.81878359767312,6.88596374613878,6.77632164395428,7.2137196195977,1.25837676362944,4.25973150350262,7.41249228153158,4.66316336327604,16.2243195365458,4.04277774870705,6.0914700127853,5.6976339277903,5.28463679413144,13.1321276108887,13.6758912976952,5.05267930442124,17.7755665183869,10.4348218467721,22.4611330924283,25.8284662069395,21.6373609207326,31.8582558501757,9.30726576948649,5.8106293113949,4.59150667814908,3.08991784529232,7.10219155741853,7.09775237077961,7.61761421867287,4.74651589168622,1.34040424842536,9.4716263052918
6.00234732128678,10.4450241780476,5.30353304516164,11.0118455902947,4.14254612960403,12.5879832297703,4.18685480245399,6.28755798925042,9.7776068706395,8.42275589870946,10.0967668630862,7.01890809094438,22.0931899830573,9.32457510516311,5.41353709000885,3.3617134714756,9.72958700840804,3.90441623199909,12.5045903259413,17.5754267053502,26.1472488664905,16.7913893419329,41.9504188310411,47.6656776833099,49.9635334210488,57.6522347123738,16.1716617133083,8.44645544654326,1.21873590331608,2.06757290238265,4.95047407257654,12.6174505035879,11.1704172045756,3.90745016181577,13.5482579947034,9.41802590873679
10.4308745902623,18.6446801727223,6.6722955718217,1.66786835644892,12.3672883361485,7.44384930721334,7.70400911198725,5.8966305428667,3.37835657440975,4.36570117437437,11.4308109678119,18.5199392356077,7.65323876267352,8.15618973820127,2.99422352640733,3.92626486989022,7.78308626260327,0.226666985055598,2.72651888923414,9.99763805587031,7.13625048318246,2.89723458828375,8.18612728219623,5.60541554537359,2.5421811069125,3.39305399874023,6.58652941436168,7.0570791593266,3.22138460120934,0.101301806198949,1.30554467359908,9.59429527643608,7.85898715505633,7.88431072711996,5.6782144996646,1.0618138617463
0.938845051890307,3.31168857466092,2.59096195148144,5.66336817614364,3.30924616233322,1.66569744496975,4.4967103250825,2.02043714473404,2.40615008561699,3.77969427461014,5.82209607936657,3.58745330066311,1.96565376060809,2.58851056895204,2.84819717569516,2.6385871367148,4.51086569497033,5.036596379165,22.7852117768822,6.53206013414852,11.4018207713505,10.6625955809768,3.12119837070807,0.94145110994132,2.52729331895157,6.97941612089124,21.3584216499143,4.50945656901374,3.95566854013464,2.11669569899133,7.76002612056895,6.75394970268565,6.21969728706013,4.65900475337868,16.1461864478915,9.67900150967576
3.96460668373383,5.55897184432611,3.42754653982197,0.782176546459558,1.44673839674123,3.44191074955174,3.6282270206855,3.85725954557786,4.33571247007741,2.58286803987663,3.31435234338243,40.1442524441392,49.2893256412372,5.65986365679573,1.16437088715394,1.51329697672888,3.2861040750348,44.6130112962943,46.6611687685905,47.283957906895,7.93899196531228,12.9838809296913,2.79131711053267,6.9410181021508,8.35839256861513,3.411632571393,8.24765871903063,3.90713835315985,0.507720536289878,3.84311988614242,10.5185963849121,5.44000507096094,4.73052010482326,5.20796342185448,11.076174325106,4.25443074926002
2.23149124125479,9.42976645764172,4.55480620945804,10.2047803161059,4.65661534111668,4.302403821587,4.41217534011914,4.60217688255991,9.29412330152817,4.14161448932812,5.08481739322771,10.8133571315521,12.8680431182087,4.70656023855631,3.45743059393468,3.83817532383926,5.26680228367532,10.6605342561567,13.8218941784654,0.619629019601495,2.78718844603316,5.6313546823014,4.18963006209602,1.83710954983608,4.04982709017038,7.58024237365589,10.3594102843046,6.28694980951049,7.8524440264713,13.9794010505859,9.27979965742336,6.16041868103305,8.49677393006008,1.32762901542576,9.48435438216753,
4.06650933289569,6.81338369688809,11.4282430732656,14.6912391245199,6.76231837124287,12.4107106854485,9.35317120522913,6.99022783816831,10.5543813036047,10.9559397906481,18.6636794886111,8.80447266435328,11.7924120026179,4.49846854574631,9.32072466488645,6.13019077922241,9.29931160740014,9.7923769243315,11.5908761991378,13.5025687120376,11.8767740817896,6.18696936832839,11.636397770758,1.25451260752805,16.6352311169914,7.98106728109942,10.3469541013587,2.76785878653449,3.94387413426655,3.81980772666072,,,,,,
2.87605755673682,0.621223540063203,3.95168570914617,7.97921284089139,2.4160545799597,0.215103803125663,0.479294384139382,2.01730786948092,2.87714424157508,1.4632880621313,3.56366392973119,1.8989532869124,4.5923097730443,4.95852389357757,0.85947547988094,1.75321357685893,3.25849414237741,0.550370609792406,2.88379571057312,2.73348281152116,3.80144395254209,2.23893941066587,2.57722401168976,3.10463816137916,3.31677150225676,0.755603768473507,3.57998966662199,,,,,,,,,
5.33053037153005,5.47322020070989,4.54226560761141,10.1854045278101,7.3609973971809,16.8115248496061,0.994526887761917,16.312649091714,6.25711922494535,3.37161933115402,8.96283131010368,8.18951297658127,11.1682235642406,7.93410306311539,29.7031325176488,3.09503930035406,18.3266533258567,7.43049636556425,18.8534476526569,14.5981328426364,2.42362826577331,7.40809860494392,11.8869260130056,8.39801669784214,,,,,,,,,,,,
1.13268992234071,1.04377651762338,4.89728883800107,6.91207315811165,8.66707992166328,3.11997519311105,3.41746899027327,4.33352440271583,7.80052919038622,5.98437239071692,3.11854041333198,1.4251441657831,5.85896148275363,5.05082943505529,3.94929825750194,4.25607891579074,8.01886721180558,2.39029268219589,6.89758374599959,5.25365021925547,0.687930508545964,1.73381524446309,,,,,,,,,,,,,,
5.85369569790953,3.55781696135972,7.43050438002609,6.81516920268182,5.86660955876351,5.43353581414852,2.65658468283875,2.74566336537949,3.51077852059363,5.17601954171282,1.69113002161687,0.581194116336901,1.0092853314441,3.52318878399433,2.19733306457089,0.725107558320506,5.32453911728428,2.81821534612283,2.46675373812723,1.34844546128512,0.524604817093654,,,,,,,,,,,,,,,
6.13475814205347,15.4383210789334,6.07485543021616,5.0343102894738,54.4951663970538,8.65362056744105,5.14705024788805,12.632852651174,9.6041274585144,5.11854766731796,16.677438795503,4.09291377920635,6.66354484962618,16.0863210644634,9.03768255898335,2.90778531421134,2.61559649745725,7.28908003888973,6.9931475624146,1.18914751500078,4.62348025263815,,,,,,,,,,,,,,,
7.31243922105644,12.1993751337736,7.25613774109031,3.96983920201535,1.11936978166256,2.16378911855477,11.27457056755,7.14681429198229,8.11679419979403,17.7133552536401,7.76814379342177,2.44774987303944,5.20273287652502,2.35865882072144,10.5727432404764,11.3975867578945,,,,,,,,,,,,,,,,,,,,
25.2203722484375,10.9556957982085,18.752475837596,21.5958095700453,19.2148553330627,8.67726639088556,9.13370268494795,5.36581102894758,3.97208356900428,4.75690888459207,10.8881599555701,6.391845633247,3.69388273240037,5.25551538318664,2.57558105400535,14.091144232973,,,,,,,,,,,,,,,,,,,,
5.4939586010633,8.74680475345536,7.29293005789035,7.76063933137437,4.27855023235647,1.48091331567237,2.00495496978545,1.93027512846658,4.24035274284251,8.26281797880976,4.7622852675344,1.02455516803396,1.97133033018458,2.89005850745171,2.47355589861097,1.52643614942987,,,,,,,,,,,,,,,,,,,,
3.91348046452305,1.14392370242514,2.79202334589439,4.1122778051712,3.92678736709335,2.98689952581383,5.00145911465877,1.40913972428785,3.36810113112595,2.26208441496692,7.62423814577157,3.19690199372668,3.93441818375378,0.80890252296958,4.08568524824604,5.84482597255597,,,,,,,,,,,,,,,,,,,,
16.8302642968712,9.70700053960326,18.5694485521181,36.4647221225812,29.1900077849787,4.43447620499813,3.0565515480824,8.48295907399496,4.96738541044004,2.73072163512101,8.38014914806349,7.01393793007187,3.98452112158864,7.61196529664498,7.74279019949198,8.68509981648496,,,,,,,,,,,,,,,,,,,,
3.67400629226738,8.75719723331976,11.40484867425,17.7312168928956,2.41751740728264,4.32513177499871,6.10839185724994,8.16623367626714,51.8579566188547,54.5868187171731,5.97073319269728,2.96279916344012,8.03532586202346,6.39146063483772,9.79398852328683,4.18001914542701,,,,,,,,,,,,,,,,,,,,
5.7497818715003,4.15270944946223,2.15464686801425,7.40371424209437,5.85344032766623,5.46874215124798,6.47287592578744,9.12086154206624,4.24325483347758,7.12434192654578,3.22274758383549,2.90489821807456,4.78048124112059,3.71948180479465,,,,,,,,,,,,,,,,,,,,,,
9.4550410144799,1.15224227702345,6.73248639834256,7.16765081875108,4.88666090549547,4.48793072709526,4.48865995445388,7.695925412801,1.69169331598934,18.5278849924636,8.23049566983391,9.99858504652594,5.71519414264479,,,,,,,,,,,,,,,,,,,,,,,
6.21254016120595,2.4259100411905,4.52672029754082,6.4764640739122,47.9228571408375,2.43062313846917,5.02453687662653,9.52083970212712,6.46768095153676,2.73436249796252,,,,,,,,,,,,,,,,,,,,,,,,,,
9.14410665702951,10.7386540784301,3.57965710137807,11.9570779146088,82.4830717786587,4.37067109552375,6.4253154658137,9.87591780583539,20.4800767578603,8.41923029962639,,,,,,,,,,,,,,,,,,,,,,,,,,
5.70910980316592,5.60216025357177,9.56943805091907,6.75825734716616,24.9957680582654,8.90614188497531,6.70958428371571,15.1462700539425,11.169289132948,4.84173189524525,,,,,,,,,,,,,,,,,,,,,,,,,,
3.82594014009634,2.95753055380873,4.82071944465761,0.60958691672845,1.37021864809988,1.40796124476717,5.67871641505139,5.93031857433109,6.06346217423935,8.25214380579336,8.03136724810106,7.47418993126771,2.43918495672053,1.86089369675619,4.00180256415026,4.74641063347355,,,,,,,,,,,,,,,,,,,,
4.89404865532651,8.14434777359237,6.82899918875655,2.52456236989408,2.18281268321153,9.34790097636234,9.47544708384265,5.6562795348852,10.520322831031,7.37949115109764,4.6904487403719,0.672986982025449,7.81311428374796,8.95434549891323,15.1311892907341,6.20629281718096,4.28615863638614,1.15143299980672,3.61393569000346,0.705061058708337,3.5622348147081,,,,,,,,,,,,,,,
2.8785947933637,3.40854156936457,1.21475367554185,4.94507799855428,4.17953841235642,1.33740874075844,4.37246727705826,1.4546197008085,1.69810519024125,3.48216399332727,1.17927551360712,1.50786455485994,2.1865017026106,2.56444574044111,6.06831677943039,1.68988120373485,3.06449500846819,2.45179055132749,3.69461582515774,0.880681296832046,2.25258277157728,,,,,,,,,,,,,,,
9.17081786266876,3.30461627102302,8.62449205723105,5.44493867308064,17.4114221469478,8.51163784761353,12.501932742564,5.38565057507685,8.54460541755008,1.1967274116772,13.8774931600747,1.89976109444482,5.71809714566461,25.8578982488123,7.24724055431827,21.1838892946454,8.86737054702535,4.1804456692366,24.6903531816674,,,,,,,,,,,,,,,,,
6.43012666564108,5.92208354642909,4.03924904135279,8.01082471535817,5.09726322028722,5.59833304288591,2.11724952023295,21.7182121060527,12.416924759928,1.33538509041164,12.368604818085,5.03385263675235,3.79995549189952,10.1418070657475,7.82582287047129,8.78381385842634,1.10134338037018,8.69061435096185,3.96569447938529,,,,,,,,,,,,,,,,,
17.6918200911139,13.0649548037357,6.35796461642737,5.45780079791343,5.48767455764813,2.75739912613283,3.72802455679567,4.94086239095488,5.93156791798352,3.79573252450243,2.46079536952096,2.36679173940828,8.05386915017653,13.3121710333265,4.25442815601915,1.10056903896781,0.69211948717498,2.33301460225181,4.92339408050818,,,,,,,,,,,,,,,,,
1.8140098721918,9.07547518418606,6.41002650039058,10.9843541246513,5.84132746612052,6.43161610308328,2.40429596389853,7.05243358184814,5.18972014191127,5.2728254474097,3.75894657789326,2.375028061246,4.53071616447525,4.69692270713651,3.40659769734431,5.26272602636534,9.24786556794993,6.13021043104431,5.07541169064678,,,,,,,,,,,,,,,,,
14.2099327949544,8.68893308295946,16.3916279499666,3.9650214307598,4.39067851335716,6.8797792945851,7.67034727744803,9.90198136525376,4.93531728230145,21.427872873205,25.7314187122837,7.95051240484818,6.54045371672226,13.0033810583055,10.7527172053875,,,,,,,,,,,,,,,,,,,,,
