Var1_1,Var1_2,Var1_3,Var1_4,Var1_5,Var1_6,Var1_7,Var1_8,Var1_9,Var1_10,Var1_11,Var1_12,Var1_13,Var1_14,Var1_15,Var1_16,Var1_17,Var1_18,Var1_19,Var1_20,Var1_21,Var1_22,Var1_23,Var1_24,Var1_25,Var1_26,Var1_27,Var1_28,Var1_29,Var1_30,Var1_31,Var1_32,Var1_33,Var1_34,Var1_35,Var1_36,Var1_37
10914,12216,10676,10528,11278,10842,9786,10043,10853,10366,9474,9568,10416,9985,9641,8967,8850,9521,9034,9842,9296,9161,9138,9262,9713,9287,9519,10053,9892,8387,8994,8588,8556,9148,9380,9647,9182
16921,15352,14053,14344,11781,15739,15391,11636,12524,12650,12864,12693,12192,11280,11268,12110,11694,11777,12137,13557,11824,12563,11594,11838,10835,11837,12313,11867,10496,10452,10914,10049,10422,10232,10928,10348,10346
17766,16096,14286,13595,14669,14719,13205,13070,14093,13032,12692,11814,14088,12565,12070,12492,14622,15009,13014,11397,12625,15279,13916,14005,14659,12442,10749,9229,19641,8528,8121,7063,5903,6289,6313,6955,8332
14338,14781,14471,19154,12590,14923,15490,15261,15785,14366,15363,14825,16024,14740,12876,14473,10657,10589,12540,10988,10905,9593,10560,9172,10164,10298,10778,11173,11452,11449,12644,10852,11776,13088,11218,11139,10645
9598,8441,9307,8985,8987,9129,8989,9694,10999,10364,10839,11673,12443,12184,13983,12897,13573,14703,14929,13491,14402,16397,19346,16591,18657,18258,18405,16452,18324,18303,21325,19265,20059,18590,19651,19132,18225
12905,11653,22942,14341,13219,13137,11741,11605,10746,9607,10649,8881,8620,7682,8353,7358,7926,8477,7694,9614,9302,9162,7169,6930,9286,9524,9192,8847,9216,8733,7517,7991,10352,11330,8761,8257,6340
9933,12144,10639,10714,11037,13328,11237,11310,11576,11807,11023,12287,11902,12644,12126,12366,12417,14132,12268,11721,11158,10912,12245,13295,12428,9619,9758,9662,11274,10916,9283,7730,7403,6324,8175,7785,6895
19476,18674,17129,17074,16641,18106,16821,15228,15643,13088,14430,11568,10393,10025,9729,9791,9259,9504,9056,7321,7058,12775,10115,7035,7920,9694,11020,9391,11140,11671,12545,10423,12014,11479,9524,10320,8643
11165,11245,10007,9623,9283,8727,9057,8979,8786,9147,40802,9671,9824,10205,10549,10393,11140,10533,10546,11358,10996,10163,10813,11217,11175,10294,10797,10163,9922,9704,9682,9632,9551,9928,9587,9617,10021
23343,18722,11032,19405,19984,16576,19526,20306,16227,16327,14488,15639,16098,12799,15890,13419,12528,13281,14425,14269,13146,12212,11091,12197,11287,11015,10287,10238,9838,10376,10485,9602,9427,9425,9629,9015,9257
13244,13678,18619,16081,13709,12468,14934,13538,13443,13956,11718,12970,10969,11559,10821,8919,7826,7973,9613,19379,13837,10334,11379,11130,12872,15140,14025,12489,12532,13689,13939,13080,11622,11485,12035,11384,12462
19537,17374,14223,18398,12943,14289,17611,18311,19622,15136,17151,17155,17235,19293,17079,17411,16134,18594,18619,16349,19876,17124,16984,15742,14653,15098,13139,11569,12090,10512,9490,8493,8305,9882,12887,8512,11323
20077,22314,22137,22568,20867,20835,19830,21532,19396,18028,18886,18258,19476,20414,16966,16310,16277,16165,15921,16153,16458,16424,15864,17008,16933,17193,17614,18215,17553,17922,17363,17403,17746,17541,17204,17959,16756
10410,11966,10039,9782,10476,9900,9597,8967,8837,8578,8525,8004,9015,9262,10610,10000,9826,9935,10410,10877,9734,9720,9436,9127,10514,10123,9292,9582,8996,9718,11268,9168,8977,9327,9323,13337,10435
15221,17680,17447,19393,17937,15724,15253,14970,15851,13148,12562,13293,12264,11291,10583,11096,12380,14873,17034,16159,12379,12179,12493,12307,11411,10990,10308,11429,11367,12136,11121,11058,11765,12573,11433,10216,9201
17194,15604,15329,15400,14375,16240,15961,17055,15103,12864,12348,12250,10554,10627,11205,12279,13213,13563,13115,12523,11644,10793,8893,9577,9564,9381,10082,10557,10604,10910,10842,10500,11598,11844,10674,10424,10269
32743,33162,25117,26084,28952,26110,28243,16347,11630,11548,11454,11074,12180,9381,9532,8899,9549,17156,11509,10257,21504,23888,12874,11197,12278,10929,15284,20703,14776,15700,16354,13692,17627,10867,11993,19615,16987
14087,11519,11843,12761,14657,15404,15456,14630,12964,13200,12241,12140,11833,12207,11680,11498,12855,12196,11354,14975,11542,13342,15567,11434,14484,12001,13942,12088,11376,14253,11276,12819,13364,11747,13498,13160,11543
26003,24145,20645,18206,21521,25629,23016,23839,23046,25911,24140,23934,24358,25228,23612,24523,22551,23677,24402,25378,24084,25000,25448,22550,25413,22738,24151,23849,23944,23153,23172,22670,23929,23604,22692,23083,21959
17648,21310,19059,18455,16319,18125,17560,15147,15320,15353,15978,15583,15265,14800,12980,15718,16663,16603,14831,16326,15837,13415,12818,13407,13445,13155,13482,11623,10408,9255,10591,9090,11580,11512,8638,6698,7677
14189,11688,11829,8852,9892,8601,8117,9240,10125,8997,8295,10105,8759,9428,21528,20698,21253,20609,12342,11559,11350,10237,16174,12457,10306,10949,11513,12598,10298,10605,13131,13080,12385,27083,30962,26612,26260
13677,12551,10743,12748,12439,11334,10343,10705,9814,10137,9591,12466,9007,8666,9625,9414,10632,10230,9314,9932,9333,8443,9905,9668,9237,9158,9282,9522,7288,7380,8629,8678,7576,8404,8803,7663,7635
23879,24982,23248,24751,23730,22672,21409,20919,19924,20663,24332,20236,22141,20684,17645,17404,15452,16850,14256,13526,12393,12055,11566,11048,10038,12331,12001,11314,11167,11699,11808,11526,12397,11770,11853,11806,12787
23188,20748,18102,19772,18819,17492,18926,17316,17409,18719,19644,17428,16875,18493,18235,16048,17239,15588,17168,15452,13220,13423,13485,14309,13225,14387,13333,12996,14797,13575,14025,14741,15524,12492,12959,12705,10515
12104,10089,16636,12291,14746,15552,14334,11732,14985,14083,11317,12815,13659,13940,12938,13351,13146,12900,12839,12965,12457,12120,11236,11789,11042,9477,9015,9040,9421,11049,12323,13336,12177,12995,12890,12624,12572
17690,15230,15253,18361,19755,17787,20023,19442,15957,17405,16791,18419,18239,16887,17096,18644,15506,18588,15247,16702,18994,15531,14746,17273,18753,15411,13178,13727,17100,14801,14635,13720,12629,14151,14496,13591,11025
16967,13402,16967,13875,15026,15529,20263,18301,20023,18384,17134,15359,14938,14127,15378,16901,15720,19127,16914,16162,18385,15484,16490,14958,14709,15668,16650,16969,16798,16955,17034,14038,15441,17024,14140,18413,15965
10318,9741,9664,9972,9546,9646,10590,9266,9447,9429,10618,9735,9859,10412,9212,10110,10136,9906,9751,9887,9499,10108,9936,10417,9817,9699,9691,9609,8995,9612,9710,9335,9565,9567,10349,8972,9379
13835,12907,9785,11348,11902,12499,13131,11853,11567,12044,11470,10499,10053,9957,9547,9563,10241,9640,8610,8732,9588,8774,8995,9142,9495,9060,8570,8917,8160,8739,9585,9977,9242,8848,9026,8747,9392
12182,14513,12130,12618,14475,12895,13380,13487,12896,12860,12676,11367,10800,10726,10479,10896,11658,11566,9947,9922,10871,10616,10221,10838,11087,11440,10140,10484,11085,9850,10476,10761,10245,10822,10286,9572,11045
21103,16735,20242,21228,23689,21587,21965,23788,22485,22577,21825,19893,20434,19534,20869,18465,19609,20665,21619,21375,20828,20193,15681,17647,17986,20291,20113,16103,16654,15070,15273,20031,20629,14304,15096,14727,14186
12414,16473,14251,13710,10189,14339,12244,14442,12459,14947,13060,16937,13534,13515,15568,13321,11687,12072,11203,10211,9339,9736,11409,12519,12532,10137,11254,9850,10037,11010,11144,11731,12943,13013,11599,12006,13010
11506,12224,11892,13016,9433,10465,8925,11795,9582,9183,10274,9257,8908,9062,9303,8807,9411,7854,8059,9467,8309,8693,8984,8847,9188,8843,9694,9064,9338,8669,9242,9058,8379,8725,8696,9145,8180
11760,11226,14032,14515,14129,12031,13451,13509,13555,13201,14611,14030,11811,12866,15135,14042,14119,13309,14682,13809,13866,13809,13272,14248,12749,12292,13254,13760,14750,13365,13698,13488,13411,12972,12658,11638,11827
11731,9313,11740,12456,12403,10515,10065,9578,9594,10669,11574,10535,11212,11515,10455,12725,13281,12933,12572,12294,12706,12389,11586,12392,12145,14760,12747,13681,13767,12325,12991,11405,10790,10847,10989,10044,9920
12918,14509,12982,11962,12958,12599,14711,15758,14125,12766,12201,12092,12968,13705,13863,14517,14153,14338,16271,15835,16434,19239,19521,19587,20149,19167,17217,17088,20709,22721,23622,23045,23015,23239,19866,23672,23868
22319,23694,26521,25540,22650,21026,18567,19371,26797,18295,24600,21937,22278,22093,20298,20101,19196,18885,18895,19631,19284,17991,17086,18595,18303,18665,18800,19040,19390,19363,17648,17268,18749,17056,17620,18251,17677
20191,24122,16681,17388,16904,17731,16968,18175,16276,17921,13316,15045,15508,14562,15278,13630,13750,13933,13778,13729,15645,13914,14481,14185,14557,14113,14113,14803,10035,10118,10584,13263,13543,15233,12758,11593,10398
17501,18586,17871,18158,17622,16307,16689,16432,18504,17458,16200,16307,15207,15649,16489,17959,19459,19533,19472,21763,22471,21328,22274,20742,20936,19545,20765,20133,20843,22277,19378,17891,16659,16470,17534,16318,16404
14815,18713,16964,13490,16562,13711,18243,12943,16604,15054,18040,18060,14848,15487,14218,13485,13463,14360,15654,13514,13583,12949,12592,12006,11744,11914,12427,11535,11250,12258,12909,13108,13401,11997,13916,11358,12048
18754,12807,19231,23470,15239,19269,15617,15698,7782,8297,6734,7791,8285,8787,8657,8517,8971,8547,9456,10616,10442,13525,11484,9342,14304,11523,12082,11325,10605,12450,10772,8985,9852,9842,9278,9835,8913
31859,29011,21708,25208,26474,27587,28259,25105,20765,28716,23584,25724,22330,23997,22561,22005,22971,21851,21490,20541,20475,20907,18332,19012,19701,22519,22806,22410,22860,22062,20730,21788,21865,21695,22354,21035,20896
19358,19158,19805,18537,17857,18223,19826,18928,19563,20005,20907,20682,19122,17298,17588,17003,16269,14949,16325,16500,17222,15676,16714,16170,15581,13958,14282,11825,12308,11427,10467,11087,11521,11271,11446,10461,9897
14404,12472,14322,12976,13885,15014,13781,14103,13797,12942,12392,11842,11468,12253,11972,12418,12345,12749,12894,11829,12296,11109,10894,10692,9761,10804,9521,11585,9918,9589,8777,8727,7774,10808,6937,9994,8849
14630,13860,14557,11737,11648,11141,11884,7472,8339,8179,7092,7853,8604,9474,8642,10586,10605,10308,10970,9817,10936,9417,8948,9483,8364,14386,11922,8008,,,,,,,,,
6450,5945,6750,6250,4340,2250,6161,7719,6416,3186,2292,2002,6852,6719,6369,3042,3203,6190,7308,7363,8273,6488,3320,6326,6549,6726,7860,,,,,,,,,,
20895,17821,26794,23915,22862,19038,,,,,,,,,,,,,,,,,,,,,,,,,,,,,,,
11657,13197,17646,14205,14347,14124,15381,14219,15520,14332,15127,15612,14642,17548,18705,11441,16005,16543,16804,15178,15485,15477,16889,16522,16328,16758,16257,17048,17220,17444,16193,,,,,,
8893,11417,7940,8829,7431,8380,8380,9043,8454,8551,9676,9884,10869,8695,7906,15712,8649,9198,11255,9666,10363,10364,9672,9135,9543,9557,8554,8278,8076,8060,11601,,,,,,
