Var1_1,Var1_2,Var1_3,Var1_4,Var1_5,Var1_6,Var1_7,Var1_8,Var1_9,Var1_10,Var1_11,Var1_12,Var1_13,Var1_14,Var1_15,Var1_16,Var1_17,Var1_18,Var1_19,Var1_20,Var1_21,Var1_22,Var1_23,Var1_24,Var1_25,Var1_26,Var1_27,Var1_28,Var1_29,Var1_30,Var1_31,Var1_32,Var1_33,Var1_34,Var1_35,Var1_36
21.0065198481493,20.1624199234505,20.9954808985175,19.7595243413114,17.6631530033034,16.5779174525967,15.1085540116258,14.2631917137916,13.142584985731,12.4536617854686,11.7825448035688,11.2212737194248,10.6692102443645,10.1562480290312,9.78494900079047,9.26581203657956,9.0176910752192,8.78808005894027,8.37658819041202,8.23786747818639,7.94332401984753,7.87325405254577,7.66299061619273,7.39266401665983,7.31660600002833,7.23342169481155,7.0704735652692,6.9966554497874,6.82459075215703,6.82390770397031,6.80304376438531,6.90208318575001,6.82401553747941,6.71543467634034,6.64678137426917,6.56871504651698
22.8333695321714,21.1240229700218,16.2356405556329,15.4055581131798,14.1214596642755,12.736706617984,11.5692875952758,10.2808001879155,9.18565052895537,9.25518803104018,9.55869425817097,8.95541081654151,8.48066457531649,8.05251384081164,7.62229317729132,7.39488935864481,7.07899416924212,6.7897966101293,6.57402788004709,6.35360591311626,6.28340660094589,6.14168358903828,6.22388978683201,6.01339364850191,5.81599549094283,5.79379601601628,5.62926555023827,5.71317796646367,5.66409631409123,5.52911448413642,5.45544479837449,5.46340931405507,5.38850846742465,5.26916642578938,5.22423951291121,5.1342279475148
33.7093014092728,22.54140851248,18.5357662485664,14.8958585318232,13.5654490682757,15.3336960035395,14.264978121077,14.2497552229475,13.6784240429496,12.6449232179907,11.5868829038732,11.588479059297,12.1578697642548,11.8331330690329,11.317754505237,11.5424281536391,11.4738924073848,11.4356374180274,11.9432026917121,12.2181599283968,12.299025913455,12.1873271037434,12.2972719883255,12.5635647483477,13.3524989791292,14.258105838064,14.4083088331828,16.2142384901785,17.66376896141,17.2925381512839,17.0496180805371,16.8260733103143,16.9256861120868,16.6214816342891,16.5361138359043,16.7750976327183
9.28820568261825,12.3720323099697,11.5203844248229,12.5168276598238,12.8384180679176,11.4297485709205,11.1141289617237,10.6850481102377,10.8633533451076,10.3864955170995,9.77265283944699,10.2661310917409,9.7774121705315,9.62010629330429,9.24347550367393,9.06774833042283,8.80010047050915,8.73365262380836,8.74174060664689,8.55963445387349,8.55975078095343,8.50309281528538,8.27277573031413,8.25095413965841,8.17727458788088,8.04815239677692,7.99821927867197,7.87489438445203,7.71451752537537,7.65325329424171,7.61875995797403,7.44057774820682,7.27416028229872,7.14439134951096,7.04694841543738,6.85881152112729
2.57550780756173,2.18722720668314,2.33972216282487,3.10536157412453,3.85565995111877,4.82667550545947,6.27061623684643,6.37998527374191,6.13372917892041,6.17558560597888,6.51592247724766,7.61996699592225,7.45488872557229,7.6304755911546,7.38003405292573,7.22788488845517,7.36995148204086,7.48339014444465,7.56158964271168,7.67780897663234,7.64489357276552,7.41940966058257,7.40161816010301,7.42310680914509,7.26383162585312,7.18401409500288,7.30332217238302,7.65614673083404,7.90710945045213,7.72090819082995,7.90452872172769,8.01997326988669,8.11752822355235,8.17177925220409,8.06991435457126,7.95565998082433
18.8279092529131,28.3435217001341,35.444182161197,29.6930999868536,26.3809453481821,26.4081454523385,24.005335008393,22.0422424231209,21.1650286032626,20.7124426129067,19.5560617437014,18.8667925871668,18.0328390561292,17.3209237726611,17.2329356364138,17.7959921221271,17.1425714369219,17.0477339470921,17.5712522918193,17.866122042256,17.3823958995294,17.6420453006172,17.4402364811545,17.6620355325763,17.7031243167452,17.0831361423972,16.5431526521347,17.2684466909628,17.3427860091481,17.4397621907601,17.7263959604439,18.0175927400303,18.1147936978526,18.1996893985033,17.923528281311,17.8870208871072
13.985945999113,9.77431940996967,9.19744167186058,8.81453992321106,9.60216837603215,8.29049206710343,7.78458555106337,8.31393811793687,7.49928154380762,7.57765774546758,7.27194929939167,6.87541285097074,6.82716345130908,6.78385012954574,6.63976829436475,6.68167595089617,6.67461832518594,6.42754101516455,6.28908443911655,6.22381083345213,6.17575003588026,6.19904982756869,6.32038363487784,6.21762316110219,6.22385224669021,6.18439348980514,6.32886421974366,6.40391135807474,6.4319484570585,6.46567019748255,6.78844970486973,7.06945582916659,7.12523316117231,7.55227635349422,7.43896834508431,7.40830198506817
9.25475521973242,7.78947637664684,7.41678138513826,7.90211059779851,8.76889927624391,7.92588641775003,7.96541346411549,9.2942693631837,9.30577283405197,8.5886791985769,8.09373971107151,8.1138502517042,7.93837454359735,7.90417940868562,8.23320213200608,8.14128420506505,8.4535254842465,8.09300507544577,8.70063823818987,8.68754094699715,9.7831688798876,10.5795723198469,11.7156627048428,12.596165258901,12.5873077468386,13.0564652372672,12.8697247236787,12.8077985030776,12.7733472375425,12.7183098107701,13.013442590686,13.0521334537099,12.8912138633964,12.9466244113972,12.7890959023131,12.6155166017626
1.28290058301528,6.84146067365959,6.6456288995337,5.59141539625293,5.60580619261298,5.89947648483484,5.62183397081495,6.33613023351489,6.04099415462485,18.6204604957573,30.1303346391628,28.6300976206576,27.0638083104083,25.7043375163776,24.2382404246416,23.4467877013432,22.416333073991,21.8594574875778,21.0699334410556,20.1838611348041,19.2617161509627,18.5100667024986,17.7545764597275,17.6428034874261,17.4035884712879,16.8204291925037,16.2709741152981,16.03859042579,15.6129418473604,15.1951710061503,14.8652086593757,14.4957294222723,14.0993179001616,13.8208287350661,13.5695316892711,13.4040192672619
20.1825255496674,23.8585204409509,29.0854786797661,31.9555143073954,30.4461732017303,26.8450086450908,28.0967885064465,27.4301704010218,26.1164371992572,24.5309255965902,23.2274271488413,23.2797415938345,22.938122245212,22.6079532320341,21.9578850724334,21.0312954236317,19.9653750118812,19.3374702952302,18.493526086897,18.1369310504655,17.4331917605912,16.7909570628268,16.1112623240323,15.6643922350229,15.3895070774725,14.8684073639323,14.5907145497435,14.1495584367893,13.7203934307874,13.4122209597112,13.0295193845698,12.8820811989729,12.6942306029104,12.3962189457439,12.2939957064457,12.2308863315781
8.21832119033138,21.1483539176805,18.280119408519,17.7927114206454,17.148447262591,16.9396509431874,15.4045417261295,14.9386059475113,14.1079790913866,13.8007569446846,13.2107032188143,12.3585718091712,11.9765935484322,11.3175105341709,11.4174314555802,10.9021678609357,10.3418823987384,10.6783859963689,11.8330202161709,12.4329544652066,11.9911880066571,11.9411113521396,11.6794452318799,11.4447498911923,11.1873996996404,10.9612560211873,10.6794626905637,10.3630725605442,10.171041811236,10.1888647250854,10.0653066610495,9.79244571218151,9.72413211788683,9.54027301243024,9.41620773074946,9.37474927334982
11.9750691292371,7.2615299311865,9.03339135705925,9.74959358085662,8.9269094933121,10.382466887595,9.56130996337406,13.4379087875535,14.9796112214487,15.3172914443997,14.3930830004624,15.1740674262319,15.7478708763372,15.213059850795,15.184960082036,15.6303143473396,15.9516555369207,15.4020341760189,14.9547581972233,14.918381087984,14.409005331956,13.8877468271594,13.4286548816075,13.0454638086753,13.1710397698084,12.771476124039,12.5838067249957,12.2704532409312,11.8769778347349,11.7517606514768,11.4657012926163,11.7488610589826,11.74533232309,12.5780457852974,13.0391056575535,13.5458601212153
2.36107173495623,13.3186306205647,13.6804696234553,12.2831268274623,12.3658581880428,12.0291370106455,13.1895029411338,12.7103508375464,11.7155918699137,11.313313801755,10.7199523072061,10.2959890797562,9.78749736320551,9.93661243300256,9.39722509004208,9.01527710294813,8.79105761890862,8.44694135920942,8.10700482004227,7.95406537036207,7.70035216542136,7.53205115846207,7.40920427422593,7.27553267743421,7.09502996020939,6.99049182531186,6.86850693297228,6.77129971313418,6.68277497326721,6.65144535723765,6.52590044918507,6.39245544495289,6.26984196324212,6.15255452796507,6.07494072169342,6.03661768126043
8.06824528915153,4.41300606331668,5.99878260354723,7.40790661737305,8.41365311709404,8.1554721771696,8.62623962323421,8.03207926843625,7.28801929030336,7.22493984495297,7.04209650825263,7.24041128646901,8.1452294949545,8.16711934724631,8.95036183858612,8.78357160088079,8.93947917271601,9.08390316903622,9.02547989043516,8.91653304558544,8.88283346093108,8.67452566688843,8.64001725807538,8.64770770432113,8.58682543022715,8.49866157193057,8.29667327172703,8.23078639793276,8.42889710240468,8.49311955256925,8.85514609281238,8.92368428853464,8.83059891546289,9.03314300803546,9.59104082721797,10.7109405813867
9.33751987505388,10.4323070168263,7.81209189945604,8.39767151023383,9.94729081442821,12.1307024698769,14.2542121717799,14.9977783368447,14.0188506362919,13.7056131459683,13.1144259530339,12.2563282450492,11.8424002917302,11.5004938109516,11.4512026224143,11.0895323101399,11.3459264054633,10.9299932074832,10.4425656820458,10.4732142329567,10.1807000489844,10.0952249640611,10.4291254963714,10.110377274145,9.85179914397534,9.62158276050542,9.33014164620494,9.13664484394684,8.96160766859356,8.92906613588203,8.73781035560103,8.53524869171374,8.38980204475387,8.23296355249616,8.06899027393803,7.98926779848967
14.4002149346658,16.482451889966,14.3539509081256,14.0645139881352,14.7061381697617,15.3473749990481,15.5896852024638,16.7464917063304,15.731899184909,15.2900552615362,14.1106076042,14.4227090932074,14.4543692036804,14.04338115868,14.4616972041563,14.247618308377,13.5949490631695,13.2704582458889,13.0914481225956,12.619009073364,12.3538182737075,11.9918766827358,11.9406561390341,11.7376557809906,11.3571075718793,11.1387833929492,10.792149130277,10.5831772962437,10.4149586753102,10.2297511272812,9.9861889712848,9.92417182027433,9.70299076421577,9.52848657428707,9.5119726636593,9.27196172731358
19.5054157434941,25.950446585034,20.1505886283968,19.6360286931836,20.5902762431886,24.8294384217621,24.9890065498839,23.2812430007637,20.9430148331466,20.9292538125081,19.6249122639343,19.227186250857,18.0540369132078,17.8223908136647,17.6299875602729,17.1913383465541,17.3999665660377,17.6296993670025,17.3297237948179,17.049762903416,17.4451227648408,17.8189768030443,17.6016987475995,17.525166469537,17.6187255326235,16.9798576884198,16.7559968387974,16.2351976857426,16.1456918288204,16.1530077575662,15.7914315569726,15.6310626441032,15.3358261504867,15.2015367782907,15.0449847612378,14.8168932145525
9.6650565163813,14.0413660592512,20.7040819191414,22.7806854507709,21.0330908725094,20.6468120197361,20.6776268473464,20.9076047565416,19.6922336799322,20.1112854262323,18.7359791631351,17.9120982130719,16.7148331303874,15.9299435711128,14.9099603815476,14.352062198092,13.9234910201558,13.5050544022017,13.5431112279758,13.6952449379017,14.0198255923756,13.5113024275883,13.3020552435026,13.1851321163972,13.0158922802783,13.1061459870411,13.0043216025048,12.5844306842868,12.8986358888872,12.8961499699298,12.9236397903116,12.964687555105,12.9979007312858,12.9366226099168,12.9933496424633,13.0237210556759
24.2627006632792,20.0580493315148,16.363559076815,17.128135021952,17.6323839953251,20.5165825001521,18.8229115653859,20.2117329373195,19.195815421134,18.406790583156,18.7604687622723,17.9718903759803,17.0603094903831,17.0030584645601,16.5391119238043,16.0828274781718,16.2871843285478,16.1123354557782,15.8429835836875,16.0533881467811,16.3563005673718,15.9053843063623,16.2538998692732,15.6304237919539,15.7358952972448,15.2706594253681,15.3790517753813,15.3251742101161,14.8803831266747,14.7966933133655,14.5438829355192,14.7344256050444,14.4447673483143,14.3101146786125,14.072814041814,13.8240884711729
17.6573296222778,24.0018995725449,20.2149865172296,20.2221421152296,19.6339693826128,18.514363139195,18.4759351068314,17.6523122373506,17.4750317381205,16.6523134484794,15.9192959184578,15.434943034112,15.130972720994,14.5425654272524,14.5645935610894,14.3067353032487,14.1376794639594,13.4214650482689,13.19400836296,12.8764551752776,12.910153256104,12.6220346233151,12.6703172674869,12.1895206993091,11.8086209345465,11.9227840995089,12.3007617337751,12.2293502056798,12.1513045004087,12.4252180341355,12.4047120200983,12.2099032170277,12.1388935582837,12.0327279966078,12.283310513335,12.0712510947704
11.0861716783105,8.65252789108666,7.81133161541696,8.55891827212708,9.38804217436546,9.99008963843917,9.30420840679975,8.80117796649708,9.43284360238792,9.34563508906011,10.0368537358625,10.7351161217432,11.5952701559351,14.9932499236421,14.3778947542493,13.7922038800571,13.1189849728189,15.5293944130293,15.0695756660432,14.4818769332005,14.3607281228293,14.2829667952225,13.8646194269867,13.8063637472183,13.5433678383134,13.1614744175414,13.165246980614,12.9277473019023,12.737686794573,12.3741684860176,12.1991753667313,12.1349964852238,14.1842259889837,14.0591608179192,14.063035880785,13.7697150514641
7.08893127112655,7.88874394225634,11.3087367851518,11.0297036714627,11.8421806762608,11.2588285654331,12.2363763295626,12.0016017141054,13.0622177692379,13.7962010399523,13.6372099272379,13.3709783052618,12.7266852397085,13.6718751526165,13.4610317394995,12.9839335732798,12.7285327084657,12.1548558771949,12.0518126725592,12.4003393775282,13.0369385924164,12.8914804868369,12.9600325348192,12.8155023795829,13.4045594667277,13.1466175705715,13.0254616523017,13.173263130852,13.4824998449013,13.5443031251883,13.6944775098896,13.7893218895412,13.7387394809282,13.5087021087853,13.3107607831062,13.4771679476363
40.4611473581261,31.2777448317003,24.4142899400138,19.7863553414816,17.4530651760971,17.3469679523601,14.9794175646595,15.7337845212402,17.068492018615,17.9533143361429,17.4026202106809,16.7615588737247,16.1355497429476,15.8772875897847,15.2187715542161,15.1556793172607,15.0663277229845,14.5552260695107,13.9410444775655,13.3466287745725,12.9591863289974,12.7106774354021,12.6113455478664,12.1568208611992,12.1663025634099,11.8801030522953,11.6411508985859,11.3768662903463,11.1386220089343,10.8846827440882,10.7030634933438,10.5619595195224,10.3036596334531,10.2552024456748,10.0147999913956,9.98297669013332
7.81695327749891,15.9431615251262,17.2887315411215,14.5987191190312,15.7256817281132,13.9044701491389,13.710031969082,14.458707936085,14.5214142223381,13.3136891888244,12.5448573342276,12.1521718166334,11.2926120087213,11.2228325280399,11.3696887679186,11.560715674938,11.3090936046934,11.7563111050662,12.5924270702478,13.5761573954524,13.1722909953431,13.9234557437338,15.0109678554759,15.345320272474,15.4388472028683,15.2877355420299,14.9235875847848,14.4549798800082,14.4094260525794,14.686914586561,15.3205312641778,15.0294835389364,15.2506117634176,14.9498428300706,14.723807910686,14.6280150547151
17.7549888812732,24.4444414569901,24.4880540027051,23.9540072540901,19.9673490965388,18.5531476026516,18.3005219601977,17.4515689840738,16.2608746390261,16.5433881506528,16.1393922840702,15.588453674058,15.0857030370551,14.5046423419359,13.6016874958447,12.9122294233017,12.3218976417093,11.8299234654677,11.3362189530163,10.8540464285925,10.4362965077999,10.0839385051552,9.7493371592593,9.50887902670693,9.32063285739423,8.98569741968742,8.75259546245694,8.65180405282049,8.49652590519725,8.25009021987348,8.24246825738778,8.21417577116221,8.11436679577484,7.92147263128226,7.72313502117794,7.59091931450694
18.2060155377094,10.2178056158054,8.88621427933843,8.74215972353502,9.30725357268228,8.98514448214317,8.33089604682858,7.59763154109121,7.95276317245797,7.51949357293311,7.45940831101933,7.79399004578028,7.95916096561045,8.07482474369607,7.97434428697441,8.19277591708269,8.02114855941421,8.69465186002901,8.61987961808425,8.85436393789687,8.78408757824389,9.75928851434621,10.22191126516,10.2335537885862,9.98579114689505,9.85255701677325,9.70986756764363,9.48318087318753,9.86015482300269,9.85299880511329,10.1387736514351,10.1797736745051,10.0943196237949,10.214391728361,10.029794051262,10.1030962731745
3.42894495150447,4.0585224564518,5.48517344727062,5.71290336699942,6.39612252999459,10.1729214929798,11.5089490378455,12.4213577458001,13.4099724836432,12.6440159461457,12.0371244542826,11.1144354545033,10.4451407873449,10.5144441186204,10.2059650686955,9.87314658559115,10.9237879061265,11.6788184384388,11.1811496317949,10.8744039244186,11.0985991056748,10.924444064671,10.5713384981981,10.3174063836877,10.0992250206245,10.5179185249423,10.5785860280589,10.7779210525912,10.5537142345431,10.6531072192774,10.6488978798342,10.5197835285282,10.8103722779754,11.1887921179905,10.9550885693821,10.9624099098158
2.00465562857357,15.0298704556716,12.9965049109623,12.5205718058226,11.8343458744087,11.6881543085246,10.9616363070437,11.1076509991683,11.2098806608335,10.8788187325387,10.7759967023616,10.7035417276324,10.7166506420932,10.4143414618476,10.2422875691161,10.001996155243,9.92323757595458,9.84852967572773,10.0772413915382,9.98889029416699,9.82621545691957,10.0773545930699,9.77775374269659,9.54586476685341,9.48036228913704,9.48820385966404,9.37378445922692,9.09402880157723,9.06849643544508,9.16587599836714,9.25742437219817,9.23510156301606,9.26537428249753,9.1714772514237,9.200113735783,9.09013524208369
9.37293008574298,19.5021107544345,19.6344164540036,24.1132225828458,23.7223854568392,22.7586115152263,23.6610053962498,21.9787888032866,20.2911746969794,18.9134505263646,18.5709909025273,18.0493682969457,17.0035758193211,16.1149807739946,15.2364615455343,15.173310874801,14.5409990062387,15.0760395047976,14.7671976997791,14.7173254954812,14.2999033097128,13.9500115163893,13.6086241266682,13.3614097584089,13.3073316117845,13.3972292482791,13.2651124566775,13.3455411720589,13.5643995239373,13.4732403118459,13.5017765638118,13.2759506866718,13.0172963272359,12.79278280375,12.5156661819862,12.5219022691582
5.95059067585618,4.17670757635632,4.54858238992648,4.71563248243879,4.69602094365202,5.85677513812374,6.6852618411268,6.67740636190075,6.35775430381204,6.04505874467997,6.13959564982381,5.99834550372609,5.72404964193559,5.46351750134098,5.2121181637678,5.20819258446938,4.98954963754232,5.2951051064104,5.14707344527321,5.09003504682799,4.98525079305451,4.87834909572486,4.73714337003359,4.65591420051153,4.62758948474327,4.70143962391073,4.60312240332318,4.67151102536787,4.86219974635056,4.80520050989756,5.02601065746518,5.24158169544754,5.12302487624047,5.10728046525231,5.03926463255532,4.98434929080971
2.27840272710314,2.28678189618328,2.43215756921678,3.44741337487236,4.05881462243315,4.13704799645056,3.73698903820414,3.80991833430511,3.70210820838235,4.25807081300793,4.41366682657784,4.53318487386882,4.64554032694055,4.40619922145995,4.16782289915808,4.35723386790873,4.2779292249393,4.58584290849836,4.50423283785736,4.34820066894402,4.19256835332829,4.27062119729677,4.48933952203952,4.57112498212219,4.6510495799347,4.73999135551577,4.79776263900155,5.07209094187402,4.98237923437574,5.10074629722608,5.49867509913842,5.45424634478773,5.39941918232448,5.55622806860646,5.43021308900321,5.3847245735552
23.2551067014438,18.5404619338125,15.0335833572012,14.2740335025553,12.4708345237927,12.4722223003628,13.6007748363033,14.1472084156742,15.2946256823678,14.1336981088593,14.157076429038,13.4915476649411,12.7467437564143,13.1832687700233,13.24972242438,12.9611491930289,12.9237192939012,12.650672801497,12.4465471572705,11.8753554764153,11.6450036592528,11.2201973089833,11.1325035088624,11.0822356612464,11.0868657570298,10.9690656507894,10.841808857718,10.5917243008856,10.693742751558,10.5151746935988,10.3831000865762,10.3731279470467,10.2215234150769,10.1400950493202,9.90368156461202,9.68942496476496
3.75125155917719,5.30523128170362,9.68101713249746,11.3828475115006,9.97465080486199,9.0202008960555,9.06274136291962,9.5717294216296,9.14926961051631,9.32760978817123,8.76355384886525,8.47660156786163,8.80496692682554,8.72979348108745,8.27860102194817,8.10662822665481,7.73245759830211,7.95007456357117,8.06534772859398,8.43834649633269,8.19406165286433,7.96584827524613,7.85181247004274,7.97129825686877,7.93446294222658,7.71437968454992,7.58538506442529,7.39122738923228,7.37693374864079,7.42481920731419,7.27740961278798,7.25723197737657,7.18318200367123,7.44930985902243,7.48840607518054,7.5460041293013
17.623182874719,17.5859474510763,13.1752853627796,10.4630865976856,10.9793155282201,10.6342779229524,9.56834346357817,8.92357624424925,8.35533005985766,8.31350022366954,8.28005454307872,8.15746806772635,8.36606404395942,8.55191809013989,8.18590561842938,8.02965953918043,7.78580422115639,7.62261219930243,7.42654647552731,7.09032826033068,6.89059164737051,6.76728822404869,6.62414252349839,6.57191379094209,6.45085050885088,6.4864486886235,6.53877211395618,6.49314048739799,6.33791976294531,6.1932467138856,6.05897136604403,5.99570052408555,5.94821962662774,5.98654430620479,5.96569510572589,5.90801421333311
14.1455770029138,9.04620172175133,8.18525412461585,8.56897192484124,7.46463869284178,7.19075737630611,6.83495915318781,6.19778647410096,6.07630306235805,6.03929448832184,5.94668887656157,5.53182865705927,5.30700179031543,5.26198061546789,5.47348152133213,5.46546091698056,5.59309640956193,5.41756926661279,5.3151371845797,5.15521142082431,4.93819595615442,4.85694399125525,4.71372852017541,4.66573614181829,4.9117284481573,4.97729007931458,5.10230293686102,5.01067896561108,5.05600292569387,4.99521503285842,4.97278458968631,4.87232086596858,4.95618985009411,5.05393440480737,5.02545068761334,4.93323283532569
2.91085022110244,9.74363601671338,10.5781133462631,8.81265082965021,7.53962244600199,7.31067673732595,7.28788351578082,7.31439816455583,6.72768124897338,7.40113709507314,8.47198509242779,9.55899468813162,10.0401091067052,10.6093063302372,10.385581789572,10.1531206960107,9.95636287799502,9.7168664466591,9.54319633846374,9.14838844980956,9.11440978358124,8.98489070766311,8.64753028444728,8.82334905984474,8.86144914136197,8.74707700488771,9.11376729062704,8.93921317710353,8.83880908985521,8.65165781747518,8.38640442559476,8.18658152855295,8.12171783852151,8.014931917429,7.97840502058502,7.81289642930689
42.6282020102476,50.4300734726717,38.8066723843962,30.9751415065906,33.1981831732446,32.6636305241061,30.4468850175522,27.3978675485546,27.4984929021447,27.4743802807915,27.0809005095592,25.4013513348433,24.148348089402,23.1588005800956,22.0640706167429,21.0462116929294,20.3648515903151,19.3339278700002,18.6244474921206,18.1118268318974,17.3043470626234,16.7106334826525,16.2100557079287,15.7590214761352,15.3859611611387,14.9858149868579,14.4805985348844,14.0513594816766,13.9807398024706,13.7696550007894,13.4330507239089,13.1009127812597,12.8023091630116,12.5127684497785,12.2704523789035,12.1471680876482
16.8298433110359,30.2031042120603,24.0232437114857,24.6594156512856,21.2832920677234,18.169685607796,17.6783917646597,16.2829563140875,16.0134711721427,15.0625718100845,14.0994275081516,13.648786082063,13.2162366484841,12.9131015853076,12.4999661259487,12.2847086260975,11.6486722519122,11.4401075916898,11.5539042677009,11.4101752414543,11.2365206743505,10.9570551191288,10.6413523605626,10.3742430652507,10.2959633448035,9.97610348226024,9.94581544513629,10.6642862138162,10.5846501601849,10.423727173112,10.3498043744975,10.2188275730614,10.0834948154469,10.3078576720825,10.3101378141133,10.2497331346651
8.29480732217912,8.26671740311073,7.93899532090694,7.90968912223706,6.66279131297599,6.35804201668832,6.37707422287146,5.95179806082575,6.64627680186712,7.20003609803367,6.95891518508806,6.78750370577145,6.45226942810172,6.29909099980822,6.25943311847158,6.33356171557749,6.32256864464131,6.52776446095754,6.3158483147403,6.10333901510923,6.2980809538852,6.11590917673665,6.20757933959268,6.23686722031764,6.23857492149155,6.15449049067241,6.15346799579466,6.39397527691417,6.38693958330913,6.53675539053713,6.98133559209665,7.2150962259799,7.28993406211103,7.1534556546085,7.52026786582693,7.85384667796376
35.4565327157373,47.6449150110017,34.6617849648452,26.9785374352186,24.1380110947182,23.2430752310952,23.3087347214598,21.8419592327352,19.8475414505777,20.3133718418102,21.0034700024717,20.2325795617417,19.4261620660463,18.8284265791462,17.8412086932338,16.9442410655044,16.4260921464782,15.9348495785505,15.3522649991765,14.8307820137671,14.4796721868325,13.8844787350866,13.4983394195357,13.2733081148988,12.9037585203015,12.7253363665732,12.4287111192756,12.1644292140418,11.8566807398378,11.5591447636466,11.2547259404383,10.9661671459709,10.7981128660074,10.9273677436475,10.8840226488652,10.6457135883605
13.36919021172,14.3512074822563,13.425587376134,14.3495300604452,12.2541139974031,13.8596362125171,12.5031125619572,12.8055331180136,12.3829366910617,11.4724511875657,10.9218967865584,10.3280444621207,9.93771070883045,9.31552209295232,9.22870174262578,8.78565642594728,8.40071981325545,8.10934311834366,8.08587749046579,8.50971240123005,8.50700176794752,8.63667612481467,8.64997940392203,8.90744373811941,9.29944870682359,9.08417582940562,9.0841704910214,9.26877257715712,9.27012058316873,9.17052999824627,9.08436262313648,9.06361150896923,8.91448901084463,8.67766807400257,8.63462322522361,8.48060713441045
18.1732497729262,22.8936341286698,17.8165317768719,16.439281935345,18.617195265599,15.7923155400084,14.5125901730589,15.2084539618656,16.7183770715968,19.1349107440497,17.5160297733837,17.7743613098255,16.9848378710774,16.0727415745428,15.4533794153698,14.9577788912612,14.6737099372196,13.9174673070125,13.5422691563617,12.9683555423606,12.6805998896822,12.527056641603,12.1994511896084,12.0253620973094,12.158394346997,12.0283273088213,12.1045713851132,11.9621573872263,12.3436005170152,12.4837681148693,12.2317679569295,12.0262487421691,12.1979538559001,12.0821873635441,11.9245777977186,11.7682777263355
3.96419442696953,4.06202962791854,5.50583470719307,6.16542834312111,8.50489883567624,8.57696533830687,7.80673013368547,7.78374845424175,7.61814642703139,8.3101783864942,8.41990654029358,8.85173952460597,8.3910272435357,7.97919817168232,7.57557918170436,7.14745406053942,6.87260460919969,6.78965704624036,6.94625807496261,6.71226581404308,6.72685753791618,6.58307994682862,6.60246862369841,6.46045384015269,6.33772088662701,6.21950986006112,6.13476358610035,6.01509536847826,5.93796488991284,5.88064376992282,5.7901989883045,5.6633825023913,5.60571382983909,5.54300220209354,5.47563393009636,5.39652518288395
14.597792510785,23.5163585528494,21.1958173581714,17.3600804807297,15.0023014297626,13.4256690522786,12.1494013625958,11.4693463406863,10.578538611573,9.81708965326671,9.36175029542521,9.42195816210632,9.9758530190108,10.5402428599389,10.080730352286,10.5284992672088,10.5500892770314,10.1409639410481,10.1950824508096,10.1758287490277,10.1156093837032,10.7347702136808,10.9965881469002,11.0760200103628,11.2849277937311,11.1572015505955,10.9161174081088,10.5892580207623,10.7120866547497,10.8393571823933,10.9977656830003,11.3753229161455,11.2136767489129,10.9951222928793,10.9784590019855,10.8432332710451
12.7492390836251,12.1824366310109,12.0437088007942,10.2546343246542,9.88820903989533,9.33060223942292,8.53884792059504,8.01772017982803,8.2605793814368,8.15423454578097,8.37118102337159,9.00107097469128,11.0379133083561,12.9993519098607,12.800742478127,12.6812715152423,12.8679875569424,12.6172556849896,12.8409321197748,12.7029752789834,12.2668324664555,12.3314696045055,12.1676030069482,11.7165628787664,11.5702626707145,11.3745786499294,11.3070853711228,,,,,,,,,
5.42753067703748,3.39925146865295,3.00006261074073,3.52349848983784,5.17511265853017,5.67434430595353,5.24804101922306,5.31826911288993,5.27606232542927,6.50968741743015,10.0680275638135,11.7778703960748,11.3775891815183,10.6972601681584,11.0323511227741,10.7399098633098,10.7253873499057,10.2971589054999,9.96503680859726,9.92837041162005,9.74654838210163,10.3886266090715,11.2765803166768,11.3547558685806,11.2326789942801,10.9772011086137,,,,,,,,,,
2.87596047550403,19.3957133099725,15.4246544318448,15.2252081960995,12.9678387428629,,,,,,,,,,,,,,,,,,,,,,,,,,,,,,,
20.6197435763526,15.4768901138318,16.9316598938152,14.2287870951767,13.959825185862,12.1954707008345,11.0393829742364,10.0675262996295,9.14308331879356,8.88169434158907,8.30393462389222,7.97006527429613,8.31729203016688,8.17295429300008,9.06304010435812,9.49952208830109,9.34394635024819,9.14897772549889,8.90824392366325,8.65548013597997,8.62556327191462,8.4190855980171,8.22972613570234,8.01665722754099,7.91469041392295,7.87998140244855,7.96291984382023,7.84733157829326,7.6574076624068,7.70389166578031,,,,,,
8.12905192298629,12.3278167944868,11.2168917569419,10.2527637871342,9.15913145964647,9.16186161683537,9.21631167352931,9.28808424964143,10.4819053333449,11.8626121809418,11.8056461355936,11.7722790496897,12.8008664318146,12.3779135818502,13.8658982082842,15.5365064368241,15.4461771791262,15.6383950746344,15.5968517617917,14.9750778621631,14.8131586471402,14.4719355601051,14.21814763422,14.0904874712537,13.5788630816629,13.2795688235392,13.4635884125611,13.4765868216779,13.3098189822889,13.6073376213812,,,,,,
