Var1_1,Var1_2,Var1_3,Var1_4,Var1_5,Var1_6,Var1_7,Var1_8,Var1_9,Var1_10,Var1_11,Var1_12,Var1_13,Var1_14,Var1_15,Var1_16,Var1_17,Var1_18,Var1_19,Var1_20,Var1_21,Var1_22,Var1_23,Var1_24,Var1_25,Var1_26,Var1_27,Var1_28,Var1_29,Var1_30,Var1_31,Var1_32,Var1_33,Var1_34,Var1_35,Var1_36
6.39317658064615,4.91406330105196,4.63908779629912,4.07486470253682,3.36154300268798,3.23905907828785,3.14488295484542,3.12090371353435,3.21547603572967,3.2448398199478,3.02387664581961,3.06020318980003,2.9463934398291,2.88130102643531,2.78485543274543,2.64920377763846,2.53115568354696,2.4732214850109,2.47623797490507,2.36221674451973,2.33807551995642,2.27463060154484,2.38012052841053,2.64009665050294,2.7962521371605,2.98869803442576,2.94850160311318,2.89326077893842,2.87589080164148,2.83789360778279,2.8968711348817,2.97428756680635,3.11656461024041,3.07082015658054,3.02506840584162,3.04235767757293
24.8288489802675,14.1462124917775,10.5520002475036,8.55909584276062,8.14101184569881,7.04394260471842,6.10923931740833,5.62955060170327,6.19783759680976,6.15929709140032,6.12877803535772,5.7710482208491,5.72222676127676,5.54294551331668,5.31776157379806,5.28834635873878,5.15805043222347,5.02054272577875,4.85807672232228,4.74363953640297,4.52991323490068,4.41467676666472,4.44274415784234,4.37423710869373,4.29140390677148,4.32857902855607,4.23942576854897,4.26592047970837,4.49293470852973,4.64328844968514,4.54514938432911,4.71193817137708,4.65271566877916,4.6886223247635,4.86680646027008,5.07411286626588
38.5217893489365,24.6065797987116,19.6448159959403,18.8821386323437,18.0696901581428,16.6186797797192,14.3839314753946,14.7605462150036,13.7678363904252,13.1911179173246,13.8068748114627,12.8116469205482,13.054677436828,13.2025544698892,12.6202208694518,12.319921120426,12.0733033329579,12.7474099537697,12.3947956657693,11.9864560775327,11.5181546297493,11.4852408189888,11.2872853382251,11.2120563256661,10.9844054633362,10.9567535368341,11.1650636949418,11.2169288484453,10.9266857437287,11.0101480865773,11.0682247072502,11.5341908643928,12.0670090688758,11.8873759422177,12.1989120688903,12.1786130067517
21.0299005449714,14.6063299650445,12.291398575594,16.3230241643837,17.0219225966859,15.5212203472251,14.9131236426649,16.2190123589516,15.0935701313825,14.4748790941295,14.0433256420604,13.0337997021738,12.2671385508966,11.7088997647019,11.2230439482645,11.286359285396,10.7136306813946,11.0862116594318,10.5981848137761,10.4651849291978,10.0737309571029,9.83196860500912,9.61290374320367,9.86511665445625,10.0643731948663,10.7977003626315,10.6987617914161,10.6220604556272,10.479327713295,10.5570988444253,10.6363916335087,11.0814454595582,11.3910576284886,11.2425485246597,11.594536878874,11.6877269410158
1.09897227125021,4.46376122413661,5.86830008101404,5.46213673335976,5.11969907441129,4.86712876141216,4.81256129461479,4.37073505436244,4.14249787126486,4.31875771314013,4.09540279503705,4.07657992224822,3.8510653605342,3.77688051404945,3.87358505831303,4.03784841135162,4.77149371389311,5.45139284304634,5.55686480994925,5.54893977538692,5.36906545329539,5.22150797589036,5.56374778477343,5.47595894959533,5.64058554469402,5.93861229037438,6.07208287542809,6.01364429431575,6.09726215570665,5.98174768616845,6.591784581878,7.11581720202369,7.35093728159593,7.39733071660494,7.59651012702057,7.49596427280394
1.45444147019483,0.906979647350007,0.795468937680853,0.640527702928159,0.539826750289619,0.721373448620562,0.831826720888112,0.763514861724863,0.730723716545769,0.690095574600651,0.64896741224753,0.596684868193561,0.607323698388373,0.618687603154493,0.586240408154805,0.552991066267472,0.638314678577718,0.613632733522953,0.672481800151684,0.649176415921932,0.633163778569958,0.612185027610693,0.659605452826727,0.733254699077269,0.809618134419701,0.84209606342302,0.867627294321171,0.8942196389681,0.926764716717348,0.999217864820865,0.975010740699311,1.03545030578486,1.06380490675666,1.04585238165681,1.02082525107001,0.999237589577085
15.1971781848824,12.1214245340344,9.71510173974512,8.6103597413695,7.99833599674713,7.78602958946436,7.39016901522071,7.76399950991571,8.20860506108063,8.49525818571736,8.50594669051114,8.22956707923148,7.87456280496896,7.61655773955346,7.61896963370845,8.08302936579994,8.0926359624674,7.97037890142586,8.16268508734537,7.86808170415808,7.61431525659323,7.60516798657623,7.96470273026877,8.28624196153677,8.20844785996198,8.40668012817348,8.18430852617285,8.24435406524884,8.11913373612161,8.0240397178266,8.19500327932156,8.78213549107485,8.98851729213641,9.30970610691347,9.27055289389676,9.11396533570206
5.79099248971145,8.09098723205394,8.27651020736401,6.71799318765118,6.001686670271,6.80719613330636,7.18759689925408,7.05380529445937,6.70634094465185,6.72097601625844,6.5262193221793,6.30875539817437,5.99993496402235,6.08855515243734,6.04964569129827,6.21302717328854,6.25137078108991,6.29088710628086,6.4531877973754,6.31130316850351,6.15302496247155,5.97332857908149,5.91327293073269,5.90234606703464,5.81412241505111,5.90214376139108,6.05685527285059,6.00318756085512,6.40524313518157,6.35465069593582,7.15102568445416,7.68311285218723,7.70562598880523,8.13794483788755,8.46745599902661,8.61186863537642
10.4617731876275,6.48075241892151,6.18372497646235,6.31944752166839,5.99530091483737,5.61059647656319,5.71446847165921,5.56443481376419,5.91085040237629,6.03572860079,5.68028187669946,5.88157472960383,6.26056169214727,6.63680504263968,6.74359272050641,6.72836379684801,6.54449730452688,6.63051066524325,7.05912083995301,7.58855067021734,7.4241693381121,7.26906020381659,7.37842289103993,7.58716425707537,7.50408414467379,7.35527801814782,7.38664836729183,7.14987243900722,7.06720890557053,6.98014575966877,6.93419607651063,6.93209098088495,7.04549718516382,6.96925578962737,7.04535470424777,7.09850898166297
16.8341423367473,9.31471332912486,7.41131708141162,7.00208988783833,7.65985394863524,8.08908908484191,7.23054514142018,6.92680195170064,6.41526737972188,6.40097891610482,6.46734834518489,6.19393673512666,6.00527031018167,5.87458323923991,5.56782783515724,5.35873256706044,5.54315666119651,5.54251003071853,5.51980108627852,5.38569714677355,5.30768200069423,5.30114831828842,5.17606110085446,5.28855647109325,5.50250833815585,5.65743031587095,5.51361497739014,5.40964655832684,5.38368565834044,5.35832950868756,5.24157323903608,5.23380107664391,5.37521902068869,5.29180402752209,5.15785946273725,5.05739306367515
9.01888847199627,6.78109075553882,8.32127421626566,11.8379437855221,12.0498718174088,10.3449552325616,9.57865804674544,8.42511656958517,8.55984297805186,8.14566794894524,7.78334403954891,8.02285825133666,7.75621339280482,7.43612964569922,7.23272328840191,6.95711622444577,6.77485075968972,6.43756141373383,6.24399995997676,6.26464628047729,6.25214167357519,5.98234327172526,6.05471616311777,5.87791521081249,5.75428167051578,5.63262222872844,5.60660255108806,5.68224847991578,5.84276727330082,5.8210947204574,5.67692504189603,5.62033193231182,5.55763479334374,5.48157353855362,5.33851153107281,5.30656249065946
10.6974978505214,7.50924706908949,7.23797057808785,5.85383791398161,5.10341895133901,5.02700610955321,4.42477808624477,4.40540732106916,4.41064438932031,4.53476842281538,4.42011916366538,4.92797795297376,4.74426448030088,4.57805639876802,4.40436732243074,4.28687216273178,4.22856454422246,4.16036051019325,4.17954249552888,4.23461849389011,4.07209022077897,4.00366476540668,3.88998791493469,3.78770967671209,3.91568099139508,3.89708407603868,3.8999773799408,3.81318175180211,3.82173513545221,3.7245447270323,3.63307693452191,3.54493453983782,3.47272922305282,3.42918039702002,3.44766646084942,3.47831323911078
7.68495590825406,5.38934831215493,6.47188800931326,5.83847433496084,5.12568813095576,5.44854998578387,4.77628690911529,4.37653321540718,4.14483901763718,3.93498807672171,4.24542797750577,4.42609150911111,4.4133091205428,4.63688717274887,4.73691626008592,4.82530465562126,4.610894651027,4.80135051742944,4.88294648201093,5.08310798139531,5.03303273212724,5.05053942910131,5.06136950010056,5.43902280254586,5.32760013191892,5.24675173966798,5.11861267247336,5.1852456160668,5.30185278732278,5.56107020940471,5.54079044075795,5.64486759766025,5.61455084988232,5.59155883137819,5.52336962323307,5.46893142253706
7.19663986029948,6.43249503581932,9.98623324638677,8.82385029816297,10.8836518362442,11.2882340566646,9.91456238912358,9.10019123174256,8.29901032330561,8.4146663632936,8.21107220013375,8.14464998081213,8.18764401190093,8.34854173397687,8.4661925256724,8.26723989543729,8.34586838990845,8.29505658386698,8.47630827727757,8.76763709029096,9.19522231707417,9.22960933335029,10.3194223263505,10.7303243509392,10.6986901544842,10.4252973329831,10.3592413484248,10.1799845402703,10.0456910935063,9.84162214038838,9.77355687709659,9.83047981652392,9.6877051164595,9.49432329143752,9.80460949605494,9.67042329207665
12.2685790213966,11.1605393905259,10.4049142633923,10.1284776423424,10.1929096464151,9.85838295839776,9.51165025853341,9.072838035668,9.56405611129619,9.34560465733623,8.91811320605902,8.50336656326413,8.17190442138011,7.95612364524936,7.99521521371019,7.7322452880124,7.56509621587572,7.32117971186813,6.99144307963479,6.86565844179303,6.71978888767396,6.57661370283781,6.7164005871875,6.64889880604806,6.49631482700505,6.47518830848956,6.4376343852856,6.47423859540167,6.74203929858602,6.8091401213295,6.65418607275377,6.78024180930601,6.81110137661382,6.6701424895536,6.52683192730357,6.39486016063447
7.88778208646112,5.7593691921822,6.42702535625594,5.70075903843358,4.69978599689492,4.19059849997079,4.42097898027229,4.06627446127902,3.70404650127035,3.71430418531865,3.80791843904161,3.9022174241925,4.03389530215658,4.21799801762723,4.10629318343696,4.23837328809538,4.17678386878008,4.0378278755776,4.19359572978541,4.09025017187211,4.14209911398843,4.18990264032766,4.1308968988054,4.33955549357286,4.58095273479017,4.48724016783837,4.43673746813095,4.51829669195039,4.63276495070237,4.80246506572895,4.84857652398927,4.88197276383354,4.83534393583181,4.73278396163548,4.72506625002803,4.66399650834293
5.4895200490185,4.62031708875533,5.09323101994552,5.10611733865657,5.4554216258859,5.29265897242382,4.68267259455403,4.69612606627859,5.14130715301525,4.70942289993289,5.03525964852215,4.90225895851201,4.98219792565887,4.82131558951695,4.88471514040512,4.6451508979341,4.48403330386436,4.51911105308347,4.72231134393386,4.59947529393313,4.54066416590812,4.46249002605372,4.53866797394997,4.40378138214959,4.36992876090292,4.32738299245099,4.26412709360806,4.15961817388917,4.0643694987406,4.04565529944319,3.9806367896649,3.90454371243808,3.96628855131768,3.97100014353531,3.88670839604218,3.85675741507224
5.58118128600453,5.5999533488734,8.42918030955507,7.21140217269057,6.84385676206484,7.36898024523055,7.22633882008567,6.89444772306924,6.41009478438928,5.8240559863605,5.60464547129545,5.84606303404894,5.71069347191891,5.811143048206,5.46085854973287,5.3186784069511,5.19051553930249,5.05258855038233,5.00998223045027,5.13819297131037,5.89514145757879,5.76165016223975,6.26430679780031,6.75741542936239,6.70955108204894,7.37020623041628,7.63423781526299,8.01635005632966,8.23545915434541,8.32441048312873,8.32446779375009,8.38267014822113,8.99199366344865,8.97299041946808,8.8339118776723,8.77309682055145
17.2275428282749,11.3233056546223,9.23476043953317,7.90123093184645,6.79031565891923,6.55057215497882,6.41824318098277,6.67595890138703,6.26492615117828,5.93062569930906,6.13451298938329,6.52034523416652,6.45901875312516,6.4621531936342,6.2943672958964,5.97434687591681,5.78573934970629,5.66327746831733,5.4509148875841,5.58228420619729,5.66126182685055,5.45595115863228,5.30609690181593,5.32923075529434,5.50031864583345,5.45858654150158,5.42920640148477,5.36738082104091,5.43522646442225,5.42715921788889,5.33152932087931,5.28451725281003,5.28433328253259,5.21240262627278,5.17248808131205,5.21716480526057
5.39123848887975,7.20686828888899,7.46754690116216,6.0999587462618,5.5616536597252,5.50006211788601,6.11329403372244,5.51554562894165,5.48789707380569,5.32771355398701,5.45934108315081,5.09864489846156,4.94594134905561,4.75798920682104,4.61038334880968,4.52223703241486,4.49432686703307,4.4759918845488,4.41574098826844,4.68154072015517,4.76677983607542,4.77303898740055,5.29293703993279,5.71134668652479,5.72468824187496,5.94183531314047,5.78970111243634,5.88289562718435,5.81082310590672,6.01063884425545,6.00127269892117,6.13610607522229,6.29103755253991,6.21909009942417,6.1093136375275,6.01363576728497
3.16618137926997,2.45025731916318,2.461987653206,2.59474899482367,2.27249505024801,2.49326688286257,3.043780472338,3.62663028110326,3.67813280495958,3.5897570591098,3.61654242077814,3.40960351487406,3.23278899097784,3.35686553996524,3.36872948215618,3.56482591427922,3.38690126215742,3.71552053100422,3.67846467045525,4.17608815912508,4.5632500097842,4.42131810791956,4.35125644785929,4.36090529382905,4.43984352117368,4.41952462980421,4.40241136385837,4.3000042767389,4.21994417897437,4.23712017079522,4.15578786566468,4.13266691108327,4.31614368208069,4.30103892175979,4.35544128181057,4.30699026611768
2.32518164128977,1.93731367152388,2.23470017891013,1.86066838884466,1.66727205595606,1.9432816867848,2.24585324913394,2.13119809728801,2.25611652546875,2.2471887502462,2.34782625511116,2.48552063670596,2.67287542613056,2.79583643523527,2.7786299875337,3.17562992444097,3.66226733733144,4.05881621123292,5.31450948135611,5.18237370511557,5.01810630130486,4.86354832470555,4.90303965610325,5.02447898853284,5.05620704360236,4.9040322426255,4.88000936510694,4.90115285064129,4.90814164852305,4.85213696924045,4.76846091087991,4.79586672168829,4.73187532952336,4.6466020533762,4.61342567668673,4.59758037890467
5.34881046865135,4.37525674093776,6.39839745638617,6.83018102319973,7.71810019739395,6.74718127903572,7.02237510068276,6.9357829544613,6.7249777631895,6.56929611005549,6.74935296180518,6.84097699875336,6.55215482694497,6.63946242532299,6.2838918519152,5.97225291609973,5.77504104949912,5.65524637090747,5.54556768472373,5.66993028141779,5.53685937439336,5.4441131956266,5.38185076164979,5.44649329309955,5.40143684466169,5.24295005543675,5.29340831296169,5.16501040857601,5.03172208674052,5.0049046528092,5.14877983123691,5.15308090887624,5.17066049530131,5.25171226869768,5.1990313335942,5.07501527809684
5.32772020459108,6.58728900883824,6.4519352714701,6.32780249388944,6.72863034245509,7.02156235198382,6.35913115933894,5.67173720328156,5.19318535401146,4.94003450233267,4.70144903879308,4.34190565192222,6.10134897886767,6.08411529470744,5.82576636773235,5.5317700013848,5.3213022302403,5.10250946360239,4.92836357567983,4.68524183986843,4.50018618221636,4.38335545837531,4.29568961294145,4.32007615307753,4.35116349433295,4.21669951682641,4.08679213568504,3.97076552070395,3.86071619393604,3.78704604916,3.80459145177646,3.7777801262199,3.75489753851673,3.69686658643587,3.61716717012902,3.51940094107006
22.7511141252263,23.6037158599111,17.9669098205712,18.6935294601463,15.6369487408145,16.6215787647318,15.0861335839401,13.6394913293998,13.3290707516635,12.3629738534632,11.860193583141,11.0490210480973,10.3877553196974,9.98155010210355,9.57838811462549,9.37200325878599,9.07658432460632,8.7877145689268,8.47173087563038,8.45057095870825,8.21759780651112,7.99235910251583,7.87874368399793,7.60952436111879,7.54469364960945,7.40904436983477,7.36247841328987,7.30713712391852,7.09813004866615,6.87970684274753,6.75231736184432,6.64929237272612,6.46559027357157,6.38591436376267,6.27201116098524,6.21084849407433
16.9487245792117,10.9355992124693,14.0252696866952,14.0839276883708,13.0049126918665,11.6468792591105,11.1001428492667,10.15049277506,9.4316928246604,9.21467320445886,8.94852585468216,8.58887508487303,8.03941838435474,7.66201587051792,7.32736882800755,7.23907421764016,6.98333966138785,6.79619779053207,6.78066678302045,6.98391526708565,6.94889223649426,6.81305052382875,6.83756808413223,6.80235719000336,6.81190734838366,6.6420590783715,6.75699320741206,6.79653949510143,6.64895780185414,6.57107643853678,6.5823932680886,6.5477195306082,6.60434009725432,6.4510788359011,6.35284046862125,6.29192306177958
14.6111223121448,15.3367208205006,10.6830823919713,13.5574271406911,11.2467694430181,12.0950770267082,11.9228326748758,10.8663598940697,11.6334293449499,10.8051439379335,10.1104115281974,9.57921379949831,8.8868135702227,8.44879565469451,8.06372903075305,7.6934586759927,7.35385630064298,7.07294680934658,6.75015819291511,6.58923071601479,6.48496073243342,6.27744490537402,6.12060019345728,6.04621591996883,6.36653046070351,6.29727869699869,6.36053300473649,6.37892205575637,6.2795400823972,6.23499439651781,6.07221477830637,6.01463478510132,5.861487764932,5.93667952058637,5.76805481280695,5.82931406513893
8.78403389443714,5.80243610089751,4.4892623826758,4.48458344206769,4.42930256149878,4.16955591299689,4.32591278644251,4.07117779042172,4.03812961714718,4.11156249352877,4.24504633750059,4.10125242178046,4.00735455389241,4.41096029196706,4.68408851183317,5.04861291174978,4.93878142759195,4.82703357371473,4.81715227943906,4.82369213241003,5.14767862020884,5.52301450645272,5.73253515173974,5.88451148818748,6.4038281011955,6.90386002877836,7.49900525479715,8.0220115949639,8.38386952730585,8.44636167497751,8.3125168271989,8.24036111723136,8.37688863129327,8.35128910699653,8.34506620035991,8.43427195380257
7.63841125614673,6.84817258206002,5.55204338619379,5.57029347732883,5.71119880313082,5.3523061314608,6.18413288372673,6.95151871544451,6.54207207078761,6.11849703466543,5.6048052652001,5.49581990228406,5.60321970640783,5.61367307179876,5.56279085284064,5.62738612081719,6.0938339615782,6.09433927579622,5.92223349249541,5.84739387519038,6.31248989745779,6.17203340763299,6.01693203872564,6.55970600802271,6.86292239414964,6.88082208365142,6.84730024518555,6.6929762741919,6.67396944043898,6.55786672692291,6.46447894134527,6.35110869061633,6.77631621828129,6.67757393442483,7.09244771001974,7.28732547452425
22.3994575675548,21.2655141393788,20.6947319280989,16.5732269978667,14.7693231559241,13.8660156281441,13.6264470688987,13.7726151380336,12.9198201195239,12.6297651376463,11.7613959487051,11.474016939517,11.1776722641559,10.8592934351038,10.2600306154493,10.3206321521573,10.5804616445417,10.2483130631135,10.285366206605,10.2035870275394,10.2024970284796,9.85368898427211,9.73829378668068,9.79717724995397,9.85304204377763,9.80064612694834,9.57119833924791,9.3265091127893,9.21471661753357,8.96969856458639,8.90415519348651,8.79065741864516,8.66307667203976,8.47431708256279,8.28623675539466,8.18383551661155
20.3305356327963,19.7652794205471,17.452908569574,18.9465701679026,18.0462194928599,18.6846574232253,17.9286609024646,17.6277394537469,17.2697332752219,16.896387455081,16.7082618698051,16.1116012715823,15.2134069166447,15.6178600859826,15.8995167853073,15.2526187154043,14.759529725,14.6512137953741,14.8450811448637,14.5327335420509,14.8457552577853,14.4387860730618,14.6549250403326,15.7427309059309,16.6496790032554,16.381723042063,16.3684444613184,15.8481654028879,15.6675371099402,15.3065584087638,14.9960270207467,14.6820109540129,14.4146120982132,14.1702680524533,13.8547955212892,13.9250713710507
4.75296977458876,4.32288717867033,3.60971114015314,3.73847492740771,3.78575636052026,3.72617558069768,3.75190013712287,3.67340236170742,4.19473628678788,3.96386534132028,4.00857891135141,3.87627223186878,3.78787148131534,3.85687917560353,3.82485025266905,3.93279944816599,3.93366223439482,4.09073960503859,3.95915431588551,3.96395232978721,3.89332092849023,4.35882334200709,4.66181172035834,4.76143853369675,4.81721203840071,4.77185064335039,4.6550385700553,4.63882991934672,4.65232260305838,4.88587237239204,5.00332259508917,5.07528838514821,5.14814226659675,5.25626129172557,5.31858242965495,5.28815441974377
7.64666916062125,4.66261677046945,4.92855778065228,4.09526817981742,5.00585278185247,5.04145782621022,5.14758978614024,4.89542438698201,4.90551331998437,4.77913348759749,4.96506968661704,5.56409432463169,5.81320169439267,5.84866597588685,5.86959948105262,5.66822990211447,5.58535354406445,5.5492287254258,5.49768541681001,5.57559117945121,5.6493182039018,5.8690928525381,5.82037307357722,5.70692097433361,5.59628476721554,5.57289624481991,5.45321669209922,5.29389778423706,5.32354520704336,5.4539561508714,5.80643196837641,6.41236918996967,6.39267270561796,6.51704576202074,6.43781825530894,6.31567682446791
5.60238432964935,3.62633072778152,4.25053574002517,3.39295869862338,3.37055840473404,3.12264809589136,3.13336203351892,3.03764940861487,3.13025798974126,3.05194936338776,3.44381356447307,3.77417911039971,4.96525213125915,5.24587838834869,5.77582279813861,6.10724144380444,5.93229835844184,5.94885058817277,5.90330435812934,5.96259902756034,5.8692860123873,5.84718781803961,6.10615886275756,6.15234187722439,6.19492523332145,6.1102561786662,6.00779900108412,5.94854410386692,5.92186326370886,5.88753536814851,7.04037275097592,8.24049909980188,8.09266862007059,8.62395691532272,8.74687989892386,8.73827079392113
9.02124452486736,5.4641719887667,4.79136684950134,5.8926319881563,5.47037895494929,5.41700491531799,4.79700584531946,4.6450832893845,5.32232134027279,5.12044608760964,4.89343761229405,4.80439561391777,5.00699677072898,5.13831418097805,5.25873021054506,5.2221136549487,5.37685270479697,6.13087989621471,6.26949532637958,6.21063063308691,6.43853251123583,6.83707686621038,6.72045216294338,6.84682349513404,6.89412726757491,6.76580834029056,7.05157090722411,7.01791700297867,6.87696521812736,6.73544774983757,6.92425497620024,7.09230150210508,7.18316261967842,7.08786762642132,7.07014807818153,6.997884784006
3.45091225960779,4.44774837646725,3.59383455527999,4.53811186568491,5.1241225665488,4.94546098618437,4.46721041986952,4.69477445087881,4.42320988593661,4.91026500846614,5.17027403224863,4.80434292487812,4.82275273974981,4.90070106936547,4.98522384036518,5.0095283215397,4.99805358040455,5.14100791103847,5.12428057795484,5.13672073433888,4.97779147121578,4.8229177386745,4.80050064780003,4.81760438813099,4.79585971535638,4.69618225422157,4.59256286311032,4.55087065267254,4.40257296924939,4.35107809311604,4.26341462684433,4.18215348226454,4.25998114386687,4.15449638859604,4.24488313653217,4.19577999954243
7.38502639210081,10.2799501731589,7.90293496498487,8.29671633051845,6.75742594335597,6.01688705389946,5.26305324222726,7.14180817927281,6.48384924310747,7.8412972189313,8.69203953193257,8.23559950870511,8.67239989844036,9.57317272546581,10.2423830835122,10.6207919704761,10.6998415781108,10.9847853698525,11.1857918960294,10.8281796048187,10.4037406379099,10.1611585721966,9.95816898300023,10.3082410920832,10.8324642731535,10.5527379365931,10.4410879095716,10.1903951737157,9.86733653034489,9.77521580067394,9.58975250596007,9.63735507521911,10.0061596362649,9.96013696771864,10.5688883826976,10.3570563899476
4.42852479197657,4.22062906276697,4.56061042892759,4.16924448024952,3.95042177127164,3.43720804653593,3.16006749585159,3.98626036156579,4.73137665895619,4.45952630221481,4.47807633742833,4.29605031623442,6.01220963994396,5.8921452285726,7.10924331786418,6.99964468691913,6.82006943089426,7.79057747649035,8.49281785195393,8.22813632973795,8.12693339304473,8.04892247032816,8.93522293589298,9.63003546534992,10.145340926318,10.1101171299815,10.0172190030675,9.72096916777556,9.47731170972097,9.78393705988103,10.7983022285004,12.3256752093413,12.1116823633709,13.4698054524579,13.9719635215863,13.9361510488447
3.95050108435084,5.27780692463727,4.4595155953247,4.07624349544533,3.62132322120894,3.31428006677685,3.29180161861641,4.00001199542834,3.70135559969078,4.12716723959617,4.36836722508197,4.1579604203561,4.25223053552849,5.19856172554054,5.85898929814763,6.16419796811873,6.28712960596825,6.24710839770557,6.73452474713446,6.55515823407485,6.43508102633922,6.30017712893741,6.17495090927585,6.63478493905424,7.08684747509318,6.89569750900775,6.88926052751495,6.7716573824485,6.70655460776185,6.93280742065807,6.88479228056208,7.16240238012395,7.66201959687544,7.65232679727503,7.83606521307711,7.73505759931915
3.86839627646174,3.56457329717854,3.28083863941692,2.66670837284691,3.25109522297333,4.57054480968694,4.67806388232649,4.64033717509326,4.4968934163898,4.34354891143502,4.87297833582591,5.62283490599838,5.22726150834323,4.97361398710472,4.89290472572978,4.78229782802541,4.73867693162651,4.61343137149118,4.47996907287461,4.52312773530071,4.61210002298169,4.58871950254698,4.45611181263767,4.56003837602022,4.59755569248174,4.58193826404639,4.5292472704155,4.3863683478775,4.4567296447921,4.87422068924812,4.96088170020899,5.10072033903633,5.17589583655252,5.13356945601821,5.13888259124901,5.09487030575269
1.21576520955104,0.873605500068921,0.91841167461137,0.738513148112965,3.46818995072485,4.88539688610302,6.88119313382878,7.05444186748684,7.07128528554943,6.82767979043181,6.75913717552681,6.50753433270324,6.31111552714571,6.40901948854857,6.29271026713481,6.28102320214806,6.12578132970698,6.61815061008055,6.91597741431469,6.93149493007686,6.80512363173765,6.81639581723566,6.83551183076255,6.89042042301247,7.18544757244801,7.07443266478806,6.89934086468582,6.99159235535045,7.17351783581001,7.06421923276051,7.42024139343838,7.70909247096831,7.7418347427408,7.62718535462714,7.52690936788809,7.61140258698002
2.23781110152355,1.71999660696293,1.70654558400345,1.37047755230825,1.53376058825203,1.55415979546317,1.42695201037543,1.31761192850813,1.2286818894108,1.16327333479992,1.28753585651076,1.36082771673146,1.44009588616548,1.51375227423842,1.45844209301171,1.37313878802935,1.32654809705291,1.30500183209979,1.29872011467332,1.34820652828921,1.64899870726996,1.84261242258013,1.87361334807127,2.00582858871359,2.18417526805416,2.14724811025973,2.1072111059382,2.05393583474232,2.04811360404386,2.07700774082308,2.16278559136784,2.16582625493211,2.15253850717389,2.14481810930754,2.15586858216756,2.11702880582168
1.08019795620855,1.99238717165435,2.73241973395587,2.57278268597352,3.55104245239209,5.11616481372004,6.09055275511032,7.46045780310807,7.57377229206444,7.72313041759543,7.7566738156489,7.56226874118985,8.10580601122377,7.9572750737814,7.92193933144257,8.24844182959352,8.08312269218395,8.21045618345919,8.47272296408076,8.33122797827143,8.24966626900613,7.9566305630486,8.59398570111664,9.39008992919752,9.98832973389101,9.9225178798505,9.66248761031976,9.45225555293098,9.25960273567225,9.27510193303243,9.84282906837076,10.5940939849538,10.4096400381442,11.2612988666925,11.6049992575284,11.5531737834593
6.48495670617468,6.09368165341797,8.73466717313078,7.11305659812821,9.05380743242188,7.80930856374918,7.17870372115343,6.76437027389394,6.87548357843914,6.519323709543,6.07843534110565,6.35725901045087,6.46191272574465,6.37423028292477,6.50450026280682,6.93815703555241,6.64278767062022,7.80070200067891,8.25633080321419,8.16261397502883,7.92833003271001,8.05180153571734,8.01849095790362,7.82382359540192,7.69415935938803,7.54135975554322,7.41962064464342,7.23916269520662,7.23161120742128,7.06775365379655,7.18775213330675,7.29409041306398,7.30919863518756,7.35606844534271,7.31812813000062,7.27477512073013
6.78265520012522,6.65598699990848,7.18937696559036,6.87276223311921,6.75286488063135,6.82462076740219,6.53083892816882,5.92860157234855,5.49375661822199,5.05152509744515,5.08936735914692,5.03515715978553,5.06975286162422,5.23338717822977,5.19428364593508,5.13778016769384,5.03910073926737,4.94314515063107,4.8868113274318,4.73877897476745,5.0754849607662,4.93482687146679,4.90139785292826,4.84723371911773,4.88970146911324,5.07571163379743,4.99225604463521,5.15764941857772,5.34933705870691,5.53442034858821,5.4392408185565,5.64659724912211,5.69609708036125,5.7066014929944,5.8218172021908,5.99971794667577
1.28941784801953,2.5809165563913,3.7682312844888,3.39305828712463,3.38592636960699,4.03181297249904,3.56677451131928,3.5901503624343,3.84271478751273,3.55882537541394,3.52699665840657,4.14973529848656,4.35276410586808,4.36942845347607,4.21894997127369,4.26275810134272,4.38634409737927,4.58147057757387,5.94461353252337,7.07135220757523,7.25792955315977,7.22717772032496,7.56461278165613,8.09240318894924,8.17461401126889,7.9437874396327,7.76931182909715,7.59961455942774,7.42698356242884,7.48795574536438,7.39855140422173,7.36077261153075,7.32084659154208,7.15309836771037,7.01182080723985,6.90149935380211
1.50914290931769,1.06287415848984,1.44463829358764,1.28571727853322,1.20882810691575,1.14686752954902,1.18209140572388,1.4381949400046,1.41888001871003,1.46028874481099,1.44054083565766,1.49879722276808,1.53035489077152,1.631389952022,1.59954169963334,1.55766236011425,1.48728327828477,1.43163350253036,1.40204234597299,1.40377768304683,1.41263792248919,1.41135618160136,1.40601823100819,1.3661382201542,1.34041135304672,1.34589623931743,1.3286980104241,1.38285325908455,1.52110504100806,1.57003893212626,1.64515011915822,1.67523129568225,1.78061106987315,1.94854909082996,2.16348924491275,2.31001343894582
4.63163828288134,4.63502927167306,3.69018374089778,3.41941929829607,4.1398799899232,5.20307101771312,6.2951599458757,6.69628476362239,6.97287522423538,6.41934688384522,5.91911899844344,5.90874404941693,5.51227295655756,6.11846027262705,6.295347252086,6.38922672310703,6.11943201296899,6.10058787224873,6.60451549022534,6.41188860733528,6.90900440690732,6.62818912906199,6.4740331465593,6.45661194784425,6.70991561768712,6.80150916651025,6.92640808796067,6.77729743976538,6.70871371408353,6.65089096667349,6.75284424494546,6.78105134785236,6.86133949133186,6.68788156723002,6.64638332619329,6.82801958139485
6.50218348273154,6.58785087230645,5.3728769418202,5.69291520297352,5.70238533710531,6.65789495597,8.16162145796642,8.93062325846364,8.40902256401074,7.77292264615766,7.31890745790355,6.93024724353436,7.04581526912264,7.51405026236767,7.49611136686995,7.2822294075168,7.55362444040428,7.45025190038291,7.89934945524985,7.61545260287365,7.93892808826233,7.68288429400059,7.70444322708118,7.62875468619548,7.85247703605683,7.89214048637993,7.9865657933888,7.76261613118112,7.64379239629017,7.59887250106615,7.76304183230447,7.99281871150239,8.34388404877849,8.18007201734656,8.11571676678698,8.44557270180268
2.86360216588413,4.14782184088726,2.92723294461564,3.54510609392546,4.17926113332838,4.16680793996547,4.48351700497838,4.39759614884437,4.51094695333047,4.63427316474187,4.38832103145423,4.76922867808679,4.85304648677253,5.24678136616352,5.29400406339738,5.69934065718904,5.87062556507292,5.92183924235108,6.17560171950392,6.08548952575489,5.9677877560354,5.7583688329476,5.75263258420527,6.25865314479465,6.68731354665548,6.5500718433929,6.47088359781961,6.54967494390288,6.64075661449079,6.6724935325316,6.55787823011617,6.54416703609135,6.56736116367852,6.50491245496423,6.51701841899854,6.38968336345676
1.86603748899436,1.11878918676912,1.08024831216066,1.05591139807964,1.07811847904215,1.07931062960093,0.95270146079445,0.859389479296736,0.82413772700404,0.794162917474914,0.773651062514999,0.749381628980574,0.756257598695641,0.752670028434984,0.740161088176187,0.697498155138458,0.674878961561437,0.655183880463701,0.643401464975394,0.613070791402958,0.606781478620287,0.587574405107142,0.576427505350402,0.571033068849256,0.569711863359018,0.562320904982479,0.553281243318096,0.538940778585457,0.524352020980393,0.554272041265279,0.567543853725781,0.598165123866681,0.64320495499312,0.629104023044869,0.616066711502478,0.610034959623035
4.80440476402912,2.84964146721405,2.29139266802445,2.66525908445274,2.71733305635477,2.88762203870703,3.36358379072274,3.06287311172588,3.07025747457312,3.46612920977756,3.57570384637678,3.65585586943693,3.71066131016242,3.51092274216343,3.32609947971227,3.25450880871611,3.14466680075572,3.37997779511563,3.33701406987851,3.2568468573064,3.36461999754727,3.28656460109811,3.17320208101788,3.24858845685941,3.44627857625658,3.50546317642531,3.71115062052002,3.73161527795915,3.70109300376936,3.79278390802357,3.78513414273689,3.75925031259161,3.70239215253537,3.64816090452575,3.58333577927927,3.6845488767634
21.9225048718535,23.3133129709995,20.2457354471158,16.4578984288933,14.3480056234765,13.1502928472772,12.3982332562528,13.5102480471012,15.5021364540522,15.2241621396499,14.0978698772057,13.2710866886848,12.7852546397802,12.8893647428165,12.9093648857885,13.0814220989426,13.1278502698132,12.7967737047812,12.7539222839449,12.5923502021446,12.2377476744152,12.2044473006644,12.1271799137823,12.2717289832275,12.3640589090392,11.9991823164965,11.8105587383846,11.4838313749665,11.4337756154912,11.1501241754765,10.895534316156,10.6223302353115,10.4578912741108,10.3048389129519,10.0813267177756,9.9971894907287
3.47695943235087,17.840548885117,19.1886020176087,17.40138239859,14.4149771603808,13.4271791663581,12.0838121358365,11.241088540675,10.4510014325618,9.9223544682629,9.3391522931017,8.71248323093146,8.8448592057361,8.58771907234482,8.19277047527481,8.20314989962605,8.14484272437301,8.13700981313952,8.40203216185633,8.66383452258528,8.79951071574513,8.65468002636518,9.06283320660876,9.16811465057642,9.32620405907615,9.95748498592405,10.1605253816802,10.1020268544258,10.1012152969385,9.94757330254395,10.0423934424987,10.2758053358681,10.8906443997869,10.7232806018597,11.1083538788142,10.8811467680776
6.51142442859883,4.20206279010562,3.47467519700954,3.66424246570851,3.75400894123884,3.40641526065021,3.22081615470771,2.92181787669804,2.6296007533941,2.6697001795608,2.72255455914938,2.63640971535813,3.37111414776318,3.38699863277007,3.41576344385091,3.41853367834586,3.82825340270989,3.67232442421874,3.65064851196187,3.70096518149771,3.69672454960954,3.6757629211734,3.62393258089868,3.98272192357102,4.31383453970109,4.20936182086275,4.22632373075994,4.30066744229,4.25719123090454,4.16596981462047,4.12667675737518,4.09703504854607,4.03539481471546,3.9311432723123,3.91505421453392,3.90730681662955
33.6717139339538,25.2560075398026,19.3482048407125,17.1776628536446,15.2271134931471,13.7697063258184,12.3084342737231,11.7716224721946,10.9347837815754,10.0061639572638,9.27315571817213,9.1386225758534,8.7308927386909,8.13732344933719,7.99503287419792,7.95819673802616,7.87080436458043,7.71257628484183,7.99049765273308,7.74907973417219,7.46742459550442,7.33199952854233,7.80233630889899,7.97343546904309,8.15433000332587,8.59801768198235,8.61015700805293,8.42117559803932,8.15830318512993,8.03134496155116,8.09592099778013,8.26025149236263,8.77125020032665,8.86508608364208,9.25032508504221,9.64542929690982
1.60529514344738,0.944981076368059,0.871338660444816,0.711762407961528,0.629124593119185,0.543464378850464,0.499299348306107,0.470309744857802,0.460170469879196,0.437312723146363,0.405110108046229,0.375137985096263,0.389036016235307,0.400769786429449,0.390430616959866,0.381788280299422,0.372154340507215,0.359987019267998,0.349886863564637,0.337284270556288,0.33416077396423,0.323816043864213,0.320196769778034,0.331249031629301,0.34775811210883,0.341378544918399,0.331080633579427,0.324214766538269,0.321611591551676,0.349320952540074,0.344579126984539,0.3685059780022,0.382363299757863,0.374298306578097,0.367961784869381,0.361289218744472
4.5840358090356,4.81693649158612,4.31013106243485,3.45035379419169,3.32053441617605,3.64345753781178,4.48180915119033,4.7002335304528,4.30247070843759,4.06433471709963,3.85080838807451,3.89575575771944,4.18603361485633,4.13574233775543,4.00014696038601,4.04759752297884,4.19096910081647,4.1250204647702,4.10491688171305,4.27264949762416,4.32214657293372,4.3866253248656,4.53448657167411,4.71843705447212,4.86999407574662,4.74612993168241,4.6427184677205,4.62668018983809,4.53888398154186,4.59671910305433,4.754793489302,5.09677924402871,5.22007020046977,5.20565752592733,5.48936477716469,5.43555323693719
6.43235773803379,6.36253834496726,4.7199525361772,4.8636199410262,5.20723709472323,4.53614256340171,4.4000101830555,4.39935094974308,4.33782490234383,4.2444132161908,4.32365387242598,4.2688777491134,4.27963831363292,4.45528871326147,4.67123072837329,4.79720076042237,4.65138505598619,4.55965242829459,4.52895359165088,4.55706056730299,4.43447184092271,4.38274145411159,4.32523013772531,4.16923696675222,4.01543819434714,4.01051830417739,4.01792678306189,4.04714964306961,4.02673093087496,4.12575879818546,4.03676219914139,4.13712222215362,4.12243658035325,4.15310145050822,4.12859783132994,4.07501581355512
0.745344857596141,2.24756934252456,3.55658543951415,6.33859906205818,8.05555375359083,7.5744019403413,8.70251743628156,9.2522236770254,8.83406842083661,8.35251949394695,7.7348148820956,7.61638864806344,7.65372606340401,7.25503525543157,7.58186081815173,7.28200630992054,6.95005978064374,6.70731228810354,6.45053732550666,6.34239629700581,6.2579878132153,6.08942616939235,5.98128132608008,6.0187112174179,6.28628040045341,6.62262319560822,6.47283299026376,6.36169444936559,6.19544282502018,6.02520256219557,5.95101486939635,5.8572007335673,6.15978960218883,6.26510774228993,6.26207677836063,6.88737380092308
9.19437345521951,8.71695650590491,8.37159676850302,9.80344869268496,8.65534168796422,9.04689543490841,10.9490234383246,10.3478935606373,9.28360073569748,8.69264801510103,8.11014635882141,7.69782840889736,8.06195675173466,7.98390015720741,7.66411604042622,7.55231337038387,8.02025966568711,8.03715465259526,7.82972118916371,7.83294789751784,8.0930436244527,7.81213095231947,7.66117227386878,7.80870236130836,7.95923803684369,7.78082895024808,7.59602727233262,7.42607637188862,7.24042311228998,7.14073320507813,7.45655648634197,7.82828944482147,7.75588805665182,7.81236006050785,7.95383591154039,7.91913293779651
3.35016447952862,3.42486908671038,3.7795635675845,3.27051476352086,3.75906297409462,3.86135897541176,3.64520218285392,3.63299801115658,3.80986040052856,3.51963280150051,3.42421894513465,3.21915094262501,3.28465586585319,3.35362952551764,3.29979906478136,3.30423626278158,3.34437422323616,3.18649699699544,3.14872924905371,3.37231029814295,3.3144921701942,3.28733495209181,3.21228516643565,3.46121846649894,3.51227287742949,3.40224624214806,3.35388224514417,3.2813833958591,3.22871607821121,3.23811452766424,3.22587878714851,3.30263511296261,3.27681798734009,3.22567803110893,3.29964394047017,3.34861918433131
10.0502691944639,10.3474848572465,9.54759072945605,9.35158137486041,8.18073359850355,7.19572137920809,6.49741622469849,5.80496516652054,5.17250085316785,4.88369392856363,4.84951190025602,4.77522499886997,4.69685104143445,4.78483320411924,4.73830557868474,4.45185831998027,4.36306539168707,4.34590540872744,4.22551160041516,4.14479514650756,4.13993302204591,4.30038459283612,4.41572338786465,4.34920729406669,4.33209204672251,4.49749003987248,4.48366433315758,4.53585117123897,4.50474251159611,4.46754051833984,4.86551523356069,5.19968861121323,5.59115760571865,5.60133861124195,5.65507521790957,5.56756588962052
2.78715891968881,4.2031613207475,6.70212598006788,12.2919077801027,23.1444290571351,26.6350251192271,23.9997519482419,22.3352773119121,21.0203894781686,19.883407979394,19.6940303332472,20.2597120776804,19.2034710469743,18.2138193360924,17.4593632134339,17.4696099222719,16.9224179184132,16.1535422008637,15.4482275339966,14.7681911823386,14.5928941788557,14.1193158248882,14.5258225819864,15.2659730691528,16.3823462367829,17.4716502676538,16.9264296145778,16.5029693970186,16.1871124515857,15.9363786272646,15.5411841104003,15.4411071224003,15.4190254610248,15.5530066327487,15.1390368997098,15.4495683565943
0.428064990663694,4.17465970969041,3.77690693142514,4.21060843260369,5.36601677352165,6.04748200802817,5.4333743900788,5.61906353975922,5.63247827946122,5.69440666509943,5.2203183898363,5.21100494797877,5.13013825797786,5.32605014420942,5.53952825212101,5.31539929979697,5.46507419665028,5.8916592993818,5.89886494453314,5.98386576857788,6.00075644354917,6.00281243350015,6.46165061655375,6.86989109680278,6.86862887039457,6.91722511348086,6.84540820588706,6.78690627995031,6.69943722830213,6.62788418285038,6.85204748576827,7.00651476575433,7.1784393654013,7.28636870654046,7.21899900904191,7.30537366135096
6.48727230007777,4.60769875306151,3.31976496535599,11.7718987438402,16.9798009313852,17.8145378977679,23.773492303237,27.0766636178737,24.8801952280276,22.9434600479013,22.0297975709814,21.2095718943102,19.8712901475199,18.8579878543477,19.7707440453639,18.9582106848519,18.0296034320707,17.4690252193835,16.8948068153752,16.2376148509338,15.5850648047897,14.9836768362872,16.4282728054879,17.8063230482687,18.6299185272761,19.8349768732212,19.341825823169,18.9607505423406,18.868703774877,18.4292526432581,18.0444642492304,17.8428752798368,17.4231411369619,17.1418047174551,16.6987856152008,16.4546511373673
5.63249740748913,5.91145622294893,10.4479401759229,10.0504643031121,11.0157267931005,10.2893653702448,9.2987564423336,9.20082536984238,9.07806516803976,8.32189347641905,7.83468430815329,7.37101904642671,7.09972961187705,6.6780500357847,6.35289606941508,6.22817149513999,6.03414491646619,5.91497559636769,5.72091194076964,5.98764832694107,6.2042952463319,6.15359548874504,6.20664591052277,6.3846561595707,7.04810922284562,7.28302170353891,7.28396392055961,7.27578384883913,7.29844514045555,7.35244714509808,7.50113295182022,7.46739139679287,7.48926075767175,7.37590258473583,7.37117951767224,7.25996406358877
2.27697117631516,3.1915930690533,4.11638242317503,4.14574912833217,4.41938504941419,5.73260316680717,5.46944510232799,5.31423141906485,5.22638986876708,5.39070323751513,5.83231872997051,5.85579648260751,5.84981792941204,5.74540545392526,6.0160309651405,6.10748374408854,6.17349503428126,6.06080407307983,6.21572417426472,6.50709413428626,6.38970031752525,6.30579772126514,6.49485299478898,6.48912253403136,6.583882620409,6.49567556108199,6.39243890247848,6.49641183686532,6.55588366399995,6.52038023791005,6.39562100675184,6.29910102401953,6.64729617585976,6.65234435061986,6.90097238380947,6.72424256988224
8.08696038628911,6.05518356454353,4.85722714359282,10.2189218717433,16.6295412055493,17.5549358816085,18.2781926231608,18.6820954878649,16.7314320413309,15.1423461836402,13.9722253553568,12.9192300743097,12.0848283924877,11.5045833235963,12.3019490135643,11.5717850714636,10.9299973804706,10.4468466640679,9.96341835385283,9.52611998640129,9.24201937916347,8.99330763495069,10.6336746793513,12.4422731628506,13.1137069745932,13.9548582692016,13.605479207569,13.3267546886829,13.0946820095665,12.7074720642254,12.4214954420128,12.1719382030125,11.9777133294044,11.7177909975598,11.5645254196517,11.3713082107078
0.992420109898525,0.652107185291642,1.45708456437292,1.98095186797801,1.66512001514268,1.94668287712451,2.35843794355767,2.3412841799512,2.39027045356004,2.27993775914335,2.31913894815205,2.59350319296263,2.52908430708976,2.58206537920489,2.62984345683197,2.56556650140556,2.59608369265109,2.5577253496432,2.57451846185454,2.53086182179637,2.49975657493673,2.44205934615835,2.56948527529116,2.65438356794279,2.76775778170796,2.87217254751867,2.96864545640193,3.1110424278891,3.18796881893031,3.36225157494571,3.32092335345404,3.45511738141251,3.49565989475308,3.41440716993764,3.52136591423132,3.57579358141619
13.5226244099685,10.5863663516944,9.01273632318536,8.7081553989277,7.16148314706661,7.49197697755933,7.86895025476739,7.78450888734562,9.78429647676633,9.54742162527878,9.57918331692824,9.21125463270978,9.08742697519918,9.07969647400458,9.26289851257996,9.40646928467059,9.53661858754247,9.64147525735026,9.39282487438941,9.79570827114719,9.49662093182365,9.97351954024,9.79091180212862,10.3090109243887,10.1089941619851,10.693256097565,10.6150001595012,10.9262288543814,10.9436677066786,10.8346095388415,11.0011944684954,10.9316380927273,11.2515593386336,11.6051058779234,11.3946986893542,11.6517792325009
5.51651526702691,6.33242642744316,6.22701867620755,5.30295002690954,4.54593372516877,5.21401485953154,4.81686653532952,4.78894216490995,4.83985860973076,5.42114212716293,5.13803256250495,5.14801630484875,5.13078998976757,5.03881340638095,4.94314168151046,4.89388233445026,4.96200871074292,4.84888527811566,4.88981490104866,4.74568930365437,4.74312455893085,4.69745513633075,5.3467068520452,5.55714555984335,5.76638509783794,5.85357423466792,5.67838891019468,5.65647529700284,5.62337968722166,5.70188910333208,5.76239930872311,5.81850454235814,5.8123446287583,5.752826918393,5.69510075654054,5.68073392211256
8.27309179241638,13.888758274606,11.1144039560825,9.60925848314674,12.7725196607784,12.6565655996297,11.9351237598849,12.6306630212621,11.4439093663175,11.4413643971952,11.8144320152073,11.923324004485,11.1532504632886,10.5363163536635,10.3703574884316,9.75196284999402,9.41290066166777,9.35912978675861,9.10005297615027,9.08001737562179,8.74155189153078,8.76896511582091,8.73582058745131,9.30410525832398,9.77095953699785,9.83652831285696,9.83212452526927,9.8223416401947,9.78699798071607,9.59704428522994,9.62906288594559,9.68180403141016,10.4407990468314,10.380211370733,10.2870568034303,10.0746479989267
7.23814797558167,4.55785077552346,5.06758647942579,4.41716916194375,3.6748669255479,4.34977692367544,3.92409480930969,3.6852391397557,3.2924877750477,3.44547429093446,3.26499500001025,3.47993922551025,3.44363570929859,3.25387223193346,3.21842323193655,3.26631984359137,3.18103685514334,3.0632493480224,3.12846909162361,3.0877867736561,3.1807823390083,3.20852472580856,3.32348869613259,3.76507926599703,4.22228694289123,4.1163496974062,4.00033061670563,4.17182766162219,4.11733001142501,4.06719549551197,3.9752719588589,3.94584982174031,4.03269241087843,3.97573371035891,3.97334315773217,3.91470291883737
2.63630061497731,2.58963736583381,2.74844968219008,3.0547359484868,2.96402240775652,2.9594714591085,2.98437887928395,3.1065351012414,3.34991663671574,3.47172721394306,3.35675409925704,3.1946160081871,3.36361111670695,3.32251006334668,3.29452481843697,3.11190216364516,3.06140698222905,2.97601044087473,2.89729324158889,2.80246944534744,2.71060465298289,2.76179352512448,2.64553906589785,2.596282507517,2.64369229976335,2.76757115226236,2.67265305195359,2.64456251770288,2.62678291414337,2.5924888601935,2.88463486029583,3.12938979983402,3.15077394313966,3.1230530983605,3.2779520767729,3.96778953657953
1.47181872864824,0.886210461272738,0.869974957951866,0.691909234338424,0.605499668215107,0.515373331777785,0.466279594626271,0.432479519697111,0.426051488040615,0.412943132792114,0.380156103018584,0.36028904662636,0.400054230576828,0.410731493580821,0.394567748622418,0.391839720249167,0.455787997498093,0.514352322374306,0.495375204369708,0.486144519942273,0.486079558635597,0.474446667547092,0.463390194373079,0.470417735361325,0.485655438503016,0.471187274767583,0.463234883510992,0.449630471785695,0.438955927575346,0.462271008515456,0.454194473856121,0.472141768785368,0.47897617242538,0.471669328690966,0.464165822916893,0.455535380169612
0.383152918475224,0.434151783617547,1.11740646726532,0.961991504994751,1.08782913308913,1.12444532614101,1.07015324396682,1.00961753399543,1.32983361085517,1.55502809833489,1.65224013275987,1.55551310849708,1.4700258274988,1.44647322736038,1.49313200734113,1.5224983167794,1.60176875787835,1.86283513028011,1.99282298061692,2.0853078647318,2.24737539289945,2.25721140453084,2.20470662418778,2.43451036587367,2.82248021500118,2.74483662814036,2.68279561473955,2.67718972655376,2.659682244257,2.67618179074599,3.02405411163091,3.44533908681798,3.593724889164,3.71532635574519,3.94188250360114,5.25612946371508
17.0496908560529,13.4012536671245,13.0102501463212,12.9440238253717,11.7323046705559,10.4062589657729,9.52752371271215,8.89054820342714,7.99161389054613,7.77659206340797,7.68246077373673,8.66263893017485,8.55513159626597,8.62822207105139,9.51031455555021,9.18424408657591,9.14740593251175,9.03605432907842,8.8491403832425,8.67110411983806,8.46651048540469,8.29343604241027,8.9525714031193,9.65140304267341,10.0919632021844,9.97740011908329,10.4748422380719,10.4337265687,10.1570982181347,10.2772857076073,10.3956878132367,10.9068166265518,11.4824287287306,11.4089209109414,11.2769342708902,11.9949707821728
27.7676572548651,30.9113307767929,36.0743837260064,32.4364724412689,29.3918196040987,27.6867223126619,27.2610868775674,24.5543181742129,26.8721201376521,28.6699428794827,26.6315065902189,27.8102894762309,27.7297378460878,26.664787771294,25.642663130765,24.4723182397379,25.3928766154109,27.3020974094887,25.9651425951097,24.8281944346575,23.9494148241679,23.2417972107355,22.6074045196019,22.1718827364747,21.763959482772,21.4318843961225,21.2595830640964,20.7483923075622,20.2973736854344,20.3691792277245,20.7685023711728,20.64799895076,20.5881818711823,20.5267370086595,20.7967178317242,20.570256668404
6.50335104221753,8.51427367538526,9.2785106487706,13.8590411986954,18.1702352549529,19.6326915097277,18.8326287151729,18.2539436536855,18.9597000603772,19.1829488553561,17.6908764957999,17.7404331432529,17.3582014468295,17.3430321761593,17.2031053219221,17.307221309789,17.1256606606045,16.7032149787508,17.0750252417108,16.5666598102714,16.3272453570569,16.2596663048891,15.9322392856614,18.0689634735524,20.4365450601314,19.8659413949427,19.6446759612498,20.0000554077097,19.8079573432001,19.3698184220617,19.0091618287996,18.5989009367426,18.3123755434115,17.9338545846191,17.5798141128102,17.1486981516976
2.92416097411812,2.70145078536686,2.87747805063892,3.23067829059127,3.13086235653824,3.20883699792287,2.79213814862163,3.11903735074444,3.73618793623027,6.36379484056508,7.86880333971439,10.6400497790419,12.1763818507384,11.795302108373,11.9229485233019,12.3717975511072,14.0037115447588,13.9590288248509,13.6753233477102,13.5822674676602,14.0441123446975,13.9327882191326,13.9530779486292,14.805593791642,15.3081286226071,15.0144081871172,15.0706144342474,15.475931148565,15.0080702906881,15.7695069046055,16.0821164890887,15.8512502650079,15.9558340978894,16.1333942425612,15.8857857207743,15.7297743218037
16.0291696989705,12.8719965576937,14.5234268842651,13.768493690459,14.1670076546342,15.4979878210624,16.6374732381098,15.3361765116812,15.7647236649636,17.695216964961,17.4287686160285,16.3537331787251,18.8928115463101,18.3776692907421,18.4925391659856,18.394800075487,17.6538087256801,20.4019719330225,19.832844551337,19.6774683505554,19.8505853881424,19.764484086156,19.312291325257,18.7356509762517,18.3487259427212,18.2576715024194,18.1203053520919,17.7369196719785,17.5213691285815,17.1920849808747,16.736577258409,16.4792409243401,16.3075307956198,16.0665434675093,15.6231783271109,15.3387238865049
4.9131178352188,12.3577104723137,11.2584220190796,10.7461520574146,11.6863748222121,12.2481375190893,11.3412868641532,10.4209319647431,10.1806085141664,10.5302831290154,10.2141000157974,10.827174603652,10.3714501947061,9.7616204220926,9.73711840416695,9.31008097834332,8.89021438763616,8.95423074154502,9.02599605073723,8.86672052999494,8.93981482937652,8.95672025775462,8.67699885727565,8.3950004540433,8.4850620478518,8.57123896988727,8.35050428244168,8.14830152228426,8.06771593034538,8.00967835620053,7.80603424733714,7.7762024054556,7.74498077449645,7.99773030368884,8.05407780580331,7.96311615743915
2.81509237495961,8.84270851850461,12.5910133024406,10.6592080012092,12.0365964963712,12.7422736175297,12.2922948480144,13.359367991354,13.5799074510855,14.6424975983526,14.3071239486055,13.6130323330958,13.8630838831631,13.3616615211075,13.0263327827926,13.0086131285607,13.7534297436787,13.4102920199845,13.2320385945869,14.2703663362995,15.2015664608483,14.8065346422675,14.8388826691884,15.1825722255374,15.0754550861724,14.8340547374815,15.3245633777019,15.7535777796841,15.9388080945307,16.701882895978,16.5178912235071,17.1664274906457,17.7652215747733,17.6187709484664,17.2017643944329,17.4964152224008
7.50987935695386,8.02224634917451,8.68962396574798,8.43760618436521,8.37314884276912,8.76182051843405,9.24490815840743,8.6625535991139,8.66540787010751,8.8727696379213,8.36369389051574,8.72260624151914,10.2809104326557,11.5145112969873,11.2180437450497,11.1279555601927,10.592386894944,10.1622874181516,10.2740110441889,10.7417999592785,11.5919685055259,11.7482824502463,12.4819706267992,12.4510193041818,12.7184008713075,13.1839073018045,12.8961830454924,12.6394682836855,12.9423240230414,13.0738621197321,12.9194959486359,13.0666997798339,12.8893867258765,12.9289308737062,12.7175728709417,12.4290841095431
1.62839464861487,1.18123068402721,1.33296725634994,1.56586891724781,1.32771427577884,1.46036800474567,1.73379267355952,1.51706858936458,1.75120773482494,1.67735439357405,1.7857059356831,1.66799193642495,1.56838778320651,1.51863344816187,1.69899608144235,1.77407299774317,1.84627651567587,1.77828310660731,1.93441127626943,2.26992559019244,2.67467719687522,2.93956902239094,2.8856297034674,2.83618532778749,2.8779466470882,2.89218123668515,2.86029491430198,2.79497210251524,2.74808933709251,2.6918200139348,2.9068255035699,2.99950504744059,3.12934706387994,3.32543708913347,3.27488641161756,
2.60226852648998,2.85324165173178,2.96100478227074,2.51797878703367,2.91494483586104,3.67951752257737,4.03934764126464,3.53442918610656,3.31382081332113,3.62231716833728,4.04807693188733,3.93141307787744,3.83269750909984,3.61074555197624,4.08674292181289,4.28319100292325,4.58316199495748,4.8676393713964,4.77985634809588,5.24670765779245,5.30066066705626,5.14144012438048,4.94752043660743,4.75144164514096,4.74657971372776,4.62654287803516,4.56174341474219,4.46572793104736,4.31609788226757,4.45607490945178,4.54209643691433,4.59595958714066,,,,
0.544824107064036,3.16667786820106,4.56912499161461,5.04650908128833,5.19910958987407,5.21378456276666,4.91715991086849,5.08371331635187,4.67264598918935,4.67848353444829,4.85003938835444,4.94224154850927,4.97120694256928,4.83038458412373,4.60460160522623,4.87265734571919,4.84041295005846,5.05459422636682,5.65435392874778,7.17749280264622,7.38638164132766,8.09870605265384,8.01766281411668,8.20971145763508,8.86867651840295,9.07248432247877,9.63344301055911,9.90011546634599,10.7774903630236,,,,,,,
0.63757546830038,0.657795843156985,0.590202491908041,0.479777852492407,0.444468717720396,0.483508505915758,0.50633843195529,0.479723286230618,0.620789305113911,0.667680711916736,0.919744128287522,0.90258440486737,0.875611369282582,0.868196134643466,0.819122953952425,0.774831739411672,0.732486136080834,0.698927549808876,0.665591663609673,0.633004346270761,0.612279927447326,0.778928276357053,1.39284980173867,,,,,,,,,,,,,
10.1374272898567,5.9012322732402,4.50829027506646,7.71872688515308,9.0984960823495,7.60349553211083,8.30299668395797,7.26512209846322,6.76433183419093,8.31177243690373,7.85651741691828,7.37452048695337,6.96667693082922,7.23392269567035,7.79531045491621,9.0813990807342,10.1485567964553,,,,,,,,,,,,,,,,,,,
14.3158200687349,9.52221437296551,7.81063624845635,6.56991782463856,6.2056202323344,5.28608072162823,4.85049831695731,4.58735772835951,4.431485674857,4.41124379101287,4.3298127833581,4.07577369030982,3.99204370545747,3.90150200937641,3.72030277117175,,,,,,,,,,,,,,,,,,,,,
9.90365013848584,5.87316035501784,5.03462001831253,4.66004225186145,4.24759027291436,4.63962740758515,4.29909170280877,4.16072850170396,4.83092930975967,6.21252744986431,7.04546987222628,7.12119119494123,7.27700055582638,7.28129096473642,6.88468122258354,,,,,,,,,,,,,,,,,,,,,
34.8550013211201,18.6398154618961,13.2564556682906,11.0016712189583,9.69093464831462,8.64495555326848,8.38531860370633,8.17592065460935,9.45948077837247,10.5572844494411,10.7935035851033,10.9288846023431,10.4619757659028,10.3274874743137,9.72229989351647,,,,,,,,,,,,,,,,,,,,,
11.3172383310024,8.87807440072348,8.4069052738143,8.82784024221953,8.94339557356124,8.48728739519452,8.22788063131003,8.05645797484966,8.40376226240241,8.12112595131642,8.06176000684479,8.11085518306883,8.36573106010776,8.54007481561615,11.8109968634046,,,,,,,,,,,,,,,,,,,,,
27.3146700675814,20.1600604873636,15.6723908597399,15.3507743720593,15.4416783544713,15.7226610791945,15.979839492055,15.8651249952763,14.6548409091138,13.3462045143858,12.8164053235513,12.6904308721266,12.4646645351546,,,,,,,,,,,,,,,,,,,,,,,
4.61436588426096,2.80660044611397,4.24541121756406,3.68967174865249,3.47608362667859,4.10003920881271,,,,,,,,,,,,,,,,,,,,,,,,,,,,,,
6.42695801562056,4.84927282846537,6.29717967610236,7.82818762714227,,,,,,,,,,,,,,,,,,,,,,,,,,,,,,,,
11.0693924583098,12.8525500688521,9.18989588754806,11.6674387588935,,,,,,,,,,,,,,,,,,,,,,,,,,,,,,,,
6.77067942372931,4.81533609318558,3.73339238516523,3.29626731704989,,,,,,,,,,,,,,,,,,,,,,,,,,,,,,,,
4.12918465986955,3.89876955440098,,,,,,,,,,,,,,,,,,,,,,,,,,,,,,,,,,
4.46265734264462,2.52636296000209,,,,,,,,,,,,,,,,,,,,,,,,,,,,,,,,,,
,,,,,,,,,,,,,,,,,,,,,,,,,,,,,,,,,,,
1.70283753584575,3.32477768716029,2.93623212332495,2.96367847537828,2.65702087305684,2.54706884218167,2.28887337774702,2.1462598428177,1.95689176336326,1.85195858048919,1.75145427504608,1.65203550899359,1.55364249332948,1.47428375741975,1.39140220261713,1.31194502783618,1.24988585197833,1.20245433674163,1.15051731540067,1.09704702364366,1.09050678866048,1.09148859548922,1.05581855154727,1.02583280892865,0.987788110998357,0.973663743442156,0.988284145298976,0.963025158449348,0.976075869650259,0.975862942881072,0.950298378900608,0.934703674861696,0.916289072320856,,,
0.425002165361416,0.533733791944975,0.369316498476041,0.355898093051231,0.366818160322159,0.399648771607132,0.367958442258767,0.377401580323751,0.38583580890055,0.40820849203306,0.423685570204963,0.402103696353846,0.389845327999261,0.384889856190061,0.371901696726188,0.364268108298601,0.346484366058045,0.353953829621968,0.350838119289732,0.359341773996955,0.38735995847779,0.436927635704704,0.434209078514632,0.440269397697206,0.432533604541262,0.427563260238314,0.453303650768311,0.450411765251767,0.468293969279868,0.470905245559804,0.473535125207003,0.474054959715929,0.473014601421722,,,
5.93975238848926,6.09323002792841,4.81531792846217,7.76064347949494,,,,,,,,,,,,,,,,,,,,,,,,,,,,,,,,
1.97973860676302,2.75979129235275,2.60155368545851,3.330008996939,6.43728745300385,11.6912124286605,13.117558908582,12.9549497230313,12.2480893463073,11.2274537448433,10.7188050864328,10.450751507329,9.70072555973452,10.4620922770456,10.3479662016444,10.165611457388,10.4501566342671,10.7634473946931,11.2657357376486,11.1656973906629,11.8948595821505,11.7477973388667,12.0807930617482,12.2120068685904,11.921010535043,11.7675152239415,11.7870801319985,11.6745355004136,11.4725108189227,11.2637043590442,11.0817916633726,,,,,
3.38970292851391,7.66867197890799,9.75366273152832,9.24378622700148,8.02195066847406,9.21616616527502,11.0286219640237,12.1760854565555,11.5236904486434,11.3172157445236,10.6728785128511,10.5906084487656,10.080251028673,10.5455059439381,10.2777413635556,10.3238565446669,10.3819571499906,10.5359340964197,10.5428438301477,10.4438725325923,10.3414238623918,10.3197219631441,10.146867573217,10.1318849641851,10.3998121980592,10.1889142544564,10.2753271107705,10.4447367262352,10.376699106254,10.0823691632187,9.93196779465438,,,,,
,,,,,,,,,,,,,,,,,,,,,,,,,,,,,,,,,,,
0,0.279789390156253,8.33342087445782,6.42254786653869,5.67517716067556,5.17693002343346,5.80004461788433,7.95049380825758,,,,,,,,,,,,,,,,,,,,,,,,,,,,
,,,,,,,,,,,,,,,,,,,,,,,,,,,,,,,,,,,
7.49041171424099,9.98099303723838,17.8169309555282,14.2807472215414,13.0472239414794,11.88649189388,10.3895871278492,,,,,,,,,,,,,,,,,,,,,,,,,,,,,
2.61133767661243,6.06530697251702,10.5464449205174,8.59444533862853,,,,,,,,,,,,,,,,,,,,,,,,,,,,,,,,
0.925998477081385,2.82285182527943,3.69818541255576,3.46092879376477,4.4098661971619,4.70133096340499,4.90698291360458,5.18162195347669,5.55683870489319,5.06961120312077,4.91440838129351,5.05411867322006,4.89311973055984,4.60093432583198,4.96787088552034,4.99844751544883,4.85549721918044,4.92913678426609,4.80556790049119,4.77031604643672,4.80537635729086,5.02662814051571,5.20775504948348,5.05505922954252,,,,,,,,,,,,
,,,,,,,,,,,,,,,,,,,,,,,,,,,,,,,,,,,
,,,,,,,,,,,,,,,,,,,,,,,,,,,,,,,,,,,
19.7154519230398,12.4130706071583,13.5764156688396,15.7891025711495,14.309776152358,13.0856720211529,12.2257481326784,11.3715323382098,10.3920126450909,10.0836086797004,9.80280947462441,10.9142053453541,10.1469288132737,10.0007673205518,9.36605975965136,9.93972578517629,9.55071942797728,10.3541455974397,10.0012462175824,9.6680143742855,9.75140594169571,9.76273479034345,,,,,,,,,,,,,,
7.12377178753882,6.33536976654441,6.56925890291885,8.11283804749246,7.15407457430442,6.97975843721205,7.7444660742454,7.53633255665352,7.49687158143753,7.42296167509467,7.64385894589439,7.35250051359094,7.05715365809698,7.0968146477477,6.87874185868523,7.72439261203541,7.46890418964471,7.65920883484142,7.50286494215102,7.22490529075013,8.09419332099349,7.82047676446754,,,,,,,,,,,,,,
2.12229836698857,3.11603207165413,2.17544853827354,1.85192960887505,1.75851057590298,6.35274126098556,6.38135182258838,5.64786613730562,5.20067113514653,5.04888454064828,5.42788405306784,5.20886711220275,5.2005406131626,5.10514815941247,5.48120464657248,5.95542322093343,5.77068928875765,6.18702729380775,6.0366940263119,5.86576418849748,6.02403968994617,6.04427453485937,,,,,,,,,,,,,,
18.1122163285315,20.2117290688918,16.2011665573557,12.8007047317327,12.2629511523985,13.0745510607869,23.1573164503739,28.9728359326735,26.565029013509,25.8729442915803,25.7066420201587,23.954574232667,22.73089317513,23.6110380978052,24.3489949776296,26.5840974010815,27.0770518105677,26.9719024489885,,,,,,,,,,,,,,,,,,
1.47131736586047,1.69906924519808,,,,,,,,,,,,,,,,,,,,,,,,,,,,,,,,,,
5.12899519046751,12.7218353513589,16.2144256176253,21.1322231113995,18.583289513432,16.6022113484061,15.0418797304306,13.7283848834085,12.8260535717915,12.425877430496,11.908625281771,11.4798229440344,11.3467739039111,11.0003774033369,10.6456797242155,10.6293211436583,10.3763974808867,10.5825639071125,10.7547023380499,10.2431723413278,,,,,,,,,,,,,,,,
22.3244811141905,12.9157098219813,21.0981041735304,20.3855765002837,23.0966042550441,20.4498372362513,22.5112659347328,,,,,,,,,,,,,,,,,,,,,,,,,,,,,
21.5064948166653,22.6581980514801,21.0908815009253,24.3679973046151,23.3185522407469,,,,,,,,,,,,,,,,,,,,,,,,,,,,,,,
,,,,,,,,,,,,,,,,,,,,,,,,,,,,,,,,,,,
,,,,,,,,,,,,,,,,,,,,,,,,,,,,,,,,,,,
2.71412227483798,,,,,,,,,,,,,,,,,,,,,,,,,,,,,,,,,,,
16.6321707172149,20.7718157698271,18.6389428056534,23.9226138672056,27.0928165041369,23.8900172144064,22.4060480052561,19.6677924178208,17.9128157816857,16.1962665415625,15.2684397896448,14.2326233254271,13.1782564019326,13.6826047796963,13.8717974154742,14.2173467570227,14.5351041809633,,,,,,,,,,,,,,,,,,,
,,,,,,,,,,,,,,,,,,,,,,,,,,,,,,,,,,,
,,,,,,,,,,,,,,,,,,,,,,,,,,,,,,,,,,,
,,,,,,,,,,,,,,,,,,,,,,,,,,,,,,,,,,,
,,,,,,,,,,,,,,,,,,,,,,,,,,,,,,,,,,,
18.9469386814405,21.5787456057137,21.4614791159406,22.0481864801827,18.7880185081472,16.1848715124601,14.6229628884647,13.8938340476824,12.9677234455335,12.986142819205,12.1261843725166,13.001728216714,13.741472319801,12.9237731956944,,,,,,,,,,,,,,,,,,,,,,
11.4836425620932,8.50003200986131,8.2136011908994,8.32341876673742,6.85220264875295,5.87798477394223,5.07933289189112,5.24491086645456,5.36706289993432,4.9379946122786,4.8177987887849,4.83166763328348,4.67470658767825,4.41044181058619,,,,,,,,,,,,,,,,,,,,,,
10.8698501463489,13.3621504033003,,,,,,,,,,,,,,,,,,,,,,,,,,,,,,,,,,
,,,,,,,,,,,,,,,,,,,,,,,,,,,,,,,,,,,
,,,,,,,,,,,,,,,,,,,,,,,,,,,,,,,,,,,
1.25851337968314,1.38428416586108,,,,,,,,,,,,,,,,,,,,,,,,,,,,,,,,,,
1.74464644776573,,,,,,,,,,,,,,,,,,,,,,,,,,,,,,,,,,,
10.163831665301,25.8775635033009,31.115668779806,25.4276512517588,21.0382868751829,19.224106777904,,,,,,,,,,,,,,,,,,,,,,,,,,,,,,
12.0792189316163,11.6503780532106,,,,,,,,,,,,,,,,,,,,,,,,,,,,,,,,,,
,,,,,,,,,,,,,,,,,,,,,,,,,,,,,,,,,,,
,,,,,,,,,,,,,,,,,,,,,,,,,,,,,,,,,,,
5.22601228445471,3.91384978336762,,,,,,,,,,,,,,,,,,,,,,,,,,,,,,,,,,
2.48246167626388,1.43391688431929,1.49866802286781,,,,,,,,,,,,,,,,,,,,,,,,,,,,,,,,,
12.3200717368755,10.6718721125843,15.1150193851246,,,,,,,,,,,,,,,,,,,,,,,,,,,,,,,,,
5.37137021570278,5.31036351726698,10.9370785129824,,,,,,,,,,,,,,,,,,,,,,,,,,,,,,,,,
4.59956749862403,,,,,,,,,,,,,,,,,,,,,,,,,,,,,,,,,,,
0.350524547945705,,,,,,,,,,,,,,,,,,,,,,,,,,,,,,,,,,,
,,,,,,,,,,,,,,,,,,,,,,,,,,,,,,,,,,,
