Var1_1,Var1_2,Var1_3,Var1_4,Var1_5,Var1_6,Var1_7,Var1_8,Var1_9,Var1_10,Var1_11,Var1_12,Var1_13,Var1_14,Var1_15,Var1_16,Var1_17,Var1_18,Var1_19,Var1_20,Var1_21,Var1_22,Var1_23,Var1_24,Var1_25,Var1_26,Var1_27,Var1_28,Var1_29,Var1_30,Var1_31,Var1_32,Var1_33,Var1_34,Var1_35,Var1_36,Var1_37
1321.06684822976,1317.49566691786,1320.6110056926,1318.42343114157,1320.06857658471,1320.39154740608,1317.82499513335,1320.37875751503,1320.59411239964,1321.90738484036,1321.67972575906,1321.11466865227,1321.1617612978,1322.62513513514,1321.12848867825,1320.9556809025,1321.26355088496,1320.62626262626,1321.85213896067,1319.7915601023,1319.98437906795,1321.33118158855,1321.89267886855,1319.97504199664,1321.26355088496,1320.21539914974,1319.92596108211,1321.26096314232,1320.31081428204,1319.85982625029,1321.1513987932,1319.01232084486,1319.85982625029,1320.16975060338,1321.72841306884,1322.05865356833,1319.10657718121
1333.30793157076,1312.92731535756,1314.52079921389,1314.90309609972,1316.8164556962,1314.77729110512,1315.28786211955,1315.67112810707,1315.36114242766,1315.02504419564,1316.44832501782,1319.16157711635,1319.612702796,1314.55087014726,1317.63991163476,1319.78292268479,1316.05,1313.51048218029,1315.8445737761,1317.49132947977,1316.09611307421,1316.0340241262,1314.94868505452,1318.83853970644,1316.05,1318.14226100152,1317.39827462257,1315.53309993635,1318.25296442688,1310.6532079646,1317.30237937872,1316.93506493506,1310.6532079646,1313.25915649279,1310.16783974012,1308.56041750301,1312.08688196628
1299.28361858191,1295.5424,1288.30902461258,1292.70259593679,1309.29375,1303.36868686869,1302.93930799773,1302.13978494624,1309.84860883797,1304.95641187618,1304.42242595205,1307.73008558262,1306.36027713626,1309.97103548154,1311.30526315789,1309.11697806661,1311.29322200393,1304.94153225806,1316.71718061674,1313.8014527845,1311.91466854725,1312.32505175983,1316.94939081537,1312.38728323699,1311.29322200393,1312.8838568298,1305.34326824255,1313.36082474227,1311.27701149425,1310.58185538881,1318.06499261448,1321.94945240101,1310.58185538881,1322.85690376569,1322.86903440622,1301.06954887218,1307.55489361702
1300.67674927114,1313.42102240092,1313.56995230525,1309.93053645117,1282.02149944873,1267.79047619048,1275.31449814126,1264.52636054422,1289.81654872074,1284.89709906951,1293.270256917,1283.58057395143,1282.68997668998,1285.45837957825,1281.07266666667,1285.48791348601,1274.10821759259,1274.72866894198,1291.00530347672,1289.34620098039,1281.55061250806,1281.89383294301,1286.64670981661,1289.37118644068,1274.10821759259,1288.899318301,1260.45822281167,1268.56062291435,1276.81762711864,1274.89090909091,1287.50500294291,1299.6496559633,1274.89090909091,1290.56230529595,1295.3215408805,1271.7962962963,1282.5338028169
1277.04153640018,1277.25074478649,1269.72105263158,1277.26204681046,1274.26338082403,1277.5234375,1275.60387409201,1274.99739696312,1274.50087796313,1272.80069410015,1277.42651888342,1277.64473168821,1273.8706935123,1274.34644995723,1276.98737270876,1273.280275562,1278.44258016406,1261.94457640538,1278.60686600221,1272.08537886873,1276.40491995314,1277.56724908574,1276.50496760259,1269.96855078623,1271.6813388354,1262.41532976827,1275.61121092346,1267.70903747245,1266.25436893204,1274.18443804035,1276.7065845206,1270.65384615385,1274.43432289549,1271.2614379085,1268.18884497145,1268.45959284392,1269.96575342466
1215.74907749077,1215.82587064677,1215.61567164179,1215.26289620883,1215.10857495373,1215.09339975093,1213.625415835,1214.9770755886,1214.92834890966,1214.8356336261,1214.87399629401,1214.72969621823,1214.75093867334,1215.41838649156,1215.88392302917,1215.83530142946,1215.7835308796,1214.10709504685,1214.25641025641,1215.65510718789,1215.50568900126,1215.34955752212,1215.26992287918,1213.91576086957,1215.7835308796,1213.68805460751,1215.06416772554,1213.74847457627,1215.09079365079,1213.58243243243,1216.213840399,1215.9665615142,1213.58243243243,1215.1397295557,1215.51870640457,1215.34910485934,1215.14193962749
1218.35136323659,1207.76425855513,1214.97550675676,1211.1737649063,1206.78988941548,1211.80697485807,1213.54584588894,1218.42044972423,1220.21289355322,1220.46725499303,1229.74765974766,1231,1228.19033361848,1231.71428571429,1227.7590266876,1234.15820777161,1219.71870047544,1213.02688809806,1218.87644479872,1217.03762227239,1219.291274068,1218.3160971223,1217.35472679965,1231.84959522795,1219.71870047544,1224.81394354149,1219.01945854484,1216.64466352336,1208.21896621897,1203.76941400667,1199.14652317881,1193.96475770925,1215.40067482075,1200.25996649916,1186.5215260763,1187.91156731149,1185.98714180749
1221.01382852627,1217.90751985054,1210.06347992352,1218.59325396825,1220.55234215886,1223.33494363929,1214.4514200299,1204.98770624393,1210.37280701754,1206.5008341675,1204.38227848101,1204.53503562945,1203.63474603688,1204.38313562039,1197.45710821461,1201.37072299911,1198.90635126377,1205.66231474947,1199.9221045439,1193.0331920904,1196.30158730159,1196.49112872782,1196.40297474922,1199.73933916973,1198.90635126377,1197.6132231405,1189.70156482861,1196.40970350404,1197.77178030303,1215.40067482075,1220.28611332801,1227.92821782178,1203.76941400667,1211.6504279131,1225.30945121951,1213.38290322581,1219.84985315712
1182.65529531568,1184.10338256313,1185.30569948187,1184.37396121884,1182.70042194093,1186.00948103792,1182.4531024531,1182.53858392999,1183.89604909858,1179.5818431912,1185.29317980514,1184.74714220393,1179.70620190131,1185.97592592593,1179.38923802042,1185.01930848675,1180.45163901255,1176.87272036474,1176.45849136115,1183.09533537623,1176.62317475271,1174.50967413442,1174.30209324453,1171.90182829889,1180.45163901255,1176.82713498623,1173.47175639894,1171.05479984454,1171.33400646204,1169.57887931034,1172.33422664625,1176.44151696607,1169.57887931034,1172.04380201489,1173.59596844873,1169.80143626571,1170.48817802503
1162.42673521851,1166.82748948107,1167.87732342007,1164.40611353712,1169.34281510544,1166.69668615984,1158.76797223599,1160.52891744933,1164.63102170461,1166.86194690265,1160.66275085658,1159.17007874016,1160.54945054945,1163.71123491179,1167.21408450704,1168.44989488437,1166.30401737242,1158.53829696192,1161.66042047532,1163.02460456942,1162.362,1161.79187817259,1158.82932505818,1160.62432544624,1166.30401737242,1165.22715206674,1162.89961013645,1161.3680798005,1162.08657630083,1161.50620934358,1165.964958159,1165.56139489194,1161.50620934358,1168.64234734338,1166.10333489901,1166.19983312474,1165.17448151488
1156.90641601962,1150.23132282385,1145.74166251867,1154.29889750919,1151.75510204082,1164.08940527767,1165.48042059463,1164.89498069498,1165.07102884201,1156.64267886855,1160.80161218092,1164.94823186292,1154.94669756663,1159.32073643411,1161.74118783197,1158.28155706727,1155.45893271462,1156.6093953893,1156.97992471769,1158.614374034,1154.214017991,1156.01951951952,1155.75794085433,1154.62454346238,1155.45893271462,1156.22279382667,1156.42064777328,1160.73444790047,1160.76100121114,1160.89473684211,1159.56216790648,1160.12081857536,1160.89473684211,1158.20849128127,1156.15091973244,1156.56688386355,1159.99455139847
1152.02243346008,1162.252839211,1166.29210836278,1159.84319045035,1158.55837341495,1156.87187309335,1153.34915773354,1153.51671183378,1155.00760456274,1150.60975609756,1151.17515609596,1150.1301982122,1160.50149790294,1161.02630297126,1161.60997596154,1159.68680203046,1157.20561685055,1154.73918918919,1157.64327242525,1155.97152209493,1160.48705302096,1160.25011225864,1158.9908616188,1158.21229050279,1157.20561685055,1163.73363901626,1160.91532976827,1157.49617931737,1156.31626794258,1159.25,1159.80065207266,1160.05148833467,1159.25,1160.24139556813,1159.83255616787,1156.71428571429,1153.38743004735
1150.15870646766,1142.66866267465,1141.57901234568,1139.92981557377,1143.8023138833,1144.8909863143,1142.31351069379,1142.24609015639,1142.85645090269,1140.90704500978,1139.05208801078,1143.49579831933,1145.883986118,1141.62899262899,1143.67410104688,1144.44684944685,1144.9458259325,1144.83733974359,1138.46873755476,1138.20620313565,1134.10175177041,1133.01622367967,1129.44664842681,1133.45182972367,1144.9458259325,1142.45526914329,1142.97488488907,1144.75195618153,1145.6252285192,1141.26714955262,1137.94752623688,1141.11604095563,1141.26714955262,1139.49676898223,1142.49455676516,1145.35080804099,1141.92869641295
1144.14440993789,1151.31952117864,1156.94129891757,1139.99906716418,1134.66666666667,1152.90063321968,1140.64248947122,1142.30344478217,1139.34565701559,1137.48863636364,1146.68484848485,1140.60573308271,1135.46034816248,1143.85304347826,1133.61194029851,1143.68522888155,1138.8564453125,1129.38648409894,1136.63575638507,1141.63071895425,1147.05538857879,1164.24962178517,1155.30041936714,1121.23306332842,1138.8564453125,1129.68891402715,1133.03693813974,1124.59459459459,1129.54718653079,1127.2514541387,1130.66513377926,1138.05041246563,1127.2514541387,1132.35023219814,1132.07034589973,1115.27104959631,1119.26552930884
1129.47442031653,1141.715625,1133.68100531658,1130.74981549815,1132.81040268456,1126.26584296532,1134.44722854973,1130.13512476008,1129.95382642155,1131.23981123981,1131.14800936768,1134.47675568744,1137.97715119105,1139.52489721334,1134.51327838828,1129.47795100223,1130.93235039029,1133.30008984726,1136.30560064935,1135.27713815789,1132.7910618793,1132.54306321595,1135.52908366534,1125.88581466842,1130.93235039029,1133.57881873727,1127.63198900092,1130.89920774648,1138.34346754314,1125.58783204799,1131.47709003215,1133.20348058902,1125.58783204799,1132.53189022033,1131.43506743738,1130.35220616947,1132.01716566866
1107.88190364277,1114.40161362618,1117.37114448052,1109.64881456393,1108.84157509158,1108.28140194489,1109.46807080439,1103.66736111111,1102.35587529976,1101.5685203575,1103.50628510297,1107.74782844734,1109.11427944725,1113.98725981621,1107.45155642023,1105.72357563851,1101.08893280632,1100.39119694588,1099.31085450346,1100.23805168077,1100.18381877023,1105.28941541187,1101.852411509,1103.17000675524,1101.08893280632,1101.0230620155,1103.03011123897,1100.05437001299,1099.81209121442,1102.54327384379,1111.2018807523,1108.35392456677,1102.54327384379,1105.67946328736,1105.0575040783,1105.99492109559,1108.50010054293
1096.146875,1096.5098640947,1099.91583166333,1105.17534490432,1100.03070382617,1094.93285263632,1090.72283556072,1091.13707165109,1087.66718346253,1095.39142538976,1094.59431524548,1088.57288864981,1088.66330935252,1084.21511017838,1084.41254315305,1088.67202757036,1089.48536036036,1091.33140933141,1089.35210008937,1096.49290953545,1094.49497367161,1092.28095020557,1095.074057844,1090.74656981437,1089.48536036036,1090.49585695595,1092.7742881072,1095.21841637011,1094.34793307087,1094.56536359815,1092.08223263741,1093.74979253112,1094.56536359815,1089.58058608059,1086.47610921502,1085.88932806324,1088.1960461285
1085.29867801927,1088.75439672802,1093.37997017893,1104.69031639501,1101.90548014077,1103.02535925613,1096.96958456973,1095.02111774744,1095.17519305019,1097.26806701675,1096.72704590818,1093.31650870619,1087.26337968816,1091.20535291331,1089.35474006116,1089.02071269488,1086.19972001867,1083.54532019704,1082.84640140433,1086.18199830173,1084.70607801633,1063.7379708551,1062.19389791845,1077.00991407799,1086.19972001867,1089.69826800365,1066.23092198582,1076.22682994712,1093.32754042964,1080.64985590778,1089.36525821596,1090.69968178202,1080.64985590778,1107.90672088017,1101.61608268213,1097.66,1100.38443935927
1097.48575567359,1080.75237091675,1083.27172653534,1078.34528688525,1081.94887640449,1083.52600536193,1087.51193181818,1090.33598409543,1082.00953984287,1079.33451957295,1080.31619537275,1087.70910871694,1077.48524404086,1076.73619631902,1082.55180309101,1079.48762376238,1080.5125748503,1080.20737327189,1082.71260053619,1082.1971286582,1074.1226519337,1077.99107142857,1078.95542427497,1076.96360059026,1080.5125748503,1076.86773657997,1080.28233438486,1076.17813540511,1079.60680127524,1074.9143016138,1080.10401267159,1078.27209426888,1074.9143016138,1078.35156664896,1078.19660319094,1081.55479115479,1075.70069112174
1045.73719958203,1046.7473508087,1050.90015360983,1045.46709753231,1045.92039511912,1048.9857210852,1054.12506329114,1045.92442188381,1047.25498652291,1052.3552742616,1049.90342163355,1055.98414271556,1055.07779419005,1051.96462158531,1049.67066210046,1051.23546856465,1048.41331977631,1050.94148109788,1054.11630957586,1052.82844827586,1046.56791720569,1047.33244376668,1045.6014142166,1053.0734119437,1048.41331977631,1042.86136177194,1052.19427580225,1051.51611374408,1049.89670525378,1047.19828968466,1047.80803177405,1052.65631469979,1047.19828968466,1047.97489696516,1048.29414109207,1046.78486055777,1046.51957585644
1031.56391752577,1034.4006586169,1033.69303955934,1031.30056818182,1033.80998196031,1032.95306001188,1031.34509371555,1036.71939328277,1029.8808490111,1033.75302154493,1032.52485659656,1034.14394661582,1033.09797917942,1033.8676039836,1037.27915376677,1038.08027750248,1031.67485822306,1031.65545023697,1034.85682426405,1034.22560685388,1031.26888217523,1030.30923507463,1031.71164150024,1032.79541015625,1031.67485822306,1037.94960335978,1034.39575788929,1033.72674078408,1033.46210596915,1031.51068616423,1033.08316633267,1031.73218673219,1031.51068616423,1027.00352319436,1026.97002398082,1026.15640880858,1023.93525641026
1023.24795640327,1025.00223964166,1026.44659300184,1023.69262720665,1024.42486583184,1025.30546623794,1027.45446808511,1025.04260089686,1026.37107623318,1029.61814345992,1028.79547511312,1028.59574468085,1024.70340909091,1029.58770806658,1025.26490066225,1027.7852494577,1018.80617164899,1007.36674968867,996.587058823529,1024.24704025257,1021.85125858124,1020.17503586801,1021.6388308977,1026.99389778795,1021.0768442623,1026.37063563115,1025.97498104625,1030.22774480712,1024.92815674891,1029.51015801354,1032.28368794326,1034.40646130729,1028.80296296296,1031.21487603306,1032.8668852459,1029.39161252215,1033.34273709484
1024.92459826947,1024.96471949104,1028.32902829028,1022.3896797153,1026.4441031941,1015.4477259303,1017.13736903376,1025.77829560586,1020.38120567376,1024.45732410611,1025.76211950395,1017.61179361179,1023.93341121495,1026.59277108434,1021.09681372549,1022.36485623003,1023.27130774236,1025.79517326733,1024.69218151996,1021.19382716049,1028.97887323944,1027.22927689594,1026.32039976484,1030.2033383915,1023.27130774236,1025.59839759639,1026.87534473249,1027.47629083246,1026.41646039604,1027.3589076723,1023.22408627921,1032.20103359173,1027.3589076723,1028.47571743929,1020.62515566625,1023.94501278772,1024.06223043746
1008.43689320388,1003.52352941176,1001.45341614907,1003.32635983264,1003.19025522042,1004.43113772455,1000.90372670807,1003.0407239819,1002.24480369515,1003.56712962963,1002.7652173913,1002.7619047619,1003.10044642857,1030.14685314685,1028.06952965235,1027.32929292929,1026.29303278689,1025.43243243243,1025.94923857868,1024.84288354898,1024.78268876611,1024.4609375,1022.87966804979,1023.30927835052,1026.29303278689,1022.20574162679,1021.38345864662,1021.15459882583,1021.60922330097,1021.12128712871,1022.74193548387,1018.56914893617,1021.12128712871,1023.50738916256,1022.86778846154,1022.33734939759,1022.30361445783
971.205956587582,984.287619047619,960.820118343195,967.30754834685,981.093766937669,983.531437125749,966.100247524752,971.499722376457,968.426486486487,972.414137214137,969.355892096545,976.028594442207,974.335717935616,976.032740879327,975.100656455142,977.950798990749,981.868455785306,983.664267569856,980.200767263427,978.21507271926,982.356366797045,979.025795356836,978.259561667383,982.9921875,981.868455785306,975.894540014959,978.851132686084,975.11154855643,975.827645788337,976.257922535211,975.863145258103,973.239610963749,976.257922535211,976.836325678497,973.390695759572,974.821457821458,978.241464621475
936.280927835052,935.251480883145,936.155745062837,956.24231884058,949.36698440208,950.372093023256,954.93392504931,947.166749875187,950.28335005015,950.07452258966,957.22450933461,951.223306233062,955.85601965602,954.912768031189,957.490253411306,955.943333333333,950.476681394207,949.943950177936,951.978561857972,958.290128755365,947.455152273675,944.496794871795,946.449489216799,952.208106978688,950.476681394207,957.320630749014,954.943901183736,945.914128595601,953.718837339296,953.490473864191,956.750119445772,949.963361016121,953.490473864191,945.077321814255,946.436249509612,944.378233719893,947.582714118107
972.09412284578,957.48313253012,973.31051212938,974.683200748713,953.036287508723,954.849044585987,970.057851239669,959.230458900656,955.825910931174,938.826268656716,936.509971509971,938.8845,941.972941176471,942.515337423313,945.191111111111,947.571204188482,949.04236827811,950.960921843687,948.694368507381,947.923728813559,946.953117206983,944.104428649535,945.99672310213,946.918577981651,949.04236827811,935.016599597585,939.557778889445,945.742821473159,939.016324062878,942.358758888171,937.473248407643,938.135604542418,942.358758888171,941.62064516129,933.212987012987,933.18152866242,941.124732715609
937.719040968343,946.30929885629,943.902898191727,945.337934560327,941.145805293854,944.826265741455,942.326862539349,937.455280568488,937.680939947781,940.130155593974,938.880544354839,943.284233900814,940.882903981265,938.670697908793,938.777992277992,937.420825771325,946.36766034327,945.562664329536,942.635841836735,947.266552389115,944.635151273885,935.727863046045,947.351063829787,937.009508061182,946.36766034327,933.364401913876,945.897855405704,931.514934533552,949.353236207308,939.821496311907,942.944213313162,942.080406263225,939.821496311907,949.059043881555,951.079849211789,956.191548803911,945.514522821577
892.909028256375,887.670724284845,890.309806371018,892.747722095672,887.12715855573,891.748656716418,892.097772277228,883.300993571011,891.038439796495,893.930862831858,896.236655948553,896.698795180723,892.414193548387,899.037804878049,894.347627215552,895.656488549618,902.06922310757,893.867777199375,899.128783382789,899.697291556028,896.171039354188,881.599686847599,884.820327552987,885.936080295827,902.06922310757,894.242658423493,888.453554748313,893.952173913043,896.449252136752,890.35756097561,891.417854928704,893.187306501548,890.35756097561,878.195712954334,881.497898178421,895.045112781955,885.570678127985
899.177830940989,877.579669363349,895.662835249042,877.380498308213,877.55663538874,883.650906928338,882.618263473054,870.681066486669,885.465394853594,883.654455794294,873.998331943286,876.69918699187,883.759635308744,889.337437475952,895.87138774214,895.783272727273,885.452054794521,897.042142857143,901.464794007491,890.863122171946,898.631926605505,903.902978472427,901.446305060065,894.293835068054,885.452054794521,894.919275123558,888.568525896414,889.458353628836,886.951772464963,893.034388432982,894.808695652174,889.560813615608,893.034388432982,889.841017488076,891.21974789916,889.572460859093,893.92310805342
882.388719933647,862.227476882431,861.713165632146,873.079089026915,860.505957836847,863.356435643564,880.360311547579,882.080672845863,881.828817092236,891.511715360139,877.976356976357,873.572655217966,881.035703293321,880.002662721893,868.734799038131,875.205274411974,870.773754152824,870.667817679558,880.975325565456,867.127774254914,863.170434782609,860.992673992674,858.543605653223,857.915646258503,870.773754152824,863.276494565217,859.218407596786,866.568409025993,866.974486621033,868.696266397578,865.071310116086,870.583971714791,868.696266397578,869.038588094526,872.04323630137,869.279162956367,868.689154125584
863.745852687459,861.716057441253,861.148631029987,859.194884287454,860.489552238806,859.984117647059,856.604140526976,860.14332247557,857.556279620853,864.385041551247,865.251446945338,864.5450563204,864.259350091968,866.392653578214,863.890331890332,862.116676847892,866.55899626268,862.876061120543,861.536634663972,860.800085433575,856.776112185687,854.69868173258,868.538425710293,859.617465590887,866.55899626268,860.45431211499,860.87069525666,862.420029168692,863.940543601359,864.551924090669,864.739088729017,859.306071249373,864.551924090669,859.667286245353,860.506318082789,854.667444029851,858.561834182492
802.296139608673,802.734164070613,801.145299145299,806.109315185028,807.229633401222,798.857575757576,803.472008217771,800.546590909091,798.646258503401,803.351029252438,800.333701657459,806.46108490566,802.905717761557,810.492557510149,806.146941489362,805.689189189189,806.562910284464,802.429565217391,805.16761543327,802.773790951638,804.390035228988,804.669950738916,800.361344537815,803.6593323217,806.562910284464,806.376701966717,802.598371777476,804.756428571429,805.186693822132,800.716723549488,803.884030418251,803.42774566474,800.716723549488,806.2696485623,802.079509493671,805.731908693541,806.349707602339
793.158288770053,797.943888888889,797.271205357143,800.654981549815,799.850662589195,800.224637681159,800.566016713092,801.847172081829,799.504859611231,801.652978600347,801.136388735505,806.290831815422,800.927077106993,819.82538569425,820.080218068536,809.397478070175,799.309744779582,796.313143549364,802.073739653875,800.174193548387,795.495926127105,795.229203025014,794.549425287356,806.259842519685,799.309744779582,803.455252918288,802.359178263751,804.771604938272,800.916366258111,806.026954177898,801.434916718075,762.463254593176,806.026954177898,802.93904109589,776.786772677991,789.51688453159,797.529611980939
782.667506297229,780.669195751138,781.700819672131,785.130296127563,780.210023866348,777.285930408472,782.378717472119,781.73491773309,785.078515962036,774.377939290295,775.979400749064,777.071008593397,773.623438173201,766.185234305924,773.005724350506,776.989312977099,775.864620938628,768.824465666212,787.459796672828,778.825746451297,773.817464232856,783.253104925054,769.183145009416,768.804461319412,775.864620938628,783.832016850974,787.119288119288,774.338675213675,776.11768115942,777.452017448201,776.72741194487,789.289215686274,777.452017448201,776.932116104869,773.38409703504,776.253309796999,778.497247706422
772.113341968912,773.19399085565,769.443287037037,767.557307459066,774.187980433263,766.719839142091,770.62930452397,772.186507936508,773.94782140936,776.198316675434,771.851711026616,774.506784660767,773.727688787185,772.303144654088,769.275307473983,772.673624288425,769.631813676908,769.35049161365,767.838709677419,769.179640718563,774.461265523359,772.701724137931,771.937938478144,772.581661891118,769.631813676908,773.474105461394,773.7354939885,775.396672034353,771.971596998928,771.76903158985,770.378632096558,770.347693646649,771.76903158985,765.035111719106,765.61230636833,771.023650697392,773.085618354785
776.232589587559,769.594816687737,781.616837136113,778.497767857143,770.035019455253,770.587259455873,768.746570868713,768.023465703971,747.788611544462,748.576128538638,768.476279650437,751.628340080972,748.7328125,761.953298307064,775.661268556005,765.146060954572,775.833572453372,768.013001083424,776.439701897019,766.750406063887,763.726063829787,764.070466321244,759.212798374809,761.331449126413,775.833572453372,771.142076502732,767.616837560712,764.12987012987,766.830890642616,767.014585764294,772.829457364341,776.3655126498,767.014585764294,780.858666666667,777.040856031128,755.116564417178,753.866386112572
752.580709645177,756.982305358948,757.334558823529,759.679658302189,757.066189624329,755.957775489186,756.425915492958,757.867247007617,749.758734655335,758.832375979112,756.959501557632,760.466176470588,761.555223880597,788.03085443038,786.872971065632,762.77435387674,758.989657049537,755.455663762173,779.734200743494,758.722607489598,756.445187853834,760.613541666667,756.139546112989,784.553895410886,758.989657049537,781.488805970149,772.277099784637,779.826007326007,778.117166212534,780.257575757576,761.58802271554,721.318144499179,780.257575757576,783.775280898876,726.064220183486,755.689079637577,765.976811594203
759.246770904147,762.992408557626,758.188137755102,756.220737913486,758.081419624217,759.868384401114,760.574264202601,757.42203052422,765.814420803782,764.503176620076,756.558199356913,763.152654867257,761.336509827278,761.657088122605,745.711389385808,759.052474657126,749.525188187609,753.145118733509,748.675478065242,762.061998931053,763.800715380685,761.201705970898,762.897367006986,761.624458874459,749.525188187609,753.015743073048,752.73653088042,749.844660194175,749.46192893401,746.573197378004,742.512040557668,747.125944584383,746.573197378004,752.725118483412,746.799433427762,758.299255583127,756.452302631579
735.533802055165,736.313849394418,737.682826199072,737.206510138741,737.684931506849,742.458733205374,732.099802371542,730.216187989556,729.149008498584,731.98192382182,730.100158144439,737.605326876513,733.569978632479,733.089875473741,734.329863013699,737.318855932203,737.523609653725,735.1896373057,732.744248261102,734.239681750373,729.200202224469,735.279892761394,731.198351648352,730.6884802596,737.523609653725,735.456900612341,731.934010152284,733.310265282584,733.802825191289,739.16811446091,722.722192936215,730.124719101124,739.16811446091,731.722425509671,729.748477466504,729.292670425423,731.868466398621
730.698036951501,730.65452475811,730.367756741251,729.700113378685,729.852739726027,723.556156538339,733.12822144448,729.783338931811,721.522108843537,718.630913804277,723.192677629538,718.112355953905,717.22877431306,720.405096373734,728.085531004989,731.916732751784,734.935367545076,731.337613529596,734.080910852713,742.063795336788,740.434379457917,740.431606050853,737.484048027444,736.910942956927,734.935367545076,740.078148038927,738.349494949495,739.495517035266,732.160784313725,726.023231978135,726.903930131004,740.650183150183,726.023231978135,726.821416911525,730.527631115804,734.141962421712,723.889044452223
715.826911314985,717.085648148148,717.332745443857,716.090683229814,716.116004962779,716.620689655172,716.321810182275,715.774333539988,715.475222363405,715.318766066838,715.311291328759,715.796338672769,714.660229330115,715.398368883312,716.654850746269,715.996843434343,715.973751600512,715.679051889814,715.792249047014,715.14702308627,713.432008953553,709.403736377789,713.609201773836,711.065378055713,715.973751600512,712.304488912926,712.100058513751,711.043427230047,711.658928571429,712.808219178082,710.275301204819,714.954244431066,712.808219178082,714.507371007371,713.651757188498,713.700059988002,713.37818877551
695.555123576784,695.849465313957,693.34318968229,689.133971291866,691.095911004209,696.683240462923,684.44708994709,696.293123209169,705.716389846443,697.239159588735,698.75880906856,701.177941176471,706.349683944374,720.758455882353,715.79448250324,710.612965650702,700.003722414252,705.390329811079,714.327919302445,704.228678038379,701.62471395881,706.856924643585,705.074353448276,727.5538005923,700.003722414252,723.853920888272,715.766722060656,718.667639793398,715.022884736511,718.88181317673,709.349315068493,688.542082738944,718.88181317673,723.244885799404,686.062600321027,704.201858108108,713.844671465057
705.284760845384,705.194759385236,702.822745584134,701.819988956378,702.382403680276,696.627952755906,695.28831378892,692.664673413063,690.236150234742,693.499774673276,692.010412147505,693.130885122411,686.811312417145,693.542031975245,698.365105540897,706.674722775092,695.278969957082,695.050539956804,712.231347962382,700.165878644602,694.724489795918,696.104083266613,685.814395654142,692.416886543536,695.278969957082,692.798303487276,689.153620352251,693.060552092609,690.773250664305,697.471139430285,699.751838235294,695.876857214807,697.471139430285,694.775108441775,703.236363636364,698.845561594203,693.522660818713
672.593238822246,670.32134516581,675.00393922341,672.533242876527,677.304530593181,673.223238792315,675.337353671515,671.098251959011,671.759585889571,670.911641405998,671.796821793417,677.040180401804,673.051599587203,673.950507614213,676.333200795229,673.291156462585,672.982173913043,672.048320294524,672.420303169499,668.81129476584,666.899603698811,678.212969525159,676.333094041637,672.322743122821,672.982173913043,674.247974638957,670.832609553889,673.041379310345,672.92039800995,666.897413793103,677.761423550088,678.487239890067,666.897413793103,660.122501611863,665.284432717678,674.459440559441,668.829931972789
639.229908864954,637.949876746097,635.024070945946,640.651340996169,641.056625577812,639.540743522343,646.185304804199,646.786798179059,649.371721311475,649.805225653207,649.268888027896,648.860465116279,650.01028179741,647.642857142857,646.756798756799,644.787181594084,649.693721973094,653.79142488717,646.305286671631,654.48021462106,640.078274760383,648.564963054187,644.916096507022,641.716164864075,649.693721973094,639.65890881343,641.402033633164,643.964837049743,640.948975324132,643.403305785124,650.228984404717,649.37915407855,643.403305785124,646.323750855578,645.688873626374,644.379334748761,642.912263210369
641.72889182058,641.958823529412,642.296200901481,640.417015341702,641.203032300593,641.401408450704,641.086,642.479391249207,639.248723559446,638.231678486998,640.062678062678,641.095554080956,639.164670658683,637.464882943144,640.377986965967,641.343241330502,641.963112005365,641.604682274247,642.080474934037,641.512517385257,641.835545722714,641.636054421769,642.166132135985,641.667767503302,641.963112005365,641.577896138482,640.612289685443,641.047357584077,638.234336859235,642.434733257662,645.416201117318,642.337943475646,642.434733257662,637.55005624297,644.132193732194,649.344632768362,656.668597914253
586.097966728281,585.487976539589,583.783056668575,585.582148948266,586.94393099199,587.760467380721,589.298787878788,580.134284016637,582.598092643052,586.651118210863,587.52998065764,586.93041749503,587.19459791283,586.932413793103,596.751272264631,589.776844631074,582.483225806452,581.838095238095,576.616590463749,563.410256410256,561.500603864734,568.736151603499,568.4177746676,569.456856187291,568.895657809462,579.369147659064,587.66144200627,577.553273427471,575.21847690387,579.242478941035,576.969875573019,586.546776232617,579.242478941035,588.569480519481,588.892041949414,583.945137157107,571.731481481482
556.279176201373,559.827971109652,553.348563006632,556.129102844639,562.092628832355,556.419512195122,567.852881355932,550.815049226442,564.973342447027,565.589795918367,567.436376707405,568.430041152263,570.277470841007,578.702236421725,567.935073627845,569.350984385608,568.895657809462,580.688504326329,583.518473652332,593.149933949802,591.557366362451,587.322815533981,589.535955746773,582.929677419355,582.483225806452,571.259493670886,564.390506329114,571.042586750789,570.08393866021,571.557090909091,574.652713178295,564.861146496815,571.557090909091,563.211313394018,563.5342039801,563.417996171027,583.100227790433
564.24007807417,567.019497562805,564.556940700809,564.563061444484,559.424251968504,558.486251305256,560.535377358491,558.754841367944,562.54593175853,562.908854166667,566.06589456869,564.140481400438,568.113974591652,571.819390148554,561.659683794466,563.450629825274,575.091783216783,567.780997017469,572.039950062422,562.537147397696,564.919164037855,561.825937260903,562.181852551985,557.270775623269,575.091783216783,558.145908761767,555.051970701081,559.293671845396,567.859262076835,569.710516805204,575.243261231281,572.151079136691,569.710516805204,562.709098164405,564.343532145623,571.159972299169,570.979406631763
555.914527238572,555.716811414392,555.879182156134,556.360515021459,556.395897121862,556.85201793722,557.380895876595,557.209295352324,557.151857355126,556.655357142857,556.300850030358,555.915956151035,556.380650994575,557.156221889055,557.847023809524,558.019813869709,557.967635600839,557.76711509716,557.723257211538,557.781927710843,557.817964071856,557.74483378257,557.561371841155,557.548212676479,557.967635600839,557.451353763761,557.177824901545,556.959053685168,556.894849131362,556.953776435045,558.098698153194,557.379487179487,556.953776435045,557.6472303207,557.506400714498,557.678338278932,557.653329352045
537.849390243902,536.519976838448,536.313713592233,535.422384701912,538.62823902697,536.587241003272,540.316042780749,534.598758465011,535.541207349081,538.642857142857,538.621333333333,540.161670761671,536.177209302326,537.972394098049,538.797828335057,538.707317073171,538.396534148828,537.884930187771,531.84505656665,529.998728544183,528.755710659898,533.965010141988,533.735557768924,534.198693522047,538.396534148828,530.208588957055,530.367156208278,532.778527262507,533.082943925234,530.32310177706,534.806911684037,532.672459893048,530.32310177706,531.956007879186,530.604993597951,529.716162943495,536.43233280674
534.694423791822,523.612972972973,530.078165137615,519.717983651226,515.049484536082,518.380583126551,524.197770700637,517.335714285714,537.421763602251,513.225513196481,524.440751930178,524.063063063063,519.899029126214,526.347913188648,528.720224719101,523.371675744954,530.727067911168,530.202843273232,536.59881569208,525.685805422647,531.103575377811,525.963011031798,518.844919786096,523.251428571429,530.727067911168,526.519925280199,524.552272727273,531.444630872483,534.008126934984,536.41683286797,538.600821355236,535.343915343915,536.41683286797,535.818843355036,535.914648212226,535.838427947598,532.701633393829
501.010518114531,499.407573289902,480.716820702403,489.519983851433,484.052120141343,481.790837401427,483.617105263158,481.38407079646,480.245506829619,478.852791878173,480.028415300546,480.518022657055,479.841620626151,479.120340788072,478.509863429439,477.103254319004,475.763528539659,479.049124305852,483.376087779039,478.722472924188,475.267785479752,475.588146470366,473.243145743146,481.112676056338,475.763528539659,470.026362664767,480.247360482655,472.379493464052,479.27935813275,476.427425821973,478.907407407407,476.252565114444,476.427425821973,474.28261682243,470.326124869201,476.858510195589,478.653211009174
468.589905362776,466.234693877551,465.898071625344,466.754820936639,466.691318327974,467.819277108434,466.241908006814,465.648351648352,465.202156334232,465.032876712329,466.182320441989,464.991573033708,465.487465181058,477.597972972973,479.383304940375,475.874570446735,476.59067357513,466.778350515464,465.991511035654,467.236301369863,463.871323529412,466.887671232877,467.421955403087,466.063973063973,476.59067357513,464.896959459459,465.217993079585,469.644329896907,464.867924528302,467.457482993197,466.965217391304,469.836177474403,467.457482993197,465.680532445923,466.050347222222,469.219387755102,465.650927487352
423.718279569892,444.964705882353,458.416716776909,454.849607182941,447.288544891641,452.645823824738,455.70301369863,459.241620810405,452.636251541307,449.532356532357,448.247353760446,446.334284084427,453.055080213904,456.066362715299,456.44958968347,461.4355479841,455.677058823529,449.211213935765,447.505417118093,458.284577723378,460.106280193237,458.694478527607,462.412485414236,447.291274325173,455.677058823529,467.849202513291,448.746243739566,457.654428904429,454.338671411625,454.803862401931,457.18578255675,467.092369477912,454.803862401931,478.026445698166,487.858616843279,487.21875,468.082508250825
407.119546247819,407.188431200701,407.132042253521,406.553097345133,406.424645390071,406.519677996422,406.448214285714,406.389725420726,406.266903914591,406.203389830508,406.123456790123,406.195361284567,406.233661593554,406.65953654189,407.085049239033,407.328237410072,407.096920289855,406.927470534905,406.942186088528,406.780797101449,406.861818181818,406.689250225836,406.669990933817,406.699908508692,407.096920289855,406.587272727273,406.431301182894,406.368231046931,406.408966148216,406.277777777778,407.258760107817,407.106460418562,406.277777777778,406.637442922374,406.547857793984,406.504117108875,406.404958677686
407.976370035194,408.151359671626,404.171995589857,403.545454545455,404.408574380165,405.880242825607,403.777629826897,408.675263774912,402.446534653465,401.759526261586,400.653345307589,401.638488314272,405.588746569076,399.730593607306,402.855192588981,402.842180774749,398.457094784072,403.395657953035,401.354869816779,404.669712793734,397.928571428571,400.586320560363,400.616270145817,405.61170212766,398.457094784072,401.598690364827,403.247585155058,402.073183760684,397.946824987093,398.182669789227,404.34118907338,413.838136112814,398.182669789227,404.478168715557,405.329514207149,406.323869104909,403.606671838635
399.571077225775,401.144032921811,396.569754464286,396.659453302961,401.442037470726,395.236070381232,395.823390431187,396.329842931937,400.199275362319,402.372299872935,398.990973565442,401.12023653088,399.857052096569,403.654761904762,396.929192546584,404.286148238153,399.677339901478,397.364356435644,397.900396151669,401.816851960211,399.473460721868,398.238736102984,397.838532110092,399.764232673267,399.677339901478,399.844077134986,398.173684210526,399.746812386157,397.321981424149,398.9826625387,402.829299363057,401.758922980589,398.9826625387,398.999396135266,394.920523138833,397.869407496977,398.969866071429
413.934550989345,414.637816764133,412.455812247891,406.283594394064,420.897255902999,406.571217166112,411.558941058941,397.050688543803,408.32304526749,405.466075558982,403.116629044394,401.585115483319,398.964183964184,404.241168158267,403.34763181412,392.496259351621,391.39390896921,392.807579222476,395.074815270936,393.459792477302,389.554542596668,385.564134112581,384.20166858458,384.518088284102,391.39390896921,398.343933054393,390.536849981294,392.421332388377,390.533904109589,391.748282828283,392.271844660194,388.84207896052,391.748282828283,379.133039323778,388.029465930018,388.661277906082,363.51329113924
394.520603015075,399.40160394818,401.407506702413,407.059812160158,393.862933333333,391.80303030303,400.377358490566,379.749721913237,385.888949373979,385.176652892562,388.220892774965,389.882769075291,390.187798408488,400.115288220551,393.955904713634,391.71970074813,395.875358166189,381.51878914405,389.240897755611,389.116178067318,396.957923497268,383.663141993958,385.521169794849,385.060075093867,395.875358166189,386.25538277512,389.572427572428,387.22130697419,386.639477977162,388.401108033241,391.27668613914,385.928137651822,388.401108033241,386.632173913043,396.130381803412,384.077710843373,378.064361191162
385.900869565217,385.594484167518,387.495288574794,384.18909512761,383.207514944492,382.592330978809,386.403645833333,387.27850877193,388.698996655518,384.819799777531,385.619968635651,383.941494591937,384.419420437214,385.602377093463,385.045183714002,387.276955602537,385.615571776156,387.84756097561,387.346820809249,385.203808543489,387.067386831276,388.313347236705,388.005566801619,387.144012127337,385.615571776156,385.778791334094,386.331101956746,386.069037656904,384.819001386963,384.533333333333,387.499093655589,387.679288582903,384.533333333333,384.98856831791,384.530864197531,384.288700846192,384.941646191646
334.810155239327,343.227651304831,343.514252696456,335.829676904667,344.238644067797,340.762495916367,342.581910642935,344.212163579168,344.771079881657,344.664302600473,345.366678533286,346.251579778831,349.763007975693,346.127786032689,352.055988134965,353.443740685544,353.576373212942,350.638369483919,350.349681020734,350.59461426492,352.205541770058,356.22842851188,348.658227848101,353.822336896425,353.576373212942,351.8544005795,348.008572493477,346.124562937063,349.360398860399,349.484183103833,347.826859045505,364.618917274939,349.484183103833,365.42243767313,371.03125,377.692724952138,378.700463678516
369.71007751938,372.431782540512,368.218287526427,356.527806925498,385.527454242928,319.930114358323,340.179185076092,340.506032647268,335.221168247629,329.141550312951,333.113117870722,319.654712643678,343.452636968766,349.91416893733,351.340138832176,344.443231441048,343.849900990099,339.205161854768,340.988768718802,341.331282952548,339.825625795503,328.765558397272,324.744398025066,329.265470131262,343.849900990099,386.577345731192,343.941385435169,342.10761652141,337.662355819643,344.868490071188,348.313798219585,350.094079480941,344.868490071188,333.437242798354,345.075107296137,345.874377224199,369.345174973489
342.129761406446,342.107171000788,343.013025679196,342.883234714004,342.018025751073,340.416305632139,339.2366710013,338.569902912621,344.760245116814,342.874780316344,341.029261653624,340.67592254293,338.584259259259,340.690010298661,336.470065662418,331.968223583461,332.162845849802,339.420365535248,342.87799747581,344.183136207554,351.488970588235,348.110457790844,342.591052869408,338.70413573701,332.162845849802,338.983937397035,343.23641412138,343.002226179875,342.361909400877,338.154114906832,342.128907922912,341.407214428858,338.154114906832,350.67760342368,341.849368318756,346.620210993892,356.519046041736
354.588409475465,350.537987679671,353.265689418232,352.599354541263,389.561264822134,353.843156843157,374.250476190476,320.381572358538,365.582177385456,358.315098468271,356.277531262606,357.521786492375,361.602372356885,364.784463894967,362.46892393321,331.830118232732,325.471104608632,328.55421686747,321.130612244898,327.565483008782,323.845804051261,326.315523769457,324.313438300989,276.433083686096,325.471104608632,360.104718810601,311.953761755486,315.90264877881,314.518292682927,309.293162983425,309.031863653205,312.603358656537,309.293162983425,313.113527460376,306.54134223211,304.905757242391,312.374455732946
298.158366980709,303.690644307149,307.914491948917,327.347236704901,318.94440433213,304.127974854064,298.329487179487,299.096711798839,298.713412441568,303.716652506372,302.347792106292,299.451879388682,301.329838357361,304.650627615063,303.46331333641,305.09825815096,307.357594936709,309.967407407407,307.74809805579,308.984429065744,300.665774207943,311.198996655518,310.645002056767,317.825742574257,307.357594936709,327.591231178034,337.39800543971,331.812757201646,338.676904666933,330.744196044712,335.58426443203,335.355677838919,330.744196044712,338.928458705944,340.6677301732,335.570588235294,338.658240155566
287.058020477816,289.073639622027,290.780698151951,286.070731707317,286.766126126126,291.933418693982,280.731805929919,284.428531311429,287.256,283.504118616145,290.018240343348,299.654653603919,293.832788832789,299.57615658363,303.507980187122,294.295532646048,286.824762437116,293.975568374618,290.00754005655,281.292696629213,292.900649953575,289.124095513748,290.535642713999,280.7497212932,286.824762437116,293.357401912298,292.981824301582,289.462126245847,298.618846694796,290.608506363027,295.696866485014,293.914009315657,290.608506363027,306.27615611676,312.606131386861,298.283687943262,298.398293029872
290.164640883978,288.279346981083,292.234493588066,289.841261212286,314.153032750771,272.012621359223,292.775525715733,271.615191146881,292.410419989367,291.293665518155,290.463963963964,292.290611814346,291.760910307898,290.770086862106,294.497864388681,272.322058823529,272.705882352941,273.12734962406,270.90329218107,272.164363277394,271.333497294638,269.188211382114,265.499530956848,218.853092783505,272.705882352941,301.615231788079,267.626506024096,265.841518987342,271.104425465839,264.530179445351,264.581205311542,268.340674157303,264.530179445351,260.632898172324,260.558213716108,257.784538653367,261.509269356598
240.157619047619,239.541724941725,239.675623800384,236.621219633118,235.187093546773,234.812532637076,233.649464459591,234.38648018648,236.444604316547,236.983870967742,238.060194174757,237.334126606378,233.20887337986,234.800097276265,237.681415929204,234.46287367406,235.647178444331,237.934293429343,236.643343934575,233.955352856457,235.608870967742,235.228697355534,236.434489402697,232.554437328454,235.647178444331,230.757948717949,235.381944444444,232.476817702845,236.191,231.061006609049,234.015526443474,235.355588526212,231.061006609049,235.208729472774,234.828448275862,233.25140291807,238.6224
230.430653266332,241.544251447477,240.483524904215,234.794117647059,236.739607843137,235.821071428571,228.13963963964,234.130078403421,231.782533506269,209.914027149321,217.127074442864,226.283084004603,229.563603440471,222.573258606886,230.553846153846,241.940274414851,230.426823742637,221.03101104503,215.549961568025,213.39267501159,225.379817444219,227.304513064133,215.76892252894,210.737283691662,230.426823742637,226.63578564941,204.527077747989,201.273568281938,216.641662901039,206.506397637795,200.22188449848,210.641680863146,206.506397637795,221.756194690265,204.324633699634,200.323370896619,219.357546759461
212.342,217.321903787103,215.62578748425,213.917498914459,211.754528122021,212.493987493988,209.407748184019,207.38244111349,211.370657948508,208.042114695341,210.151358344114,212.260675071167,207.014035087719,211.795660036166,214.71112804878,215.655485040798,213.562471395881,212.167766990291,209.800758213985,214.130915524104,213.681283905967,216.412765957447,214.812223206377,210.095150960659,213.562471395881,223.327089995432,215.747238179408,214.764705882353,217.13887506222,212.485753676471,218.993141289438,219.445017182131,212.485753676471,218.100407055631,214.314070351759,214.708540630182,216.830466830467
136.128212616822,138.323480571239,153.259650097195,158.351793120273,159.326735286355,182.515206127506,191.917281348788,185.362068965517,173.466231647635,174.329910566413,183.297886843899,198.822183708839,211.507701786815,213.321203007519,214.648927504752,207.748680921966,207.485834502104,210.500901984366,218.187200956938,221.081977279705,228.670574443142,230.451840490798,226.415346380864,227.237602677213,207.485834502104,225.410098176718,216.807945041816,207.410264900662,199.134083601286,191.043676662321,191.052892050727,201.641833810888,191.043676662321,225.682873954785,233.29681615885,240.136332179931,242.309245483528
188.401180857676,185.323351526774,187.197183098592,192.213373700145,191.928705692803,191.26176510708,183.854870220486,184.556889651229,183.575769639066,183.445231046467,180.106658130602,181.566508160905,187.398262222799,185.284054388134,184.60590342102,181.9017975152,184.25946817083,182.612083568605,182.273860645519,178.120531154239,178.127206710905,174.827524254402,171.125974352527,170.560874481719,184.25946817083,169.509326947315,169.656569529652,168.731786362458,176.109152343176,173.522423173063,175.062078074552,176.136721447314,173.522423173063,179.670508744038,181.721003134796,185.306823883593,186.794967944841
147.721593968767,147.307206068268,149.709637046308,146.961626575029,150.148812970469,148.169751116784,145.962484624846,143.190709046455,145.946564885496,151.167054714785,147.323383084577,147.771410173857,148.067484662577,146.788685524126,145.902831402831,143.017071569271,143.295288652953,145.544857768053,145.707117255504,144.474427666829,145.088971763452,145.952248750694,142.190934844193,142.152634766808,143.295288652953,141.447015834348,135.589333333333,135.42522398346,133.692414752958,135.753237410072,136.957575757576,125.484145398299,135.753237410072,133.857142857143,132.453867028494,140.780274656679,112.862239491346
141.606779661017,141.585695006748,141.676870748299,140.980258679374,140.827515400411,140.824287652646,140.759595959596,140.622222222222,140.54793608522,140.572285143238,140.641383898869,140.589274035317,140.469668542839,141.099825885084,141.341422121896,141.509454949944,141.60366182014,142.995484194681,141.683516483516,141.533926585095,141.644077134986,141.159502262443,140.984589041096,140.974842767296,141.60366182014,140.787478460655,140.82962529274,140.573837209302,140.656140350877,140.648061104583,141.603629976581,141.406010606953,140.648061104583,141.070206489676,141.016109785203,140.966666666667,140.878338278932
106.684563758389,106.928914505283,107.248359887535,104.908687943262,105.262544802867,106.672086720867,105.51582867784,106.108388312912,106.06100795756,109.851383399209,112.673390224981,110.700668896321,111.095993322204,111.111285266458,110.028662420382,107.885714285714,109.060536398467,106.253246753247,100.04532967033,97.6758938869665,99.1340860973888,103.145142857143,101.750408719346,102.759955752212,109.060536398467,97.3221621621622,97.3111684958037,97.9700476514636,95.451871657754,97.4147135416667,94.2603728202045,81.3212818405916,97.4147135416667,90.4480916030534,82.7421245421245,94.383498349835,78.0696531791908
97.0491118077325,109.906119439666,119.590859151835,108.17275,113.370494739199,109.451086956522,111.511961722488,107.576625965612,103.558551810237,104.269990366089,98.8154922001076,95.039639211963,92.3123935666982,92.1817586733581,89.724348534202,71.3586282881146,73.9118863761721,65.6492425503579,59.9605075563159,65.3991563406275,60.9816880077103,65.3354797166774,62.1859756097561,76.7134522702291,73.9118863761721,66.724900110516,70.6137217091241,52.4431511884342,61.7291021671827,59.7755130338325,56.7693368578324,60.9899595005062,59.7755130338325,54.7703370786517,54.3669566793547,58.1529555149299,56.9651083549135
60.8907145586549,82.8246246246246,108.606932153392,71.200705778562,55.2377622377622,69.771282856022,84.3316582914573,64.2033333333333,67.2548764629389,72.7245879120879,62.6490978157645,65.1070409134158,97.8531425015557,76.8474246841594,73.303317535545,82.7039660056657,85.2855579868709,114.775041050903,65.3618625277162,65.9783142389525,66.254822790489,60.0569422776911,63.7757268112598,60.1888053467001,49.3009101251422,59.6247379454927,54.4739863652673,70.7965017064846,65.6253789519272,59.3029366306028,81.2666309012876,97.90109002826,86.2327485380117,86.2820646506778,100.845316934721,72.1536255632937,84.7076996197719
67.2661870503597,66.9308224442736,64.5615258408532,60.5835814547001,73.1843866171004,69.6759530791789,70.0526094276094,65.6516643225504,69.8058499364137,66.8857142857143,73.1697138314785,70.4993537268419,74.3075749872903,68.0171656686627,75.4424657534247,74.5971971066908,71.641158221303,71.9102564102564,64.0245711636532,68.0046661880833,72.3054207119741,70.9537085744345,69.2261995430312,75.8542094455852,69.6183903164154,79.2094088259784,75.7068376068376,85.276889134032,77.0374356574637,80.0894736842105,73.7422222222222,81.0074906367041,80.0894736842105,78.7067561092477,74.9751346871115,77.6904761904762,79.7498622589532
22.6905458089669,25.2775372775373,26.8401997503121,23.8746369796709,23.8341307814992,21.4732789855072,22.493733213966,22.4672695951766,24.3629326047359,15.6923076923077,44.1343519494204,28.2527422303473,59.9505955006617,50.0282555282555,43.1989528795811,53.6762513312034,59.758865248227,89.5140692640693,80.2331469911213,74.1304785894207,84.6101141924959,101.768699186992,92.7224729241877,81.1869618696187,79.0295226130653,72.9484314568113,74.4490392648287,58.7019844082211,84.8742931709439,86.2327485380117,54.0168940870695,62.6118370484243,59.3029366306028,67.5853397538791,61.4648208469055,64.0035445281347,55.6330572560317
65.252766710934,66.9142268041237,66.1133983387505,71.0832106038292,75.7124066832563,62.2546026044005,55.1022071307301,63.3325656379549,61.1048593350384,44.7451833436917,76.3563899868248,68.7828857533,64.6814011676397,45.2548076923077,56.8902116402116,76.7843137254902,59.893385982231,65.6765714285714,22.0940209949795,21.1792845257904,23.2752332485157,22.4273243125273,22.3157894736842,21.7760388559093,16.3054975643702,21.2538671519563,19.1310502283105,24.3308791684712,21.1517779705117,21.5500894454383,24.9719126170308,22.367758186398,21.5500894454383,26.8193548387097,24.5853994490358,24.1957868649318,21.9773601025203
45.9774182676104,50.4871021775544,33.8053128276826,25.6640767824497,32.8425531914894,28.9166666666667,37.8643236616265,38.0425442291491,36.5483449477352,35.1888968997837,30.9972432804962,37.0499082568807,33.9442548350398,38.2999139414802,40.1337209302326,38.4159196844747,39.1802610114192,38.2720644666155,39.5879985364069,41.0834512022631,39.0046966731898,42.2821043910522,40.7575427117412,38.3704142011834,39.1802610114192,34.7334032145353,35.5044980208708,35.0321615557218,33.3728937728938,36.2869499811959,35.4769956744003,33.7834204630321,36.2869499811959,34.6370267453977,32.1215722120658,34.019587628866,37.736660268714
30.8173663437388,32.7972386587771,39.597722095672,28.4190528634361,25.9024291497976,22.1782752902156,21.4844574780059,27.718045112782,18.8443544759334,22.9466209598433,21.5569280343716,24.2941475826972,24.4834344377042,31.5804816223067,28.6704925872788,20.4811452513966,7.85135135135135,31.6666666666667,38.9774859287054,46.3145454545455,16.1509433962264,45.5526315789474,39.0655021834061,28.5552941176471,7.85135135135135,20.2756024096386,21.3038605230386,46.9102956167176,21.9656507014998,41.8645004420867,4.33617021276596,4.60743801652893,41.8645004420867,5.1025641025641,3.85308056872038,5.0383631713555,31.5929487179487
26.0078247261346,33.2051522248244,26.3030597377368,23.3068478829064,22.7151972157773,20.5942211055276,24.7635542168675,18.7530006317119,23.0113027959548,25.6332757628094,21.7323726196603,23.2002861230329,14.8201498751041,30.7633517495396,15.5594202898551,11.8736462093863,21.6253569388921,20.6770633397313,23.2224979321754,11.6730769230769,28.1576673866091,50.8019801980198,39.2654028436019,14.5067385444744,21.6253569388921,31.1227651966627,21.4481668773704,21.5930941096818,26.3871781928319,13.0991957104558,23.2497925311203,15.9374464438732,13.0991957104558,11.8546712802768,21.9298626174982,16.7027903958469,16.7341772151899
181.985074626866,180.356756756757,179.623036649215,181.258064516129,178.99375,178.619883040936,180.743421052632,177.369127516779,177.369127516779,173.745098039216,174.757731958763,177.626943005181,178,177.626943005181,176.755319148936,180.979381443299,183.879581151832,180.878048780488,181.5,176.755319148936,185.4,174.630303030303,183.132596685083,181.438596491228,183.132596685083,179.252380952381,182.5,180.46875,181.5,180.067164179104,179.015306122449,188.372294372294,182.5,189.784210526316,179.987804878049,181.543956043956,
670.096296296296,667.494252873563,664.391304347826,667.567796610169,668.752808988764,664.25,656.747619047619,662.945945945946,662.945945945946,664.494505494505,658.095744680851,666.401360544218,663.753424657534,666.401360544218,667.125654450262,656.375,663.604395604396,654.222222222222,663.925925925926,667.125654450262,653.008771929825,659.388489208633,661.186170212766,660.505208333333,660.744565217391,665.374384236453,667,664.123076923077,662.25,662.126984126984,653.611650485437,660.734299516908,667,,,,
671.653819995466,672.183267909715,667.033906514895,659.831718618366,666.170795878097,669.103188280913,669.749145591251,670.805050505051,668.18263229308,667.847396768402,669.48077470806,670.976096922069,672.053581500282,670.005523590334,669.045388349515,668.156451228238,670.014505304178,668.797115384615,668.169577205882,668.199617590822,666.006882168926,674.177392142685,666.208095781072,665.851441241685,670.014505304178,648.518551498961,655.714424242424,665.088801571709,654.409366168753,628.628050283461,,,,,,,
1328.80740740741,1328.8,1328.36140350877,1328.33064516129,1328.19168591224,1328.08154020385,1328.31510107015,1327.76105263158,1327.63665594855,1327.48746238716,1327.76845298281,1327.74369323915,1327.79143798024,1327.89309576837,1328.30424528302,1328.34040047114,1328.43629807692,1328.43876337693,1328.37873357228,1328.37951807229,1328.3932853717,1328.31672597865,1330.7752293578,1333.04651162791,,,,,,,,,,,,,
931,920.862676056338,919.197674418605,917.475862068966,900.12582781457,885.508256880734,885.379816513762,897.879818594104,897.879818594104,900.637813211845,922.876543209877,926.18018018018,928.252427184466,926.18018018018,915.472067039106,931.12676056338,902.754032258065,875.530973451327,,,,,,,,,,,,,,,,,,,
1272.44916666667,1259.57547169811,1264.26507887411,1260.01427181317,1260.96650851242,1265.41818662437,1266.08153928956,1264.99782451051,1262.89023447565,1264.37807848444,1260.66763617134,1264.04510022272,1262.77108108108,1265.07344477939,1262.67931900642,1262.89145907473,,,,,,,,,,,,,,,,,,,,,
1263.88376452943,1260.91270380435,1262.6690897598,1259.86969397828,1258.61724709784,1258.35192515293,1254.45323741007,1254.95214190094,1256.47269736842,1253.52472685451,1259.73543360434,1253.21991315136,1256.96361815754,1265.68180354267,1261.93008664476,1262.43490390577,,,,,,,,,,,,,,,,,,,,,
1242.51724137931,1214.67074527252,1212.43361285814,1212.57882966828,1212.45966988477,1215.37811772531,1212.02898550725,1212.73886138614,1210.38091969801,1212.11688909342,1215.83808330723,1208.65878535002,1214.17463479416,1218.67897814712,1211.1518683579,1211.69263542301,,,,,,,,,,,,,,,,,,,,,
33.6471394313121,44.7895622895623,38.3780435711234,43.0679670832063,51.1533311014396,42.6307142857143,48.1708024492427,42.1011798355381,48.8698921216084,41.3724633156416,35.8368387507967,41.2522555034284,32.6972431077694,29.8060836501901,34.9221687800612,12.2165605095541,,,,,,,,,,,,,,,,,,,,,
877.280575539568,895.735125448029,908.389410760034,909.247096515819,895.261404407996,910.778150455199,893.796181630547,876.523326572008,891.099014336918,890.535834535835,891.991836734694,899.165608207132,909.922256774767,900.375816993464,,,,,,,,,,,,,,,,,,,,,,,
426.994252873563,422.379888268156,423.378698224852,416.255681818182,418.277777777778,415.656050955414,422.875862068965,,,,,,,,,,,,,,,,,,,,,,,,,,,,,,
1027.12154031288,1033.54567053854,1035.83468208092,1030.21265636497,1042.47172260337,,,,,,,,,,,,,,,,,,,,,,,,,,,,,,,,
873.069387755102,862,847.364312267658,845.5,826.4,,,,,,,,,,,,,,,,,,,,,,,,,,,,,,,,
5.60995850622407,3.37246963562753,3.15,4.1067615658363,3.95714285714286,,,,,,,,,,,,,,,,,,,,,,,,,,,,,,,,
747.294964028777,746.622093023256,745.363057324841,,,,,,,,,,,,,,,,,,,,,,,,,,,,,,,,,,
234.632552870091,230.224489795918,230.20447284345,,,,,,,,,,,,,,,,,,,,,,,,,,,,,,,,,,
1320.99285714286,,,,,,,,,,,,,,,,,,,,,,,,,,,,,,,,,,,,
231.491780821918,233.140540540541,235.614939973321,233.979073243647,231.896370331405,230.83152173913,231.350230414747,231.285463328942,231.223923444976,231.656629688325,232.455165180912,233.183551198257,233.730429988975,233.848434004474,234.116978989211,233.886532951289,233.9388101983,233.724312184166,233.345958168457,233.21822272216,233.137178051512,233.848434004474,232.899943149517,232.73844480696,232.653950953678,232.587362637363,232.388100436681,233.5968,233.418604651163,232.388100436681,233.041103603604,232.949699289229,233.078831312018,232.752753303965,,,
168.817948717949,168.946949602122,168.895561357702,168.858611825193,168.839572192513,168.722513089005,168.642487046632,168.641509433962,168.725806451613,168.634464751958,168.986910994764,169.482323232323,169.558375634518,169.374045801527,169.058375634518,169.164974619289,168.924870466321,168.863402061856,168.696658097686,168.464285714286,168.51637279597,169.374045801527,168.340852130326,168.366925064599,168.06106870229,168.193798449612,168.14898989899,169.271052631579,169.057142857143,168.14898989899,168.486284289277,168.512886597938,168.464646464646,168.300771208226,,,
739.800796812749,745.739130434783,739.494845360825,737.350318471338,753.722222222222,,,,,,,,,,,,,,,,,,,,,,,,,,,,,,,,
1068.80890868597,1068.81267893661,1069.11647254576,1067.65746124031,1062.42656765677,1080.78028064993,1043.06174612292,1064.53262896209,1053.030859375,1056.79082726104,1057.6384089996,1061.14953703704,1068.52365930599,1068.84036144578,1087.54494183997,1095.14830970556,1090.79414003044,1078.75826901874,1064.88232662192,1061.14953703704,1064.50074794316,1066.76511359261,1073.33036405887,1057.00534045394,1062.57888540031,1061.05302402651,1054.69644180875,1062.57888540031,1057.79358912093,1058.2429245283,1057.64640077821,1056.01717126073,,,,,
1012.22426981919,1009.01487541837,1020.9543777256,1007.06860036832,1008.29433820772,1005.96903175225,999.513399153738,1017.84787878788,999.504805491991,1005.75749741468,1010.26854460094,1014.46045302636,1023.73511195808,1024.31690140845,1010.27748691099,1016.76969178082,1025.57933370977,1036.85809102402,1023.73953301127,1014.46045302636,1005.90510083037,1013.35094796289,1023.14976010966,1021.02686915888,1011.47730138714,1023.2538930264,1021.57778915046,1011.47730138714,1026.45207491737,1018.0494966443,1017.77698695136,1012.5116,,,,,
1321.36496350365,,,,,,,,,,,,,,,,,,,,,,,,,,,,,,,,,,,,
827,827,827.559322033898,852,852.689768976898,855.375350140056,852.689768976898,843.151041666667,866.154676258993,,,,,,,,,,,,,,,,,,,,,,,,,,,,
1321.73134328358,,,,,,,,,,,,,,,,,,,,,,,,,,,,,,,,,,,,
11.7433537832311,8.59289617486339,16.2561863173217,49.5160963757846,47.0500610500611,54.3214066653036,49.2828493837477,50.3771064529388,,,,,,,,,,,,,,,,,,,,,,,,,,,,,
726.281690140845,728.602209944751,737.387417218543,756.816666666667,754.078313253012,,,,,,,,,,,,,,,,,,,,,,,,,,,,,,,,
3.73399014778325,3.8339222614841,5.3459595959596,9.15855354659249,6.48941176470588,5.44648318042813,6.48825065274151,5.1938202247191,9.20114942528736,3.53389830508475,4.08914728682171,3.27950310559006,6.48941176470588,6.77898550724638,6.43790849673203,7.05977382875606,6.90804597701149,9.37371134020619,11.9655172413793,9.89714993804213,9.37371134020619,8.90919811320755,5.73860182370821,8.53559870550162,7.21606118546845,,,,,,,,,,,,
1322.62204724409,,,,,,,,,,,,,,,,,,,,,,,,,,,,,,,,,,,,
412.862857142857,,,,,,,,,,,,,,,,,,,,,,,,,,,,,,,,,,,,
895.084656084656,876.022346368715,879.728571428571,891.333333333333,913.430476190476,920.295620437956,914.615969581749,920.407272727273,916.429065743945,917.469026548673,921.752,915.71186440678,893.0294599018,892.936742934051,892.103684661525,892.212516297262,909.057668711656,907.122661122661,889.800550206327,888.159317211949,885.073968705548,877.170833333333,878.196721311475,,,,,,,,,,,,,,
887.609974424552,893.790633608815,893.331288343558,899.025714285714,889.890128755365,891.845933014354,885.7384,892.559429477021,896.764080765143,892.050387596899,889.215122470713,889.624513618677,890.027972027972,887.153381642512,890.73126142596,889.800550206327,880.926694329184,883.779797979798,892.212516297262,892.226102941176,892.309829059829,904.453280318091,903.564377682403,,,,,,,,,,,,,,
415.641025641026,417.7625,413.653543307087,413.379310344828,414.256198347107,415.641025641026,444.825991189427,438.423631123919,438.932748538012,439.229508196721,435.880681818182,445.017738359202,442.397297297297,447.288503253796,443.424175824176,432.791666666667,445.835025380711,448.570776255708,435.403785488959,438.698324022346,441.273615635179,432.139344262295,425.674107142857,,,,,,,,,,,,,,
12.1152073732719,25.6780780780781,41.1585837548349,39.5538150581102,36.9594594594595,45.0700116686114,30.4224683544304,94.8761421319797,41.0489913544669,35.327027027027,40.1256783776064,31.2218487394958,26.6936026936027,32.6909620991254,60.1376896149358,33.4254716981132,72.3021243115657,48.8942857142857,33.4254716981132,,,,,,,,,,,,,,,,,,
457.78313253012,456.453781512605,458.338129496403,,,,,,,,,,,,,,,,,,,,,,,,,,,,,,,,,,
1249.8636123348,1251.0244771495,1237.64825533322,1253.93056994819,1247.87389010423,1245.03075862069,1242.14426346877,1245.38709677419,1249.8636123348,1244.76648081338,1249.70188756668,1242.97726859429,1237.96751091703,1247.0003708511,1249.96353166987,1255.64338076757,1247.0003708511,1240.92324888227,1243.01622397703,1244.16145454545,1244.04979327701,,,,,,,,,,,,,,,,
15.1449275362319,16.3366214549938,17.6367816091954,51.1353550295858,69.2049217002237,38.671568627451,32.8073394495413,2.43333333333333,,,,,,,,,,,,,,,,,,,,,,,,,,,,,
1240.28276915246,1246.1,1241.64438765481,1232.82305902879,1202.97276853253,1219.25634178905,,,,,,,,,,,,,,,,,,,,,,,,,,,,,,,
1317.62275449102,,,,,,,,,,,,,,,,,,,,,,,,,,,,,,,,,,,,
825.132743362832,,,,,,,,,,,,,,,,,,,,,,,,,,,,,,,,,,,,
756.787096774194,754.078313253012,,,,,,,,,,,,,,,,,,,,,,,,,,,,,,,,,,,
915.472067039106,898.84,923.751445086705,909.378250591017,949.12188365651,909.378250591017,901.502232142857,888,888.5,884.626998223801,885.374301675978,891.364452423698,888.525846702317,888,908.239130434783,891.718637992832,911.119221411192,891.5,,,,,,,,,,,,,,,,,,,
843.151041666667,,,,,,,,,,,,,,,,,,,,,,,,,,,,,,,,,,,,
864.878048780488,,,,,,,,,,,,,,,,,,,,,,,,,,,,,,,,,,,,
828.71724137931,,,,,,,,,,,,,,,,,,,,,,,,,,,,,,,,,,,,
765.321428571429,,,,,,,,,,,,,,,,,,,,,,,,,,,,,,,,,,,,
1250.33836560551,1253.70553359684,1258.73696145125,1260.18818040435,1252.08262711864,1248.56549641374,1251.6660045403,1249.29197596324,1247.1962254395,1250.35778339848,1249.29197596324,1252.80646345942,1255.21280991736,1252.46213592233,1253.62387306167,,,,,,,,,,,,,,,,,,,,,,
1196.04078303426,1207.29921733895,1202.17265625,1208.90365641323,1200.61115879828,1201.56661316212,1200.68389830508,1200.95816242822,1197.26271186441,1201.74220724516,1200.95816242822,1200.26718146718,1203.70183150183,1201.61813842482,1202.04858934169,,,,,,,,,,,,,,,,,,,,,,
1316.62285714286,1307.914,1322.36434108527,,,,,,,,,,,,,,,,,,,,,,,,,,,,,,,,,,
762.674796747967,,,,,,,,,,,,,,,,,,,,,,,,,,,,,,,,,,,,
830.5,,,,,,,,,,,,,,,,,,,,,,,,,,,,,,,,,,,,
756.703703703704,757.954128440367,756.444444444444,,,,,,,,,,,,,,,,,,,,,,,,,,,,,,,,,,
1318.61481481481,1320.35862068966,,,,,,,,,,,,,,,,,,,,,,,,,,,,,,,,,,,
672.741197183099,663.403153153153,628.628050283461,664.891285211268,668.985563575791,668.747126436782,666.792988313856,,,,,,,,,,,,,,,,,,,,,,,,,,,,,,
642.008196721311,632.317647058824,626.5,,,,,,,,,,,,,,,,,,,,,,,,,,,,,,,,,,
759.82,,,,,,,,,,,,,,,,,,,,,,,,,,,,,,,,,,,,
1318.74050632911,,,,,,,,,,,,,,,,,,,,,,,,,,,,,,,,,,,,
756.703703703704,751.48031496063,748.878787878788,,,,,,,,,,,,,,,,,,,,,,,,,,,,,,,,,,
1314.62303664921,1317.10526315789,1317.4880952381,1319.11612903226,,,,,,,,,,,,,,,,,,,,,,,,,,,,,,,,,
632.102339181287,643.970149253731,635.10888252149,612.014619883041,,,,,,,,,,,,,,,,,,,,,,,,,,,,,,,,,
628.1,623.378205128205,627.979827089337,606.856812933025,,,,,,,,,,,,,,,,,,,,,,,,,,,,,,,,,
1267.64358974359,1272.24154589372,,,,,,,,,,,,,,,,,,,,,,,,,,,,,,,,,,,
657.208955223881,656.873684210526,,,,,,,,,,,,,,,,,,,,,,,,,,,,,,,,,,,
751.270491803279,,,,,,,,,,,,,,,,,,,,,,,,,,,,,,,,,,,,
