Var1_1,Var1_2,Var1_3,Var1_4,Var1_5,Var1_6,Var1_7,Var1_8,Var1_9,Var1_10,Var1_11,Var1_12,Var1_13,Var1_14,Var1_15,Var1_16,Var1_17,Var1_18,Var1_19,Var1_20,Var1_21,Var1_22,Var1_23,Var1_24,Var1_25,Var1_26,Var1_27,Var1_28,Var1_29,Var1_30,Var1_31,Var1_32,Var1_33,Var1_34,Var1_35,Var1_36,Var1_37
4039,5308,4216,4669,4433,4472,5137,4491,4484,4103,4084,4029,4315,3700,3798,3723,3616,3564,3483,3910,3841,3563,3606,4167,3616,4234,4214,3717,3893,4259,3646,3977,4259,3729,3428,3461,3725
643,2559,3053,2487,2370,2968,2727,3138,2661,3394,2806,2587,2897,2988,2716,2354,2740,2862,2921,2768,2830,3233,3118,2657,2740,2636,2782,3142,2277,3616,3026,3003,3616,3604,3694,4982,3499
2863,1875,1097,1772,1760,1782,1763,1953,1222,1583,1418,1519,1299,1381,1520,1231,2036,1488,1135,1239,1418,1449,1067,1038,2036,1369,1946,1940,1740,1466,1354,1187,1466,1195,901,532,1175
2744,1741,1258,1454,1814,1050,1345,1176,1837,1827,2024,1359,1287,1802,1500,1572,1728,1172,1697,1632,1551,1281,1854,1770,1728,1907,1508,1798,1475,990,1699,1744,990,1284,1272,594,1420
2239,2014,1900,2179,2597,2048,2065,2305,2278,2017,2436,2553,2235,2338,2455,2758,2682,2526,2709,2811,2561,2461,2315,2353,2181,3366,2783,2722,2575,2429,2597,104,2459,1224,2277,1621,1606
1626,1608,1608,1609,1621,1606,1503,1614,1605,1594,1619,1613,1598,1599,1611,1609,1603,1494,1482,1586,1582,1582,1556,1472,1603,1465,1574,1475,1575,1480,1604,1585,1480,1553,1577,1564,1557
2274,2630,2368,2348,2532,2466,2323,2357,2668,2153,2457,2658,2338,2527,2548,2522,2524,2529,2509,2658,2441,2224,2306,2347,2524,2338,2364,2333,2457,2099,2416,2724,2371,2985,2857,2533,2722
2531,2141,2615,2520,2455,2484,2676,3091,3420,2997,3160,3368,3091,3119,3299,3361,3086,2834,2927,2832,2772,2649,2891,3541,3086,3025,2684,2597,2112,2371,2506,2424,2099,3038,2624,3100,2724
1964,2099,2123,2166,2370,2004,2079,2514,2607,2181,2258,2187,2209,2160,2546,2227,2471,2632,2373,2937,2123,1964,2102,2516,2471,2904,2266,2573,2476,2320,2612,2505,2320,2283,2282,2785,2157
1945,2139,2421,2061,2039,2565,2017,2023,1889,1695,2043,1905,2002,2154,1775,1427,1842,2337,2188,2276,2500,2364,2578,2409,1842,2637,2052,2005,2287,1691,1912,2036,1691,2522,2129,2397,2218
2447,2918,2009,2449,2401,2539,2758,2590,2323,2404,2233,2743,2589,2064,2071,2646,2155,2299,2391,2588,2668,2664,2739,2738,2155,2527,2470,2572,2477,2546,2823,2541,2546,2638,2392,2609,2753
2630,1673,1698,1843,2287,1639,1959,2214,2104,2214,3043,2573,1669,2053,1664,1970,1994,2220,2408,3055,2433,2227,2298,2327,1994,2399,2244,1963,2090,2416,2147,2486,2416,2121,2359,1890,2323
2010,2505,2430,1952,1988,2119,1917,2174,2271,2044,2227,1904,2017,2035,2197,2079,2252,2496,2511,2934,2683,2897,2924,2678,2252,2638,2389,2556,2735,2347,2668,2930,2347,2476,2572,2537,2286
1932,2172,2402,2144,2166,2053,2137,1974,2245,2112,1980,2128,2068,2300,2211,2119,2048,2264,2545,2448,2329,2644,2623,2716,2048,2652,2247,2294,2257,2235,2392,2182,2235,2584,2573,2601,2286
2717,2880,2069,2710,2384,2509,2634,2605,2339,2331,2135,2022,2057,2189,2184,2245,2306,2226,2464,2432,2618,2357,2510,2277,2306,2455,2182,2272,2434,2334,2488,2241,2334,2587,2595,2561,2505
3404,4462,4928,4724,4368,4936,4463,4320,4170,4028,3739,3684,4559,4788,5140,5090,4554,4453,4330,4373,4635,4516,4831,4441,4554,5160,5214,5389,5657,5211,4998,4905,5211,5366,4904,5513,4973
2240,2281,1996,2247,2117,2219,1721,1926,1935,1796,1935,1859,2085,1906,1738,1741,1776,2079,2238,2045,2089,2189,2282,2478,1776,2293,2388,2248,2032,2379,2347,2410,2379,2184,2344,2277,2428
4463,4890,4024,4172,3978,4732,5392,4688,4144,3999,4008,4537,4746,4222,4251,4490,4286,4060,3418,3533,3307,3637,3507,3026,4286,3291,3525,3593,4143,3470,3195,2514,3470,4181,3967,3150,3059
2071,1898,1726,1952,1780,1865,1760,2012,1782,1686,1556,2042,1762,1630,1747,1616,1670,1736,1865,1811,1810,2016,1862,2033,1670,1807,1902,1802,1882,1797,1894,1867,1797,1883,1943,2035,1881
1914,1793,1953,1702,1721,2101,1975,1773,1855,2370,1812,2018,2031,2233,1752,1686,1967,1931,2287,2320,2319,2623,2687,2629,1967,2438,2306,2110,2246,1871,2266,2415,1871,2669,2509,2510,2452
1940,1822,1997,1760,1663,1683,1814,1846,2073,1903,2092,2098,1633,1707,1938,2018,2116,2110,2242,2101,2317,2144,2053,2048,2116,2143,1933,1709,1491,1778,1996,2035,1778,1703,1668,1771,1560
734,893,1086,963,1118,933,1175,892,892,948,1105,705,880,781,906,922,1037,1606,1700,1267,1311,1394,1437,1311,976,1117,1319,1348,1378,1329,1410,1331,1350,1452,1525,1693,1666
1618,1729,1626,1686,1628,1693,1718,1502,1692,1734,1774,1628,1712,1660,1632,1565,1537,1616,1829,1620,1846,1701,1701,1977,1537,1997,1813,1898,1616,1538,1669,1935,1538,1812,1606,1564,1623
103,170,322,239,431,167,322,442,433,432,460,441,448,572,489,495,488,481,394,541,543,512,482,485,488,418,532,511,412,404,186,188,404,406,416,415,415
1981,2100,1690,1603,1845,2004,1616,1801,1850,2405,2113,2483,1957,2138,2285,2378,2273,2362,2346,2269,2301,2326,2327,2432,2273,2674,2472,2286,2315,2272,2499,2262,2272,2395,2429,2442,2021
1940,1857,2228,1725,2308,2107,2028,2003,1994,2147,2089,1845,2035,2052,2052,2100,2037,2248,2239,2330,2397,2184,2643,2393,2037,2283,1943,2364,1789,2047,2093,2047,2047,2315,2549,2242,2557
2263,1660,1855,2137,1433,1570,2057,1983,1976,1675,1755,2000,1700,1793,1800,1910,1841,1996,1829,1888,2005,1829,1831,1744,1841,1988,1999,1602,1654,1547,1570,1497,1547,1550,1540,1570,1403
4296,4022,4037,3912,4458,3891,3812,4081,3830,4049,3968,4053,3843,3969,4662,4408,4428,4564,4704,4667,5024,5082,5358,4838,4428,5225,4523,4888,4187,4745,5288,4726,4745,5606,5836,5727,5784
1451,1643,1601,1756,1911,1675,1616,1711,1769,1808,1555,1743,1550,1640,1749,1965,2008,1921,1685,1883,1982,1916,2076,1893,2008,1941,1927,1610,1872,2050,1613,1938,2050,2146,2141,2128,2094
2508,2843,2610,3251,2984,3363,2672,2963,2254,2839,2398,2829,2413,2599,3149,2750,2190,2800,2670,2652,2725,3391,2747,2498,2190,2428,2510,2053,2426,2559,2875,2409,2559,2516,2380,2491,2471
3617,3785,3061,2415,3273,3737,2953,2913,3838,3457,3003,3028,3249,3380,2911,2806,3010,2896,2918,3154,2300,2457,2901,2940,3010,2944,2738,3501,3214,2973,3015,3394,2973,3343,2336,2246,1927
1507,1532,1534,1642,1675,1700,1594,1535,1688,1805,1555,1598,1631,1579,2079,1637,1873,1767,1979,2341,2068,2124,2147,2107,1873,1948,1539,2057,1766,1897,2085,1993,1897,2152,2295,2144,2159
1891,1926,1989,2351,1964,1980,1947,1760,1911,1846,1810,1696,1644,1478,1504,1702,1828,1725,1581,1923,1987,2030,1547,1318,1828,1322,1474,1400,1473,1465,1578,2595,1465,1565,2528,2059,1710
1870,1800,1792,2168,1962,1794,1795,1662,1852,1729,1811,1647,1673,1426,1284,1824,1724,1651,1329,1860,1841,1719,1740,1270,1724,1285,1509,1296,1387,1484,1621,2286,1484,1460,2767,1836,1469
1985,1977,1952,2195,2095,1983,2152,2188,2318,2339,2136,2211,2321,2262,2271,1965,2216,2199,2164,2043,2027,2335,2124,2107,2216,1899,2079,1872,1725,1834,1959,1836,1834,2136,2226,2266,2180
1544,1531,1728,1649,1431,1492,1481,1512,1859,1901,1578,1695,1748,1590,2114,1581,2018,1729,2263,1670,1691,1740,1853,1745,2018,2124,1913,1863,1866,1931,2237,2298,1931,2193,2324,1649,1787
1479,1582,1271,1344,1542,1507,1531,1662,1282,1307,1602,1235,1280,1713,1482,1739,1394,1846,1476,1847,1880,1930,1969,1946,1394,1830,1853,1771,1774,1714,1548,1502,1714,1500,1542,1793,1901
2001,1978,1632,1873,2236,1942,1775,1838,2118,1915,1926,2040,1675,1264,1417,2012,1837,1951,1076,2163,1943,1920,2071,937,1837,1072,1393,1092,1101,1122,1937,2436,1122,1068,3161,2097,1725
1471,1449,1568,1572,1437,1436,1461,1507,1692,1574,1555,1808,1679,1566,1677,1677,1727,1895,1778,1871,1957,1993,1861,1848,1727,1588,1522,1339,1379,1373,1578,1588,1373,1899,1765,2015,1216
1849,1899,1939,1874,1898,2084,2024,1915,1765,1549,1897,2065,1872,1847,1825,1888,1906,1930,1869,2011,1978,1865,1820,1849,1906,2123,1773,1734,1699,1957,1897,1780,1957,1913,1642,1951,1741
1732,1757,1743,1764,1752,3143,3143,2977,2940,3086,3223,3124,3239,3061,2806,2522,3605,3193,2064,3088,2804,3107,2915,3436,3605,3391,2970,3346,2805,2927,2977,1638,2927,3063,2841,3353,2857
1635,1728,1701,1610,1612,1711,1591,1613,1574,1556,1603,1748,1657,1594,1608,1584,1562,1561,1574,1646,1787,1927,1804,1759,1562,1849,1709,1704,1680,1825,1660,1661,1825,1628,1565,1667,1568
3601,3647,3179,3971,3326,2333,2646,3490,3191,4474,3661,4080,3955,5440,5401,4134,3761,3123,5849,3752,3933,3928,3712,5065,3761,5764,4814,4453,4763,5449,3942,701,5449,5035,623,3552,4307
3596,3969,3227,3622,3478,2032,2473,2174,2130,2219,2305,2124,2263,1939,3032,3517,2330,2315,3190,2538,2646,2498,2209,2274,2330,2122,2044,2246,2258,2668,2176,3971,2668,2997,2640,2208,2736
1834,2141,1777,2211,2141,2186,2819,1659,2608,3101,2643,2439,2907,3152,2515,2205,2300,2173,2177,2178,2271,2822,2786,2581,2300,2839,2533,2465,2613,2320,2276,2547,2320,1551,1895,1430,2058
2414,2434,2368,2349,2596,2663,2477,2636,2440,2526,2581,2838,2626,2212,2574,2434,2230,3102,2686,4473,2504,3248,2777,3421,2230,2621,2557,2332,2391,2420,2629,2648,2420,2922,2912,2826,3009
1516,1530,1553,1434,1517,1562,1500,1577,1371,1269,1404,1507,1336,1196,1381,1413,1491,1495,1516,1438,1356,1470,1559,1514,1491,1502,1367,1457,1229,1762,1790,1663,1762,1778,1755,1593,1726
1623,1705,1747,1759,1623,2054,1650,1683,1468,1565,1551,1509,1629,1450,1572,1667,1550,1575,1531,1716,1656,1372,1429,1495,1543,1666,1595,1558,1602,1662,1527,1582,1662,1540,1621,1604,1296
1311,1523,1357,1371,1533,1435,1475,1422,1463,1470,1391,1458,1629,1565,1494,1473,1543,1618,1651,1514,1534,1648,1627,1550,1550,1422,1580,1268,1239,1375,1290,1570,1375,1538,1608,1567,1317
3074,2667,2968,2783,3175,2873,2544,2427,2286,2688,2504,2285,2755,2558,2530,2461,2288,2347,2403,2517,2536,2614,2645,2888,2288,2762,2867,2639,2629,2767,3005,3058,2767,2506,2582,2888,2865
3194,3224,3228,3262,3266,3345,3371,3335,3365,3360,3294,3284,3318,3335,3360,3331,3337,3345,3328,3320,3340,3339,3324,3329,3337,3361,3301,3297,3281,3310,3303,3315,3310,3430,3359,3370,3349
1640,1727,1648,1778,1891,1834,1870,1772,1905,2030,1875,2035,2150,2101,1934,1968,1962,2077,2033,1573,1576,1972,2008,1837,1962,1793,1498,1779,1712,1857,1823,1496,1857,1523,1562,1522,1899
2690,2775,2725,2936,2910,3224,3140,2800,2665,3410,2979,2664,3090,2995,2670,3121,3107,2884,2702,3135,2713,3082,3366,3150,3107,3212,3080,2384,2584,2507,2435,2457,2507,2611,2601,2977,2755
2567,2456,2705,2477,2264,2663,2280,2825,2782,2364,2745,2913,2172,2817,2636,2489,2698,2341,2643,2216,2741,2649,2772,2982,2698,2807,2652,2448,2742,2494,2700,2534,2494,2675,2867,2403,2180
317,588,363,363,311,581,587,364,371,365,362,356,359,592,587,582,579,582,589,584,272,365,583,594,579,592,578,582,583,588,575,586,588,601,576,588,593
1860,1700,1663,1782,1615,2191,1825,1999,1622,1638,1795,1753,1870,1974,1706,1761,1700,1837,1846,1634,1656,1630,1714,1593,1700,2069,1797,1716,1686,1657,1674,1743,1657,2836,3586,608,303
1146,1141,1136,1130,1128,1118,1120,1129,1124,1121,1134,1121,1117,1122,1117,1112,1104,1103,1107,1104,1100,1107,1103,1093,1104,1100,1099,1108,1093,1098,1113,1099,1098,1095,1097,1093,1089
1989,1949,1814,1672,1936,1812,1502,2559,2020,1942,2227,2011,2186,1752,2051,2091,1783,2257,2074,2298,2254,2427,2606,2068,1783,2138,1967,1872,1937,2135,1867,1631,2135,2359,2182,2078,2578
2033,1701,1792,1756,1708,2046,1693,1719,1656,1574,1551,1522,1574,1596,1610,1646,1624,1515,1767,1709,1884,1709,1635,1616,1624,1815,1710,1647,1615,1615,1570,1597,1615,1656,1988,1654,1792
2628,2565,2727,2426,1567,2703,2002,3413,2430,2594,2658,2338,2457,2123,2238,3208,2988,3061,3248,3084,3181,3251,3476,3013,2988,1195,2673,2822,2920,2475,2163,2001,2475,2721,2172,2598,1580
1990,1621,1865,2023,1875,2046,1855,1798,1837,1936,2173,1979,1885,1995,1973,2005,2094,1916,2005,1842,1830,1986,2291,1598,2094,1672,2002,1821,1839,1805,1883,988,1805,2300,2462,1660,2082
1725,1958,1698,1724,2342,1982,1536,1824,1794,1798,1913,2034,1967,1851,2014,1892,2055,1804,1903,1943,1944,1918,1976,1979,2055,1754,1942,1434,1442,1650,1655,1743,1650,1837,1701,2009,1628
3092,3602,2596,2507,2950,3061,2753,2861,2704,2961,2809,2532,2633,2692,2697,2684,2658,2674,2508,2748,2418,2399,2765,2713,2658,2761,2683,2288,2808,2687,2703,3288,2687,2166,1920,3134,3235
1935,1913,1892,1906,1202,2361,2037,2818,2003,2077,2104,2175,1953,2202,2449,2748,2525,2286,2404,2276,2357,2346,2633,3733,2525,1183,2815,2639,2861,2669,2696,2466,2669,1944,2796,2810,1886
2389,2538,2687,2535,2330,2539,2307,2060,2611,2276,2939,2737,2160,1942,2589,2612,2530,2681,2377,2621,2720,2381,2213,2829,2530,2428,2521,2246,2053,2576,2335,2495,2576,2804,3087,1801,3019
2364,1948,2183,2169,1265,3003,2100,1997,2379,2742,2479,2754,1939,1828,2156,3214,2734,2407,2695,2619,2419,2377,2731,3071,2734,1547,2552,2907,2132,2896,2699,2501,2896,2713,2697,2727,3445
2229,2266,1801,2877,2770,2227,2340,2585,2781,2354,2559,2421,2289,2390,2167,2239,2212,2025,2366,2312,2241,2392,2431,2020,2212,2258,2206,2430,2507,2326,2148,1999,2326,1901,2194,2040,2057
2637,3069,2435,3280,2775,3124,2968,3561,3375,3035,2796,2858,3367,2810,3634,2910,3578,2947,3183,3560,3231,2764,3493,3588,3578,3033,2971,3010,2844,2986,2936,2791,2986,3049,3425,3102,2812
4525,3859,3821,3679,6809,2060,3947,1988,3762,3773,3552,3792,3735,3684,3746,2040,2074,2128,1944,2026,2033,2460,2132,1164,2074,6040,2241,1975,2576,1839,1958,2225,1839,1915,1881,2005,1834
2100,2145,2084,2017,1999,1915,2054,2145,2085,2046,2060,2101,2006,2056,2147,2074,1967,2222,2201,2083,2232,2042,2076,2186,1967,1950,1872,1898,2000,1967,2061,2022,1967,2314,2320,2673,2500
1990,2418,2610,2516,2550,2800,1998,2806,2313,2431,2109,1738,2209,2498,2080,2478,2207,2354,2602,2157,1972,2105,2246,1907,2207,2202,1865,2270,2213,2032,2303,1761,2032,2260,2184,2041,2299
2000,1954,2381,2303,2098,2079,2065,2335,2447,2232,2319,2459,2280,2212,2624,2206,2185,2575,2374,2261,2212,2350,2258,1093,2185,2189,2263,2125,2009,2176,2187,2328,2176,2211,2388,2412,2442
3424,3011,3601,4099,3789,4439,3796,3190,3065,3019,2934,2885,3246,3325,3683,3601,3565,3326,3344,3257,3412,3260,3219,3287,3565,3565,3348,3020,3110,3068,3233,3490,3068,3229,2921,2890,2823
6436,6779,7597,7597,7448,7331,7166,6996,7536,7769,7810,7781,7711,8090,8097,7566,7446,7084,7219,7832,7987,8349,7954,7959,7446,7934,7824,7714,6807,6801,6814,7241,6801,7548,7975,7972,8267
1857,1582,1598,1746,1727,1567,1626,1636,1572,1718,1608,1553,1467,1803,1554,1523,1507,1828,1953,2053,1877,1801,1765,1651,1507,1642,1500,1451,1437,1390,1320,1293,1390,1029,1474,1602,2831
1475,1482,1470,1469,1461,1474,1485,1485,1502,1501,1503,1529,1599,1723,1772,1798,1857,1993,1820,1798,1815,1768,1752,1749,1857,1741,1708,1720,1710,1702,1708,1697,1702,1695,1676,1680,1685
1043,1041,1067,1128,1116,1107,1074,1061,1131,1265,1289,1196,1198,1276,1256,1225,1305,1386,1456,1734,1417,1750,1835,1808,1305,1850,1549,1469,1496,1536,1663,1217,1536,1310,1365,1515,3460
3828,4069,4551,4000,4467,3864,4180,4013,4005,4152,3718,4213,5285,4583,4912,7261,7252,6007,7014,7586,7263,7765,7872,11827,7252,11763,9853,8162,7752,7212,8701,11852,7212,11125,11034,11487,7337
2617,1665,2712,2267,2431,2549,1990,2400,2307,1456,2106,2102,1607,1029,844,706,914,609,2255,2444,2229,2564,2167,2394,1758,1908,2787,2344,2309,2588,1864,2477,2565,1918,2114,2441,2104
2641,2602,2438,2351,2690,2728,2376,2133,2359,2380,2516,2321,1967,2505,1460,2212,1934,858,2157,2786,2472,1901,1313,2435,4709,2402,2340,1813,2137,2660,1575,1335,2660,2087,2413,2310,1815
2052,2079,2403,2066,2508,2208,2234,2322,2196,1300,1898,2188,2267,814,764,939,846,924,3041,1985,1839,2460,2216,3252,1592,2327,2394,2822,2299,2565,1539,2602,2588,1869,3070,2257,2777
2259,2425,2769,2716,2813,2227,2945,2171,2346,1609,1518,2197,2398,832,756,663,1013,875,2191,2404,2358,2291,2071,1853,1437,2198,2190,2309,2306,2236,2243,2382,2236,2480,2178,2421,2341
2967,2985,2861,2188,2585,3456,2447,2374,2296,2774,2902,2725,2637,2324,2580,2789,2452,2606,2733,2828,2555,2414,2751,2535,2452,2862,2779,2674,2730,2659,2543,2678,2659,2879,3282,2910,2605
2787,2535,2195,1816,2470,2412,1705,2128,2223,2042,1862,1965,2143,789,2091,1432,148,681,533,550,159,190,229,425,148,664,803,4905,2067,4524,235,242,4524,273,211,391,312
1917,2135,2059,1913,1724,1592,1992,1583,1681,1737,1943,1398,1201,2172,1380,277,1751,2084,1209,312,463,505,1899,371,1751,1678,1582,1477,1981,373,1205,1167,373,289,1383,1541,1422
134,185,191,124,160,171,152,149,149,204,194,193,184,193,188,194,191,205,198,188,195,165,181,114,181,210,170,160,140,134,196,231,170,190,164,182,
135,174,115,118,178,200,210,222,222,182,188,147,146,147,191,200,182,144,135,191,114,139,188,192,184,203,184,195,188,189,103,207,184,,,,
4411,4076,4129,4748,4561,4642,4389,3960,3685,2785,3511,3054,3546,4345,4120,4193,4619,4160,4352,2615,4795,4149,3508,3608,4619,3369,4125,2545,2477,4057,,,,,,,
810,785,855,868,866,883,841,950,933,997,989,991,911,898,848,849,832,841,837,830,834,843,654,301,,,,,,,,,,,,,
208,284,258,290,453,545,545,441,441,439,243,222,206,222,358,213,496,226,,,,,,,,,,,,,,,,,,,
2400,4028,3233,3083,3583,3783,3716,4137,3881,3695,3782,3592,3700,3649,3583,3372,,,,,,,,,,,,,,,,,,,,,
2667,2944,3164,3039,3015,2779,2919,2988,3040,3478,2952,3224,2996,3105,3347,3226,,,,,,,,,,,,,,,,,,,,,
2842,2697,2862,2683,3211,3007,3036,2424,2914,2173,3193,2157,3012,3249,2917,3286,,,,,,,,,,,,,,,,,,,,,
2919,3564,2341,3281,2987,2800,3103,2797,3059,3203,3138,2771,1995,2630,2287,157,,,,,,,,,,,,,,,,,,,,,
278,2790,2342,2497,1951,2087,1938,2465,2232,2079,1960,2047,2251,2142,,,,,,,,,,,,,,,,,,,,,,,
174,179,169,176,162,157,145,,,,,,,,,,,,,,,,,,,,,,,,,,,,,,
4155,3788,3460,4077,5393,,,,,,,,,,,,,,,,,,,,,,,,,,,,,,,,
245,156,269,254,105,,,,,,,,,,,,,,,,,,,,,,,,,,,,,,,,
482,247,180,281,280,,,,,,,,,,,,,,,,,,,,,,,,,,,,,,,,
139,172,157,,,,,,,,,,,,,,,,,,,,,,,,,,,,,,,,,,
2648,2548,2191,,,,,,,,,,,,,,,,,,,,,,,,,,,,,,,,,,
140,,,,,,,,,,,,,,,,,,,,,,,,,,,,,,,,,,,,
2190,2220,2249,2007,1901,2208,2387,2277,2090,1893,1907,1836,1814,1788,1761,1745,1765,1781,1769,1778,1786,1788,1759,1839,1835,1820,1832,1875,1806,1832,1776,1829,1814,1816,,,
390,377,383,389,374,382,386,371,372,383,382,396,394,393,394,394,386,388,389,392,397,393,399,387,393,387,396,380,385,396,401,388,396,389,,,
251,322,291,314,126,,,,,,,,,,,,,,,,,,,,,,,,,,,,,,,,
2245,2445,1803,2064,2424,2708,3482,1609,2560,2333,2489,2160,2219,2324,2837,2751,2628,3628,2235,2160,2674,2597,2582,2247,2548,2414,2698,2548,2059,2544,2056,2213,,,,,
2876,2689,2981,2172,2667,2551,709,3300,2185,1934,2130,2693,2099,2414,3056,2336,1771,3164,2484,2693,2529,2479,2918,2568,3172,2954,1954,3172,2723,2384,2529,2500,,,,,
137,,,,,,,,,,,,,,,,,,,,,,,,,,,,,,,,,,,,
122,122,118,322,303,357,303,192,278,,,,,,,,,,,,,,,,,,,,,,,,,,,,
134,,,,,,,,,,,,,,,,,,,,,,,,,,,,,,,,,,,,
978,732,1374,4939,4914,4891,4787,4866,,,,,,,,,,,,,,,,,,,,,,,,,,,,,
142,181,302,120,166,,,,,,,,,,,,,,,,,,,,,,,,,,,,,,,,
203,283,396,719,425,327,383,356,696,236,258,161,425,552,459,619,609,776,1073,807,776,848,329,618,523,,,,,,,,,,,,
127,,,,,,,,,,,,,,,,,,,,,,,,,,,,,,,,,,,,
175,,,,,,,,,,,,,,,,,,,,,,,,,,,,,,,,,,,,
567,179,280,213,525,274,263,275,289,339,125,177,611,743,1167,767,815,962,727,703,703,240,610,,,,,,,,,,,,,,
782,726,652,350,1165,1045,1250,631,941,1032,939,514,572,828,1094,727,723,990,767,544,468,503,932,,,,,,,,,,,,,,
117,160,127,145,121,117,454,347,342,427,352,451,370,461,455,288,394,438,317,358,307,244,224,,,,,,,,,,,,,,
217,1665,3361,1979,2664,1714,632,3940,1041,740,3501,595,594,1029,3428,1060,3813,1400,1060,,,,,,,,,,,,,,,,,,
166,119,139,,,,,,,,,,,,,,,,,,,,,,,,,,,,,,,,,,
5675,6455,6047,2895,7771,7250,5587,6665,5675,6098,4874,5499,5725,5393,5210,4638,5393,5368,6965,5500,5563,,,,,,,,,,,,,,,,
138,811,435,1352,4470,204,218,120,,,,,,,,,,,,,,,,,,,,,,,,,,,,,
3929,740,5087,6878,1322,2247,,,,,,,,,,,,,,,,,,,,,,,,,,,,,,,
167,,,,,,,,,,,,,,,,,,,,,,,,,,,,,,,,,,,,
113,,,,,,,,,,,,,,,,,,,,,,,,,,,,,,,,,,,,
155,166,,,,,,,,,,,,,,,,,,,,,,,,,,,,,,,,,,,
358,500,346,423,722,423,448,550,532,563,537,557,561,550,414,558,411,538,,,,,,,,,,,,,,,,,,,
192,,,,,,,,,,,,,,,,,,,,,,,,,,,,,,,,,,,,
123,,,,,,,,,,,,,,,,,,,,,,,,,,,,,,,,,,,,
145,,,,,,,,,,,,,,,,,,,,,,,,,,,,,,,,,,,,
168,,,,,,,,,,,,,,,,,,,,,,,,,,,,,,,,,,,,
3047,506,2646,643,3304,2649,3524,2829,3868,4349,2829,2723,484,2575,2773,,,,,,,,,,,,,,,,,,,,,,
1226,1661,1280,1723,1165,1246,1180,1219,1062,1187,1219,1295,1365,1257,1276,,,,,,,,,,,,,,,,,,,,,,
175,500,129,,,,,,,,,,,,,,,,,,,,,,,,,,,,,,,,,,
123,,,,,,,,,,,,,,,,,,,,,,,,,,,,,,,,,,,,
118,,,,,,,,,,,,,,,,,,,,,,,,,,,,,,,,,,,,
108,109,108,,,,,,,,,,,,,,,,,,,,,,,,,,,,,,,,,,
135,145,,,,,,,,,,,,,,,,,,,,,,,,,,,,,,,,,,,
568,1776,4057,2272,1801,2088,1797,,,,,,,,,,,,,,,,,,,,,,,,,,,,,,
1586,340,110,,,,,,,,,,,,,,,,,,,,,,,,,,,,,,,,,,
100,,,,,,,,,,,,,,,,,,,,,,,,,,,,,,,,,,,,
158,,,,,,,,,,,,,,,,,,,,,,,,,,,,,,,,,,,,
108,127,132,,,,,,,,,,,,,,,,,,,,,,,,,,,,,,,,,,
191,171,168,155,,,,,,,,,,,,,,,,,,,,,,,,,,,,,,,,,
342,134,349,342,,,,,,,,,,,,,,,,,,,,,,,,,,,,,,,,,
290,312,347,433,,,,,,,,,,,,,,,,,,,,,,,,,,,,,,,,,
390,414,,,,,,,,,,,,,,,,,,,,,,,,,,,,,,,,,,,
201,190,,,,,,,,,,,,,,,,,,,,,,,,,,,,,,,,,,,
122,,,,,,,,,,,,,,,,,,,,,,,,,,,,,,,,,,,,
