Var1_1,Var1_2,Var1_3,Var1_4,Var1_5,Var1_6,Var1_7,Var1_8,Var1_9,Var1_10,Var1_11,Var1_12,Var1_13,Var1_14,Var1_15,Var1_16,Var1_17,Var1_18,Var1_19,Var1_20,Var1_21,Var1_22,Var1_23,Var1_24,Var1_25,Var1_26,Var1_27,Var1_28,Var1_29,Var1_30,Var1_31,Var1_32,Var1_33,Var1_34,Var1_35,Var1_36
6.39317658064615,3.43495002145777,4.08913678679342,2.38219542124994,0.508256203292614,2.62663945628723,2.5798262141908,2.95304902435691,3.97205461329219,3.50911387791098,0.814244904537741,3.45979517358463,1.58067644017798,2.03509965231605,1.43461712108707,0.614428951033844,0.64238617808306,1.48834010989778,2.53053479300011,0.195813367198299,1.85525102869018,0.942287314901664,4.70089891945575,8.61954745862832,6.54398381694203,7.79984546605734,1.90339438898602,1.40175852621987,2.38953143732732,1.73597498588058,4.66619694784913,5.37419695647053,7.66943000013034,1.56125318580482,1.46950888071833,3.64748218816881
24.8288489802675,3.46357600328759,3.36357575895567,2.58038262853173,6.4686758574516,1.55859639981645,0.501019593547802,2.27172959176781,10.7441335576617,5.81243254271533,5.82358747493167,1.83602026125426,5.13636924640879,3.21228928983561,2.16518642053733,4.84711813284966,3.07331560797852,2.68291171621846,1.93368866010588,2.5693330039361,0.255387204854777,1.99471093370964,5.06022676375004,2.79857497827568,2.30340706063728,5.25795707317083,1.92144100836442,4.98127768101234,10.8493331155277,9.00354694319187,1.6009774236485,9.88239056986384,2.75759558564586,5.87354197224667,10.9250670674939,12.3298370761186
38.5217893489365,10.6913702484868,9.72128839039758,16.5941065415541,14.819896261339,9.36362788760123,0.97544164944712,17.3968493922663,5.82615779379818,8.00065165941872,19.9644437528441,1.86414012048834,15.9710436321858,15.1249558996845,4.46755046332801,7.81542488504037,8.12741873346738,24.2072225075711,6.04773848176156,4.22800390103779,2.15212567408111,10.7940507930191,6.932264761422,9.48178903680999,5.52078476741828,10.2654553742829,16.5811278057396,12.617287993042,2.79987881166416,13.4305560291863,12.8105233274361,25.9791417358127,29.117191612333,5.95948276250074,22.791140375758,11.4681458319014
21.0299005449714,8.18275938511747,7.66153579669321,28.4179009307525,19.8175163258951,8.01770909992114,11.2645434153037,25.3602333729581,6.0900323108302,8.90665975885243,9.72779112136936,1.92901436342133,3.06720473556993,4.45179554417131,4.42106251813993,12.2360893423694,1.54997301737092,17.4200882860651,1.81370159197328,7.9381871222098,2.24465151520583,4.75495921103923,4.79347678348377,15.6660136132656,14.8465301647085,29.1308795567608,8.12635893981521,8.5511243893276,6.48281092799363,12.8124616472043,13.0151753060082,24.878114067094,21.2986470342614,6.34174809830482,23.5621409221617,14.949379115977
1.09897227125021,7.82855017702301,8.67737779476889,4.24364669039695,3.74994843861738,3.60427719641652,4.48515649383054,1.27795137259601,2.31660040648419,5.90509629001761,1.86185361400626,3.86952832157111,1.1448906199659,2.81247750974772,5.22744867800311,6.50179870693045,16.509818554557,17.0096780386513,7.45536021420152,5.39836411870279,1.77157901146472,2.12280095038486,13.0930235802007,3.45681574049914,9.59162382706267,13.3892809323834,9.54231808682441,4.43580260428252,8.4385622746518,2.63182806956092,24.8928914531644,23.3608284265401,14.8747798279074,8.92831407190252,14.3686100811519,3.97685937522198
1.45444147019483,0.359517824505188,0.572447518342547,0.175703998670075,0.137022939735458,1.62910694027528,1.49454635449341,0.285331847582118,0.468394555113023,0.324442297094589,0.237685788716319,0.0215768835998987,0.734989660726113,0.766418365114059,0.131979678159175,0.0542509379574752,2.00349247554165,0.19403966759195,1.73176499946884,0.206374115556642,0.312911031530478,0.171631257466138,1.70285480757947,2.42718736283975,2.64234058263807,1.65404428850598,1.5314392976731,1.61221294443518,1.83802689369629,3.10035915982287,0.248797017052697,2.90907682343701,1.97115213785404,0.453419053361848,0.169902811118885,0.24366943732462
15.1971781848824,9.04567088318644,4.90245615116652,5.29613374624262,5.55024101825767,6.72449755305052,5.01500556975881,10.3808129727807,11.7654494704,11.0751363074479,8.61283173844898,5.18939135515517,3.61451151381874,4.26249188915201,7.65273615187831,15.0439253471722,8.24634150914677,5.8920088637196,11.6241964338967,2.27061742359953,2.53898630529615,7.41307531621927,15.8744670915047,15.6816442807007,6.34138942216704,13.3624868334609,2.40264687415639,9.86558362030067,4.61296452055916,5.26631318727136,13.3239101241702,26.9832340554269,15.5927349261065,19.9089369945563,7.93934365132861,3.63340079888765
5.79099248971145,10.3909819743964,8.64755615798416,2.04244212851269,3.13646060075026,10.8347434484832,9.47000149494039,6.11726406089644,3.92662614619167,6.8526916607177,4.57865238138793,3.91665223412011,2.2940897541981,7.24061760183232,5.50491323535121,8.66374940314262,6.86486850591186,6.96266463452702,9.37460023707702,3.61549521993769,2.9874608418323,2.19970452789013,4.59204866705924,5.65102820197934,3.69675476744655,8.10267741989018,10.0793545707979,4.55415933697749,17.6627992163221,4.8874699578091,31.0422753400045,24.1778150519125,8.42604636058098,22.4044668576041,19.6708354777549,13.6663109076195
10.4617731876275,2.49973165021551,5.58967009154403,6.7266151572865,4.69871448751328,3.68707428519228,6.33770044223531,4.51419920849909,8.6821751112731,7.15963238651337,2.12581463579405,8.09579611155186,10.8084052426686,11.527968599041,8.23862021064054,6.49992994197204,3.60263342738875,8.09273779742153,14.7741039847287,17.6477174452397,4.13654269600732,4.01176838361074,9.78440200995352,12.3882156758904,5.51016144703574,3.63512485499863,8.20227744503613,0.756922375322717,4.75262996934323,4.45531452851787,5.55570558176641,6.86683301648892,10.6744957220875,4.45328973692462,9.63271780134134,8.95890869119483
16.8341423367473,1.79528432150246,3.60452458598514,5.77440830711846,10.2909101918229,10.2352647658753,2.07928148088976,4.80059962366391,2.32299080389173,6.27238274355133,7.13104263598553,3.18640902448618,3.7412732108418,4.17565131699704,1.27325217799985,2.22230354560839,8.49394216737359,5.53151731259285,5.11104008635841,2.83772229617922,3.74737907910775,5.16394098776633,2.42414231730737,7.87594998658538,10.6373531476585,9.53047975874829,1.77441617688902,2.60249924361782,4.65678045872133,4.62300116875389,1.73888514949184,4.99286404248642,9.90059323012175,2.53910925302448,0.603744260052387,1.54106909650175
9.01888847199627,4.54329303908137,11.4016411377194,22.3879524932915,12.8975839449558,1.82037230832506,4.98087493184878,0.350326229463327,9.63765424578535,4.41809268698565,4.16010494558565,10.6575145810019,4.55647509042271,3.2750409333265,4.38503428623951,2.82301026510367,3.85860332359288,0.70364253248381,2.75989379234948,6.65692636998727,6.00204953553324,0.316576832876697,7.64691977375295,1.8114933077911,2.78707670339467,2.59113618404503,4.9300909324381,7.72468855826428,10.3372934880818,5.19259068799839,1.35183468505484,3.86594553520143,3.55132634636528,2.9715521304796,0.474403276725313,4.18834607619216
10.6974978505214,4.32099628765754,6.69541759608459,1.70143992166287,2.10174310076863,4.64494190062418,0.811409946394131,4.26981196483992,4.45254093532947,5.65188472427103,3.27362657216535,10.514424635366,2.5397028082263,2.41735133884081,1.97272025370888,2.52444476724727,3.29564264807347,3.00089193169666,4.52481823157023,5.28106246275341,0.821524758556216,2.56673020258848,1.38909720455107,1.43531019759218,6.98699254378683,3.4321611921287,3.975203281396,1.46969979205729,4.06122987765504,0.906022882854856,0.889043159210343,0.812520304631066,1.16215908593265,1.99206913793763,4.07619263104909,4.55095047825861
7.68495590825406,3.09374071605581,8.63696740362992,3.93823331190359,2.27454331493541,7.06285925992445,0.742708449103781,1.57825735945045,2.29128543547717,2.04632960848251,7.3498269853463,6.41339035676992,4.25992045772307,7.54340185142769,6.13732348280466,6.15113058865142,1.18033457751887,8.03910024627077,6.35167384447789,8.88617646969842,4.03152774676581,5.41818006555687,5.29963106208402,14.1250487587878,2.65345603687247,3.22554193339442,1.78699692541313,6.98433509308968,8.56685358249018,13.0783754497807,4.93239738135542,8.87125946163131,4.64441492098878,4.83282222074169,3.20493654629901,3.56359439817678
7.19663986029948,5.66835021133916,17.0937096675217,5.33670145349157,19.1228579885691,13.3111451587669,1.67253238387727,3.39959313007541,1.88956305581005,9.45557072318549,6.17513056853519,7.41400556827439,8.70357238496656,10.4402121209641,10.1133036094098,5.28295044191058,9.60392430144704,7.43125588116194,11.7388387586683,14.3028845375454,17.7469268527383,9.95173667514875,34.2953081723558,20.1810709164778,9.93946943956564,3.59047679545381,8.64178574991002,5.34005072009848,6.28547458411519,3.92362249996848,7.7315989783426,11.5950909387713,5.11891471439812,3.11272306571231,20.3543404530469,4.97390615283669
12.2685790213966,10.0524997596552,8.89366400912511,9.29916777919259,10.4506376627059,8.18574951831122,7.4312540593473,6.00115247561013,13.4938007163217,7.37954157169664,4.64319869328694,3.94115349252027,4.19435871877185,5.15097355554972,8.54249717216172,3.7876964025455,4.89071106168889,3.17459914373916,1.05618369943468,4.47575032279956,3.8023978052926,3.56993482127871,9.7917120428807,5.09635783984078,2.8342993299729,5.94702534560221,5.46123238198276,7.4625522685356,14.2404589877476,8.75506398089068,2.00556461548167,10.6879696424255,7.79860753046397,2.01849921656621,1.65427281080262,1.77584832721601
7.88778208646112,3.63095629790328,7.76233768440342,3.5219600849665,0.695893830740282,1.64466101535016,5.80326186208124,1.58334282832617,0.806222821200966,3.80662334175331,4.74406097627126,4.93950626085224,5.61402983772556,6.61133331874566,2.54242550477321,6.21957485797165,3.19135315973529,1.6755759911354,6.99741710552606,2.12668457151948,5.17907795631478,5.19377669345146,2.83277058531565,9.13870317322446,10.3744865240057,2.14442599404341,3.12366727573791,6.72039573507535,7.8378761957578,9.72376840149991,6.23192027179882,5.91725619900597,3.34322143977635,1.34830481315671,4.46266405537452,2.52655554936439
5.4895200490185,3.75111412849215,6.03905888232592,5.14477629478971,6.8526387748032,4.47884570511345,1.02275432733529,4.79030036835051,8.70275584690852,0.822464622191658,8.29362713441479,3.43925136840047,5.94146553142109,2.72984521967199,5.77230885283952,1.05168726086889,1.90615179874847,5.11543278980841,8.37991657924073,2.26559034391933,3.36444160540783,2.82083308911137,6.21458282766744,1.30138977074092,3.5574658509829,3.2637387811526,2.61947372369202,1.33787734147917,1.39740659458067,3.50294351981828,2.03008149631602,1.54565831840666,5.94212339546497,4.12648268671722,1.02078898127566,2.8084730811243
5.58118128600453,5.61872541174227,14.0876342309184,3.55806776209705,5.37367511956194,9.99459766105911,6.37049026921635,4.57121004395425,2.53527127494956,0.549706804101536,3.41054032064499,8.50165622433722,4.08625872635864,7.11698753993812,0.556875571109104,3.18597626522457,3.13990965692472,2.70782973873959,4.24306847167312,7.57419704765237,21.0341111829472,2.95833296011978,17.3227527801327,18.0989139552902,5.56080674652606,23.8865849395998,14.4990590212775,18.3333805651297,14.3705138987864,10.9039990178451,8.32618711239081,10.1869431368233,28.4903461507292,8.34588336810945,4.10524145661561,6.64456982132176
17.2275428282749,5.41906848096969,5.05767000935487,3.90064240878628,2.34665456721034,5.35185463527681,5.62426933700645,8.4799689442168,2.97666414950831,2.92192163248605,8.17338589012563,10.7644999267821,5.7231009806288,6.50290092025176,3.94536472756724,1.1740405762229,2.76801893033803,3.58142548470497,1.62838843438584,8.07830125984799,7.2408142399158,1.14442712604847,2.00930325185629,5.86130938529776,9.60642801877221,4.41528393320463,4.66532276104779,3.69809014905656,7.33490447910004,5.19320906842121,2.46263241059198,3.82714314266243,5.27844623365451,2.83869096969912,3.815393552647,6.78085014345873
5.39123848887975,9.02249808889824,7.9889041257085,1.99719428156072,3.40843331357878,5.1921044086901,9.79268552874102,1.33130679547608,5.26670863271798,3.88606187561892,6.77561637478885,1.13098686687975,3.1134987561843,2.31461135777155,2.54390133665064,3.20004228649261,4.04776422092451,4.16429718231614,3.33122485522191,9.73173562600308,6.47156215448033,4.90448116522846,16.7306941956421,15.3347685581407,6.0448855702791,11.3705120947782,1.83421189412901,8.39914752538058,3.79279251013292,11.8052952563688,5.72028833889279,10.3159407405569,11.2488448267038,3.844824146605,2.37691393304052,2.66491030879643
3.16618137926997,1.73433325905638,2.48544832129165,2.99303301967667,0.983479271945371,3.59712604593535,6.34686200919059,7.70657894246011,4.09015299581009,2.79437534646181,3.8843960374615,1.13327554992919,1.11101470422317,4.96986067680144,3.53482467282941,6.50627239612481,0.540106828208557,9.30204810139992,3.01145918057385,13.6309344438518,12.3064870229665,1.4407481687621,2.80989992653353,4.58282875113333,6.33436097744502,3.91155234556731,3.95746644926648,1.53501292451331,1.97826144156743,4.73522393359984,1.71581871174861,3.41591731905943,10.1874003539981,3.80258183117013,6.20512152353702,2.61120471686652
2.32518164128977,1.549445701758,2.82947319368263,0.738573018648245,0.893686724401656,3.32332984092853,4.06128262322873,1.32861203436651,3.25546395091469,2.16683877324328,3.35420130376068,4.00015883424882,4.9211328992258,4.39432955359647,2.53773971971171,9.13062897805005,11.4484659435789,10.800147067558,27.9169883435736,2.67179395654533,1.73275822509062,1.61783081612008,5.77184894685265,7.81758363441344,5.81768036527063,1.09966221820415,4.25541454962426,5.47202696006872,5.1038279892124,3.22800127004507,2.25817916006387,5.64544685674779,2.68415078024561,1.83258394052017,3.4854288692447,4.04299495653256
5.34881046865135,3.40170301322416,10.444678887283,8.12553172364039,11.2697768941709,1.89258668724457,8.673538030565,6.32963793091105,5.03853623301513,5.1681612318494,8.54992147930203,7.84884140518338,3.08628876524427,7.77446120423731,1.30590382420606,1.29766887886774,2.61965118388927,3.61873683484945,3.57135133341646,8.03281961860492,2.87544123390469,3.49644344152468,4.01207721416008,6.9332715164439,4.32008208215319,1.2807803248132,6.60532300861011,1.69826699016257,1.29964907534686,4.22719906880097,9.4650351840681,5.28641431569558,5.73320726090332,7.92642079077787,3.40787954007607,0.734453335689085
5.32772020459108,7.84685781308541,6.18122779673381,5.95540416114745,8.33194173671769,8.48622239962751,2.38454400346961,0.859979510879946,1.36477055985066,2.66167683722357,2.31559440339715,0.386928396342818,27.214668902213,5.86007740062452,2.2088813900811,1.12182450617155,1.95381789192823,1.38303243075797,1.79373759307382,0.0659288594516828,0.799073029175092,1.92991025771329,2.36704101339645,4.88096657620743,5.09725968446295,0.85510007916287,0.709200226009564,0.838046916214436,0.779335044434438,1.65061185065488,4.33095353027039,2.94662903396653,3.02265473201536,1.7818451677673,0.907387015696223,0.0975829240063388
22.7511141252263,24.4563175945959,6.69329774189132,20.8733883788715,3.41062586348755,21.5447288843183,5.87346249919,3.51299554761758,10.8457061297732,3.66810176966054,6.83239087991883,2.12612316261687,2.45256657889826,4.70088227338345,3.93412028993262,6.27623042119357,4.34988137773164,3.87692872237493,2.78402439629469,8.04853253718783,3.55813476256851,3.26234631861473,5.37920447660422,1.41747993489847,5.98875657338532,4.01781237546763,6.15176354312258,5.81292231089219,1.24593194159975,0.545433871107609,2.93063293474785,3.45551771006201,0.587123100626019,3.75660934006904,2.39930226655255,4.07015515219248
16.9487245792117,4.92247384572686,20.2046106351471,14.2599016933977,8.68885270584935,4.85671209533016,7.81972439020415,3.50294225561284,3.68129322146369,7.26149662264505,6.28705235691515,4.63271661697251,1.44593797813532,2.75578319063931,2.64231023286227,5.91465506212933,2.891586761351,3.61478598598381,6.5011086478113,10.8456364643245,6.24843162466637,3.96037455785296,7.37695441080891,5.99250662503937,7.04111114951081,2.39585232806758,9.74528056246666,7.86428926271435,2.51667039092992,4.3125169023333,6.92189815464316,5.47283366871596,8.41619822993007,1.39345721124497,3.01273598110615,4.15981382232131
14.6111223121448,16.0623193288564,1.37580553491284,22.1804613868503,2.004138652326,16.3366149451587,10.8893665638815,3.47105042842673,17.7699849519916,3.35057527478618,3.16308743083666,3.73603878380804,0.578010818915315,2.75456275282806,2.67279629557261,2.1394033545875,1.92021829504742,2.29748545730787,0.939963097148572,3.53160865490878,4.39956106080604,1.91961253712656,2.67001653128888,4.33537762973465,14.0540794383357,4.56598460437825,8.00514500591934,6.87542643329299,3.49684482834045,4.94316950601563,1.18882623196295,4.22965499574478,0.960783119514023,8.4180074571806,0.0348147483065903,7.97338789675826
8.78403389443714,2.82083830735788,1.86291494623239,4.47054662024334,4.20817903922315,2.87082267048744,5.26405402711626,2.28803281827618,3.77374423095089,4.77245838096304,5.57988477721881,2.519519348859,2.88058013923584,9.65783488693748,8.50788358995873,10.5164789104989,3.18147768106671,2.92732005780196,4.63928898247706,4.94794933885837,11.627408376185,13.4050681175744,10.3419893480542,9.37996722648533,18.867426813388,19.40465821835,22.9727811312855,22.1431827794661,18.5158916328807,10.2586339574556,4.29717139384065,6.00353410823768,12.7457690812741,7.50650480520436,8.13348737471487,11.5564733242956
7.63841125614673,6.05793390797331,2.95978499446132,5.62504375073397,6.27482010633876,3.55784277311072,11.1750933973223,12.323219537469,3.26649891353239,2.30632170956581,0.467887570546772,4.29698091020768,6.89201735589305,5.74956682188075,4.85043978742697,6.59631514046545,13.5569994137544,6.10292961750257,2.82432939308071,4.42544114639496,15.614410342806,3.22244712131211,2.60470192276391,19.0435073018554,14.1401156611959,7.32831432119587,5.97573244507299,2.52622905736328,6.14177809535748,3.19088803495684,3.66284537401579,2.83663091801921,20.3829571035602,3.41907856716146,21.1981560802469,14.1080472321821
22.3994575675548,20.1315707112028,19.5531675055391,4.20871220717018,7.55370778815365,9.34947798924392,12.1890357134262,14.7957916219777,6.09745997144628,10.0192703007484,3.0777040592926,8.31284783844845,7.62153615982225,6.72036865742662,1.87035114028601,11.2296552027775,14.7377335226921,4.60178717883362,10.9523227894533,8.64978262529296,10.1806970472838,2.52872005591425,7.19959943966924,11.1514969052395,11.1937970955455,8.49074820621602,3.60555585903686,2.71989999840682,6.08452675037304,1.86417502911801,6.93785406049024,5.2722263985633,4.58049278066681,2.24525062982283,1.89150563167843,4.59979215920256
20.3305356327963,19.2000232082979,12.8281668676277,23.4275549628883,14.4448167926894,21.8768470750524,13.3926817779,15.5212893127235,14.4056838470212,13.5362750738137,14.8270060170452,9.54833469113191,4.43507465739317,20.8757512873752,19.8427105758532,5.54914766685941,6.87010587853066,12.8098429917342,18.3346934356769,8.59812908860821,21.1061895724722,5.89243319386972,19.4099823202897,40.7622658146917,38.4164333390434,9.68282401225362,16.0232013619568,1.8006308252649,10.6099449074064,4.83817607464845,5.68008538023379,4.9475128852651,5.85784871262294,6.10691454237592,3.12872946171008,16.3847261127038
4.75296977458876,3.8928045827519,2.18335906311875,4.12476628917145,3.97488209297043,3.42827168158481,3.90624747567401,3.12391793379926,8.36540768743152,1.88602683211192,4.45571461166272,2.42089875755978,2.72706247467408,4.75397920135007,3.37644533158631,5.55203738062011,3.94746681405598,6.76105490598273,1.59061911113008,4.05511459391954,2.48069290255056,14.1343740258612,11.3275560440858,7.05285524048016,6.15577615129583,3.6378157670924,1.6179246643831,4.20119635021483,5.03011774698509,11.658815683068,8.52682927600319,7.30622787697838,7.47946647295012,8.82418912097653,7.43750111925394,4.22317407285259
7.64666916062125,1.67856438031765,5.46043980101796,1.59539937731281,8.64819118999271,5.21948304799896,5.78438154572038,3.13026659287438,4.98622478400328,3.64171499611557,6.8244316768125,12.1533653427928,8.80249013152445,6.30970163531124,6.16266855337334,2.64768621804223,4.25933181526417,4.93510680856869,4.56990586172582,7.05580066963403,7.12385869291361,10.4843604739003,4.74853793643797,3.09752269173054,2.94101579638177,4.9881831849293,2.34154832136124,0.992287271958743,6.15367304561974,9.23587352188462,16.3807064935265,25.196423059361,5.76238520636313,10.6213566233123,3.74408302710773,2.04072674503212
5.60238432964935,1.6502771259137,5.49894576451245,0.82022757441804,3.28095722917665,1.88309655167799,3.19764565928429,2.36766103428649,3.87112663875234,2.34717172620629,7.36245557532624,7.40820011559272,19.2581283815724,8.89401973051279,13.1950445351974,11.0785211287919,3.13320899264021,6.23023849359864,5.08347221734769,7.08919774674924,4.00302570892652,5.38312573673805,11.8035218465526,7.21455120996154,7.21692577965079,3.9935298122851,3.34391238394982,4.3486618790026,5.17479973928328,4.89202639689826,41.6254942357982,45.4444159134066,3.36209326866948,26.1564706586429,12.9262613413625,8.43695211882575
9.02124452486736,1.90709945266603,3.44575657097064,9.19642740412119,3.78136682212123,5.15013471716148,1.07701142532831,3.58162539783977,10.7402257473791,3.30356881364121,2.62335285913817,3.82493363177865,7.43821065246353,6.84544051421599,6.94455462448328,4.6728653210033,7.85267750236916,18.9493421503164,8.76457306934722,5.0922014605262,10.9965700742143,15.2065083206759,4.15470869106926,9.75336413551939,8.02941780615581,3.55783515818175,14.4813976474963,6.10926158835193,2.9303152422906,2.6314411694338,12.5884717670801,12.3017438051551,10.0907183820255,3.9431328489369,6.46768343802871,4.46866948786259
3.45091225960779,5.44458449332671,1.88600691290547,7.37094379689968,7.46816537000437,4.05215308436217,1.59770702198043,6.2877226679439,2.25069336639901,9.29376111123184,7.77036427007357,0.779100743802503,5.04367051821005,5.91402935436907,6.16854263436113,5.37409553915752,4.8144577222422,7.57123153181511,4.82318858244948,5.37308370563551,1.7992062087539,1.57056935530757,4.30732464856172,5.21099041574297,4.27398756876576,2.20424572585138,1.89845869421788,3.42518097085236,0.250237833401188,2.85772668524903,1.63351063869305,1.66305800029111,6.75046631514115,0.673499464658644,7.31803256636066,2.47717020490166
7.38502639210081,13.174873954217,3.14890454863682,9.47806042711918,0.600264394706063,2.31419260661686,0.740050372194095,20.2930927385916,1.22017775378475,20.0583290013457,17.1994626619454,3.21475925320295,13.9140045752634,21.2832194767967,19.6113280961621,16.2969252749337,11.9646353002664,15.8288298294615,14.8039093672129,4.03354607181554,1.91496129973481,5.06693519221604,5.49239802068091,18.3598996009925,23.4138206188385,3.55957952258402,7.53818720701274,3.4216913056058,0.821694515962993,7.10371464021619,4.02585366454405,11.1130347222494,21.8079055897294,8.44138890569266,31.2664364919821,2.94293664369609
4.42852479197657,4.01273333355738,5.24057316124883,2.99514663421531,3.07513093536013,0.871139422857397,1.49722419174552,9.76961042156519,10.6923070380794,2.01287309154238,4.6635766895635,2.29376408310143,26.6061215244584,4.33130788074496,24.1486165679463,5.35566522274337,3.94686533449635,24.2892142516239,21.1331446102984,3.19918740763431,6.10287465918027,6.41069309328014,28.4338331783191,25.6107236428595,22.5126719895527,9.22952222156964,7.6018677033019,1.72222361489342,2.65490288419244,18.6760722145228,41.2292572870822,59.6742376154092,5.26391129231842,58.2878673923269,31.0453378719536,12.6827145028872
3.95050108435084,6.6051127649237,2.82293293669958,2.9264271958072,1.80164212426339,1.77906429461641,3.15693092965373,8.95748463311184,1.3121044337903,7.95947199874472,6.78036707993996,1.84348556837154,5.38347191759722,17.5008671956971,15.1049753146469,10.7423280176852,8.25403581156061,5.56674785724007,15.5080190368545,3.14719448594217,4.03353687162666,3.46719528349928,3.41997407672156,17.2109676239572,17.9363483400278,2.11694835687207,6.72189900870216,3.59637246565432,4.88367691653567,13.4941389946485,5.44433807768221,15.7683154665421,23.6497705329231,7.33246441046126,14.0831713503479,4.19979111779045
3.86839627646174,3.26075031789534,2.71336932389367,0.824317573136896,5.58864262347898,11.167792743255,5.3231783181638,4.37625022446066,3.34934334676216,2.96344836684198,10.1672725797348,13.8712571778955,0.480380736481486,1.67619621100406,3.76297506648062,3.12319436245991,4.04074258924404,2.48425684919061,2.07764769777634,5.34314232139657,6.39154577660128,4.09772857341801,1.53874263463296,6.95034933381878,5.4979712875583,4.19150255316253,3.15928143601242,0.528637439351426,6.4268459584011,16.9814609784727,7.56071202903504,9.43571814268377,7.58151175707064,3.73679889838603,5.31952918909602,3.55444031338165
1.21576520955104,0.531445790586801,1.00802402369627,0.198817568617752,14.3868971611724,11.9714315629939,18.8559706201833,8.26718300309323,7.20603263005019,4.63523033437319,6.07371102647678,3.73990306164406,3.9540898604553,7.68177098678571,4.66438116734219,6.1057172273469,3.64191137064968,14.9884283764312,12.2768598905293,7.22632772955798,4.27769766495356,7.05311171269379,7.25606412835425,8.15331804476054,14.2660991589009,4.29905997328943,2.34695406202757,9.48238260329536,12.2674312886778,3.89455974432494,18.1009062137747,16.663475874396,8.78958743946057,3.84375554687621,4.11752581876045,10.5686652551975
2.23781110152355,1.20218211240231,1.67964353808448,0.362273457222647,2.18689273202715,1.6561558315189,0.663705299848937,0.552231355437028,0.517241576632186,0.574596343302041,2.53016107361912,2.16703817915912,2.3913139193738,2.47128531918658,0.684099555837739,0.0935892132939516,0.581097041429852,0.938715327896884,1.18564920099684,2.28844838699104,7.66484228688495,5.90850044409378,2.55563370887636,5.04677912348701,6.46449557222772,1.22406916539908,1.0662489935784,0.61550351245341,1.88509114448702,2.91493770742062,4.7361211077104,2.26008682542472,1.7273305789108,1.89004497971804,2.53158465940821,0.757636633715784
1.08019795620855,2.90457638710014,4.21248485855891,2.09387154202647,7.46408151806635,12.9417766203598,11.936880403452,17.0497931390923,8.48028820371539,9.06735354737435,8.09210779618363,5.42381292214031,14.6282532516308,6.02637288703054,7.42723893869897,13.1459793018578,5.43801649363084,10.3751255351383,13.1935250152691,5.64282324789415,6.61843208370004,1.80288073794041,22.6157987386135,27.7004871750579,24.3460850465346,8.27722152883786,2.90170060252038,3.77599000343411,3.86532385242789,9.72457865647744,26.8746431285209,33.8833063990287,4.5071137402368,39.3660402087854,23.2908125459484,9.73928219104243
6.48495670617468,5.70240660066125,14.0166382125564,2.2482248731205,16.8168107695966,1.58681422038571,3.39507466557891,3.86403614307752,7.76439001480075,3.31388488947768,1.66955165673217,9.42431937324826,7.71775730927011,5.23435852626629,8.32827998115556,13.4430086267362,1.91687783170513,27.4852456116768,16.457649248849,6.38199423950709,3.24265118633352,10.6447030988714,7.28565824600174,3.34647425786282,4.58221769505483,3.72136965942284,4.25440376124879,2.36679806041295,7.02016954943185,2.31588459867932,10.7877065186127,10.5905770855379,7.79266174314222,8.90277218046273,6.02815740836962,5.75741979626285
6.78265520012522,6.52931879969173,8.25615689695413,5.92291803570577,6.27327547067988,7.18340020125639,4.76814789276864,1.71294008160667,2.01499698520951,1.07144141045359,5.46778997616456,4.43884496681032,5.48490128368841,7.36063329410201,4.64683419380941,4.29022799407527,3.46022988444378,3.31190014381397,3.87280250984487,1.92616427414479,11.8096046807414,1.98100699617911,4.16595944508052,3.60145864147562,5.90892746900556,9.72596575090201,2.82241072641749,9.62327051502563,10.716590982324,10.9018357551461,2.58385491760522,12.074646596656,7.28009168001354,6.05324710988832,9.73915131486847,12.2262440036497
1.28941784801953,3.87241526476307,6.14286074068381,2.26753929503211,3.35739869953644,7.2612459869593,0.776543744240692,3.75378132023942,5.86323018814019,1.00382066652487,3.2087094883328,10.9998603393665,6.78910979444627,4.58606497238002,2.11225122044042,4.91988005237803,6.36372003396423,7.89862074088204,30.4811867216143,28.4793870335607,10.9894764648505,6.58138923079388,14.9881841309419,20.2315825566908,10.1476737469405,2.17312314872785,3.23294595517282,3.01778827835364,2.5933156464597,9.25614905049511,4.71642116994228,6.18963003811016,6.04321395190466,1.61740698126414,2.20838375124199,3.04024848348127
1.50914290931769,0.616605407661983,2.20816656378325,0.808954233369982,0.90127142044584,0.837064642715401,1.39343466277301,3.23091967996963,1.26436064835346,1.83296727971964,1.24306174412433,2.13961748098279,1.90904690681276,2.9448457482783,1.15366616619202,0.929472267327983,0.361217969012974,0.485587314705393,0.869401527940389,1.43674908744976,1.58984271133651,1.38443962295688,1.28858331795845,0.448897970512286,0.722966542467326,1.48301839608525,0.881544059197457,2.84504497291665,5.39215493486626,2.98912177455408,3.89848573011705,2.60774776792705,5.15276384398198,7.49050378240484,9.47145448372746,7.43836023010344
4.63163828288134,4.63842026046478,1.80049267934722,2.60712597049094,7.02172275643172,10.5190261566627,12.8476935148512,9.50415848784918,9.18559890913935,1.43759182033371,0.916840144425681,5.79461961012533,0.754619842245148,13.9988953815304,8.77176496451133,7.79741878842238,1.80271665076033,5.78023748000429,15.6752126138043,2.75197783242425,16.8513203983482,0.731068294309928,3.08260153150009,6.05592437739821,12.789203693916,9.09134788708848,10.1737800456714,2.75130993849275,4.78836939499159,4.97403129178233,9.81144259310468,7.65547153796607,9.43056008267603,0.963770071869334,5.23544313094429,13.1852885134494
6.50218348273154,6.67351826188137,2.9429290808477,6.65302998643348,5.74026587363244,11.4354430502935,17.1839804699449,14.3136358619442,4.2362170083875,2.04802338547992,2.77875557536248,2.65498488547325,8.43263157618203,13.6011051745531,7.24496682990177,4.07400001721953,11.895944966604,5.69291872001974,15.9831054428547,2.22141240772591,14.4084377960359,2.30596461450417,8.17873975485404,5.88791824582432,13.2218134327293,8.8837267444576,10.4416237756194,1.71597525157373,4.31672781934354,6.2961955395697,12.6881217694539,15.115901966638,19.5779748416136,2.77427498009304,5.92763824776111,19.9905304273521
2.86360216588413,5.43204151589039,0.486055152072396,5.39872554185491,6.71588129094008,4.10454197315091,6.38377139505585,3.79615015590629,5.41775338921925,5.74420906744453,1.9287996985778,8.95921279104493,5.85886019100142,10.3653347982464,5.95512182467139,11.779389564064,8.61118409121497,6.79247175607974,10.7433263082551,4.37335784452342,3.61375236164563,1.36057144810359,5.62643511187416,17.8971260383504,16.9751631913153,3.11902926182849,4.41198921291406,8.67704128815113,9.19104339095204,7.59286415571535,3.11941915765314,6.1191200213221,7.30957324646782,4.44410506739278,6.92862119616496,1.93295641949442
1.86603748899436,0.371540884543885,1.00316656294372,0.982900655836573,1.1669468028922,1.08527138239485,0.193046447955566,0.206205608812739,0.542123708662475,0.524389631712776,0.568532512915848,0.482417860101904,0.838769235276446,0.706031615046443,0.565035924553029,0.0575541595725091,0.312971864329114,0.320367501802183,0.431317986185868,0.0367879935266778,0.480995222966856,0.184225861331093,0.331195710702141,0.446961029322876,0.538002931593311,0.37754694556901,0.318250040044126,0.151748230804201,0.115866808038626,1.42195262952696,0.965698227540857,1.54742449823455,2.08447955103917,0.163773268752607,0.172798119061183,0.398923643842524
4.80440476402912,0.894878170398983,1.17489506964526,3.78685833373758,2.92562894396288,3.73906695046832,6.21935430281701,0.957898358747849,3.12933237735106,7.02897482661755,4.67145021236896,4.53752812309854,4.36832659886836,0.914321358176495,0.738573805396048,2.18064874377366,1.3871946733895,7.38026469923411,2.56366701561041,1.73366981843622,5.52008280236473,1.64740127566581,0.679226639252704,4.98247510121467,8.19084144178874,4.98507818064343,9.05902416698265,4.28416102881567,2.84646932645498,6.45182013139577,3.55564118413663,2.95685157808776,1.88293103073566,1.85852972020843,1.37928152089888,7.22700728870781
21.9225048718535,24.7041210701455,14.1105803993483,5.09438737422598,5.90843440180935,7.16172896628086,7.88587571010627,21.2943515830398,31.4372437096607,12.722393310029,2.83494725276401,4.1764716149541,6.95527005292485,14.2427960822895,13.1893668873962,15.6622802962545,13.8707010037419,7.16847209923753,11.9825967088911,9.52248064793889,5.14569711982798,11.505139451898,10.427297402376,15.5963575804658,14.5799771285211,2.8772675029283,6.90634570747641,2.66219256267704,10.0322143501822,2.92423241504914,3.25783853654239,2.153003729133,5.19584451568576,5.25411099471017,2.48191208178042,7.05238654408783
3.47695943235087,32.2041383378832,21.884708282592,12.039723541534,2.46935620754397,8.48818919624433,4.02360995270714,5.34202337454434,4.13030456765671,5.16453178957253,3.50713054148968,1.81912354705882,10.4333709033917,5.24489733825827,2.66349011629467,8.35884126489457,7.21192792032438,8.00385032217021,13.1724344387589,13.6380793764352,11.5130345789423,5.61323554938625,18.0422031719673,11.5895878618328,13.1203498630697,25.7395081571215,15.439575671341,8.52256661855474,10.078491687296,5.49195546510148,12.8869976411423,17.5115740303169,30.5654944451903,5.20027527026325,24.2008452952667,2.92889789229388
6.51142442859883,1.8927011516124,2.0199000108174,4.23294427180543,4.11307484336014,1.66844685770708,2.10722151905271,0.828829930630332,0.291863766962619,3.03059501506109,3.25109835503517,1.68881643365436,12.1875673366238,3.59349693785962,3.81847079898273,3.46008719577015,10.3837689925344,1.02153178986906,3.26048209133822,4.6569819026787,3.61191191184607,3.23556872401462,2.48366509485471,12.234876805035,12.2605373268228,1.5975438499042,4.66733338808684,6.3079476536015,3.03985731211167,1.52054874238257,2.94788504001633,3.17814207484364,2.06290733213596,0.490842373008018,3.36802625006901,3.6361478899769
33.6717139339538,16.8403011456514,7.53259944253234,10.6660368924409,7.42491605115731,6.48267048917489,3.54080196115111,8.01393986149492,4.24007425662233,1.64858553845879,1.94307332725566,7.65875801034735,3.83813469274093,0.420922687738958,6.00296482224804,7.40565469544984,6.47252638944874,5.02269892928567,12.9930822747754,3.16213928151536,1.83432182214902,4.48807312233837,18.1497454767456,11.9087161523574,12.4957988261126,19.6902096483943,8.92577948588806,3.31867752767175,0.797875623667043,4.34955647776694,10.0332020846491,13.35449682442,25.1232088551753,11.9616702330515,22.3484511326465,23.4740767122762
1.60529514344738,0.28466700928874,0.72405382859833,0.233033650511662,0.298573333749812,0.115163307506859,0.234309165039965,0.267382520719667,0.379056270050353,0.231593002550863,0.0830839570448899,0.0454446326466381,0.555812389903829,0.553308798953296,0.245682244385702,0.252153230392769,0.218011303831904,0.153142558201306,0.168084060904146,0.0978350033976436,0.271690842123082,0.106576711763851,0.240572739882093,0.58545105420844,0.743976043617521,0.181889365157636,0.0633349387661606,0.138836356427006,0.248722691927057,1.15289242120362,0.202324360318487,1.1102383595497,0.825797595939059,0.108153531645825,0.152520046773042,0.127749404372657
4.5840358090356,5.04983717413664,3.29652020413231,0.871021989462196,2.80125690411349,5.25807314599043,9.51191883146165,6.22920418529011,1.12036813231592,1.92111079505799,1.7155450978233,4.39017682381361,7.6693679004991,3.48195573544367,2.10181167721408,4.75935596187131,6.48491434621849,3.00389365198367,3.74305238668427,7.45956919993544,5.31208807912486,5.74067911543509,7.78743400146126,8.94929815882642,8.50736258633458,1.64952633007724,1.95402040471065,4.19364668701298,2.08059014924755,6.27393762691601,9.49702507673212,15.6983376405567,9.16538080658357,4.73003926602679,15.1354113192349,3.55214932897501
6.43235773803379,6.29271895190073,1.43478091859707,5.2946221555732,6.58170570951137,1.18066990679411,3.58321590097823,4.39473631655613,3.84561652314984,3.4037080408135,5.11606043477785,3.66634039267499,4.40876508786719,6.73874390843255,7.69441893993878,6.68675124115861,2.31833378500721,3.00019775753747,3.97637453206414,5.09109310469297,1.98269731331723,3.29640333107804,3.0599811772272,0.581394034371126,0.324267656625069,3.88752104993362,4.21054723405894,4.83616686327796,3.45500698942478,6.99756695019016,1.36686422781905,7.248282935533,3.65249604274116,5.16504216562255,3.29547477926811,2.19964519143665
0.745344857596141,3.74979382745298,6.17461763349334,14.6846399296903,14.9233725197214,5.16864287409361,15.4712104119231,13.1001673622323,5.48882637132626,4.01857915193997,1.55776876358218,6.31370007370959,8.10177504749089,2.07205475178991,12.157418696234,2.78418868645259,1.63891531221496,2.58060491492016,1.8285879987628,4.28771675548964,4.56981813740526,2.54963164911036,3.60209477321005,6.8795987181878,12.7079407933057,15.0311930744783,2.57828765130798,3.36095384511483,1.54039734334883,1.08823494028193,3.72538408541975,2.94896252286659,15.8426333980779,9.74060636562606,6.15902400476472,28.7727695906087
9.19437345521951,8.23953955659031,7.68087729369923,14.0990044652308,4.06291366908125,11.0046641696294,22.361791458822,6.13998441682632,0.769258136178548,3.374073529733,2.28512979602522,3.16233095973281,12.4314968657822,6.96916442835314,3.18713840548959,5.87527331974873,15.5074003905389,8.32436943003378,4.09591884739588,7.89425535624624,13.2949581631498,1.91296483752175,4.34008134795351,11.2018943724187,11.5720942496917,3.32060178535775,2.7911836465307,2.83740205990074,2.042131843528,4.24972589593447,16.9312549242571,19.352011157686,5.43904363522311,9.67593618775676,12.7640148466468,6.70452885676068
3.35016447952862,3.49957369389214,4.48895252933275,1.74336835132992,5.71325581638968,4.37283898199747,2.34826142750688,3.54756880927516,5.2247595155044,0.907584410248065,2.47008038147612,0.963402915018934,4.07071494459133,4.2502871011555,2.54617261447339,3.37079423278485,3.98658159050948,0.502584150903224,2.46890978610249,7.62035023083855,2.15812961121925,2.71703337194163,1.56118988200016,9.18668436795459,4.73757873976271,0.651580360112197,2.09641832304324,1.32391446516211,1.75403118407014,3.51066956180217,2.85880657167668,5.68208121319982,2.4506699674193,1.53805947548053,5.81448485875253,5.06275271947117
10.0502691944639,10.6447005200292,7.94780247387506,8.76355331107351,3.49734249307613,2.27066028273077,2.30758529764091,0.957807759274831,0.112786346346357,2.28443160712567,4.5076916171799,3.9580690836234,3.75636355220828,5.9286013190214,4.08691882260188,0.155149439413149,2.94237853899582,4.05418569841383,2.05842305079401,2.61118252226315,4.04269053281304,7.66986757943038,6.95317687849252,2.81933713671359,3.92132611046216,8.63243986862163,4.12419595857013,5.94489579943657,3.63370004159606,3.38868271390803,16.8047566901861,15.559063318442,18.1181654298922,5.93731179351074,7.48211984460868,2.50473939950401
2.78715891968881,5.6191637218062,11.7000552987086,29.0612531802072,66.5545141652644,44.0880054296871,8.18811292233088,10.6839548576031,10.5012868082213,9.65057449042196,17.8002538717792,26.4822112664456,6.52857867850151,5.34834709462758,6.89697749621464,17.6233105548418,8.16734585667465,3.08265500252141,2.75256353039031,1.84750050083548,11.0869541091981,4.17417039157085,23.4689712381472,32.2894342739792,43.1753022599064,44.7042510394244,2.75069263460242,5.06954352292007,7.34311797946509,8.66509772195285,3.68534860447087,12.3387204944008,14.7124122970088,19.9743852996382,1.06406597638548,26.3181693475525
0.428064990663694,7.92125442871712,2.9814013748946,5.51171293613933,9.98765013719349,9.45480818056078,1.74872868238261,6.91888758752216,5.73979619707718,6.25176213584333,0.479435637205016,5.1085570875459,4.15973797796691,7.8729046652198,8.52822176288317,1.95346501493644,7.85987254630322,13.1436060458176,6.02856655725726,7.59888142542798,6.33856994297496,6.04598822247082,16.5560906437328,16.2594221425306,6.83833543659743,8.13213119063826,4.97816860844817,5.20735427965818,4.2503037821529,4.55284586474975,13.5769465733049,11.7950004453223,12.6800265541043,10.8480369641328,4.9284292940913,10.3284864921675
6.48727230007777,2.72812520604524,0.743897389944968,37.128300079293,37.811409681565,21.9882227296816,59.5272187360516,50.1988628203302,7.30844810925877,5.51284342676455,12.8931728017824,12.1870894509272,3.811909186037,5.68505804310899,32.54933071959,6.7702102771728,3.17188738757034,7.93919560370101,6.55887554322618,3.75096752654797,2.53406388190653,2.35452949773453,48.2093841279033,49.5014786322283,38.3962100234543,49.9614355218474,6.51989852181301,8.67171795997414,16.2913942858961,5.68516982630897,6.50081242839909,11.5936172286363,3.99164856496548,7.85770287372949,1.63613613855617,7.90994441319213
5.63249740748913,6.19041503840872,19.5209080818707,8.85803668467969,14.8767767530542,6.6575582559666,3.35510287486617,8.51530786240388,8.09598355361874,1.51634825183264,2.96259262549573,2.27070116743433,3.84425639728116,1.19621554658417,1.80074054024028,4.35730288101368,2.92971965768544,3.88909715469307,2.22776614000492,11.0556396641982,10.5372336341485,5.08890057942096,7.37375518963292,10.4788918876731,22.9709827414435,13.1558337208713,7.30846156309784,7.05492191238604,7.93296130571542,8.91850527973154,11.9617071534843,6.42140319094496,8.18908030579595,3.63508287785062,7.2105952375102,3.36742317066711
2.27697117631516,4.10621496179145,5.96596113141848,4.23384924380361,5.51392873374226,12.2986937537721,3.89049671545292,4.22773563622285,4.52365746638492,6.86952355624765,10.2484736545242,6.11405176161451,5.77807529106652,4.38804327259702,9.80478812215389,7.47927542830922,7.22967567736479,4.14505773265546,9.00428599559269,12.0431233746956,4.04182398230492,4.54384319980277,10.6540690123136,6.35732193660602,8.8581246934725,4.29049907790667,3.70828577878736,9.30368106531001,8.2210948237696,5.49078088130292,2.65284407200545,3.30698155931801,17.7895410347472,6.81893411770316,15.354325512256,0.538699082429217
8.08696038628911,4.02340674279794,2.4613143016914,26.3040060561947,42.2720185407733,22.1819092619042,22.6177330724746,21.5094155407936,1.12612446905893,0.840573464424508,2.27101707252279,1.3362819827907,2.0720082106249,3.96139742800808,23.4650686731162,0.619325939953268,0.661394324581784,2.23328448522203,1.26170876998173,1.21745100482192,3.56000723440709,3.77036100648238,46.7217496561653,54.040038283333,29.2281184564176,34.9836406344105,4.52162360512159,5.80119267875752,6.59664699430749,1.47838364933474,3.84219677563368,4.43566379400488,5.76251737394271,3.14035404668755,6.35349577077617,4.60870589767134
0.992420109898525,0.311794260684758,3.06703932253547,3.55255377879328,0.401792603801358,3.35449718703369,4.82896834215658,2.22120783470598,2.78216064243075,1.2869435093931,2.71115083823904,5.61150988587901,1.75605767661534,3.27081931670155,3.29873654361107,1.60141217000942,3.0843587525796,1.90563351850904,2.87679448165862,1.70138566069124,1.87765163774399,1.23041754181231,5.37285571621293,4.60704429893033,5.48873891207191,5.48254169278652,5.47694108736666,6.95576065804276,5.34190776808412,8.41645149939228,2.08107670870388,7.61513224812533,4.79302032165115,0.733067251028148,7.15796322021647,5.48076193288655
13.5226244099685,7.65010829342035,5.86547626616729,7.79441262615471,0.974794139622284,9.14444613002291,10.1307899180158,7.19341931539323,25.782597192132,7.41554796189079,9.89680023342279,5.16403910630677,7.60149508507193,8.97919995847487,11.8277270526353,11.56003086603,11.6190074334926,11.4240386440826,4.9171179810942,17.4504928095449,3.51487414535285,19.9883903169835,5.77354156367814,22.2252907363697,5.30859186430028,25.2998044870627,8.58034576984137,19.3294036161472,11.4319555709999,7.67192267156633,15.9987423581114,8.77539044391632,21.4890392076364,23.2721416744842,4.24085427800399,20.6495982426357
5.51651526702691,7.14833758785941,6.01620317373632,2.53074407901554,1.51786851820569,8.55442053134539,2.4339765901174,4.59347157197294,5.24719016829725,10.6526937840524,2.30693691592518,5.2578374706305,4.92407420879346,3.84311782235494,3.60373753332358,4.15499212854723,6.05203073142551,2.92578692345223,5.62654811384261,2.00730295316289,4.69182966446033,3.73839726172868,19.6302445977631,10.3972358392008,10.7881340097082,8.03330265541739,1.12357047389052,5.06480774082302,4.69670261334871,7.97866217053413,7.57770547045415,7.55776678504386,5.61522739356345,3.78874247633831,3.73241125355677,5.17789471713304
8.27309179241638,19.5044247567957,5.56569531903557,5.09382206433938,25.4255643713052,12.0767952938858,7.60647272141632,17.4994378509021,1.94988012676134,11.4184596750941,15.5451081953282,13.1211358865396,1.91236796893175,2.51617292853716,8.04693337518617,0.476043273429548,3.98790564844776,8.44502491330299,4.43667038520012,8.69934096558067,1.97224220971057,9.34464282591364,8.00664096332009,22.3746526883955,20.9754622251707,11.4757477093347,9.71762604798924,9.55820374318149,8.79737551531434,4.08838711613213,10.5896209074152,11.3167795408116,34.7286395403124,8.38081805948394,7.11980151514012,2.64033984129866
7.23814797558167,1.87755357546525,6.08705788723044,2.46591720949764,0.705657979964503,7.72432691431317,1.37000212311518,2.01324945287777,0.150476857383691,4.82235293391528,1.46020209076812,5.84432570601026,3.00799351475876,0.78694702618677,2.72213723197973,3.98476901841362,1.816509039975,1.06086172696633,4.30242447644543,2.31482273227342,5.04069364605218,3.79111484861411,5.85269604326123,13.9216623728793,15.1952711883518,1.46791856028049,0.98383451849078,8.80224787436953,2.5913958059039,2.61329453403384,1.21756585926678,3.03376357106406,6.81165526329819,2.09609659321488,3.89206436842282,1.86229455751957
2.63630061497731,2.5429741166903,3.06607431490264,3.97359474737695,2.60116824483539,2.9367167158684,3.13382340033665,3.96162865494359,5.29696892051044,4.56802240898892,2.20702295239681,1.41109700641776,5.3915524189452,2.78819636966318,2.90273138970103,0.372562341767978,2.25348407957123,1.52426923785144,1.48038365444369,1.0008173167598,0.87330880569198,3.83675984009796,0.0879409629118069,1.46338166475757,3.78152731367584,5.86454246473754,0.20478244392548,1.88611809293376,2.12895401447723,1.59796129564717,11.6490148633658,10.7167929255178,3.83506652892007,2.20826522064841,8.54451734279444,28.1121006298116
1.47181872864824,0.300602193897234,0.837503951310122,0.157712063498097,0.259861403721838,0.0647416495911796,0.171717171717182,0.195878995192997,0.374627234788642,0.294967935555602,0.0522858052832873,0.141751426311894,0.877236437982451,0.549535912632723,0.168275319204774,0.350919294650414,1.4789604334809,1.50994584526993,0.153787080286951,0.310761515821004,0.484780332502081,0.230155954688487,0.220147784544791,0.632051178090983,0.851360313903604,0.109483181381756,0.256472710839629,0.082311355202666,0.140068689685577,1.13840835577865,0.211898434076072,1.02850791159203,0.69767708890576,0.230543485455293,0.209046626598425,0.153469884014772
0.383152918475224,0.48515064875987,2.48391583456087,0.495746618183038,1.59117964546666,1.30752629140037,0.744400750921674,0.585867564195754,3.89156222573304,3.58177848565239,2.62436047700971,0.491515841606408,0.444178455519414,1.14028942556091,2.14635492707163,1.96299295835345,2.87009581546161,6.30096346110999,4.33260428667951,3.8425206629144,5.48872595625257,2.46376764879005,1.04960145664043,7.719996424649,12.1337565940615,0.80374695661989,1.06972926631838,2.52583074553753,2.16947273994778,3.15466863892659,13.4602237381786,16.505173317617,8.34207056423675,7.72817475292466,11.6447915307034,51.2547730677028
17.0496908560529,9.75281647819613,12.2282431047146,12.7453448625231,6.88542805129282,3.77603044185772,4.25511219434771,4.43171963843207,0.800139387498009,5.84139561916457,6.74114787702438,19.4445986509941,7.26504358935938,9.5783982432619,21.8596093385337,4.29318705196141,8.55799546748516,7.14307707071189,5.48468935819582,5.2884151151537,4.37463779673737,4.65887273952749,23.4535493387177,25.724530752418,20.6654070304493,7.11332304155445,23.4083373317746,9.32360349566087,2.41150440230531,13.7627229023134,13.9477509821175,26.7518098393216,29.9020159984522,8.98316292389725,6.78938850914816,37.1262486770658
27.7676572548651,34.0550042987206,46.4004896244335,21.5227385870563,17.2132082554179,19.1612358554779,24.7072742670005,5.60693725073112,45.4145358451662,44.8503475559574,6.24714369758135,40.7769012223629,26.7631182843709,12.8204367989749,11.3329181633582,6.91714487433171,40.1218106261779,59.7588509088115,1.89995593628782,3.2261793860666,6.37382261437582,8.38182732865511,8.6507653146617,12.1548817245494,11.973801393908,13.1300072298844,16.7797484314187,6.94624188113881,7.66885226585504,22.4515399541374,32.7481966746208,16.9123929179632,18.6740353246988,18.4990565454049,29.9760658159244,12.6441159521977
6.50335104221753,10.525196308553,10.8069845955413,27.6006328484698,35.4150114799831,26.9449727836012,14.0322519478443,14.2031482232737,24.6057513139111,21.1921880101661,2.77015290023829,18.2855562652352,12.7714210897494,17.1458316574459,15.2441293626011,18.8689611277928,14.2206902736522,9.52163838723746,23.7676099749913,6.90771661292243,11.5389562927681,14.8405062093648,8.72884486265165,67.2136197950451,77.2585031380289,5.60084976522486,13.8917746852344,29.5953004621259,14.4292115369329,6.6637897090473,8.18946403093726,5.88081328297491,9.14356295681774,5.44266294446758,5.54243807130845,2.05963951275753
2.92416097411812,2.4787405966156,3.22953258118304,4.29027901044833,2.73159862032613,3.59871020484601,0.291945052814186,5.40733176560408,8.67339262011691,30.0122569795784,22.9188883312075,41.1237606116445,30.612366711096,6.84126545762348,13.7099983323056,19.1045329681866,40.1143354431848,13.1994225864172,8.568624759177,11.8142057467114,23.2810098854431,11.5949815822696,14.3994519975535,34.413458180936,27.3689645657696,7.67139729987041,16.5319768596327,26.4194824351402,1.90796627013356,37.8511687082103,25.4604040235857,8.69439731850225,19.3025167500994,21.9928790167285,7.46709598002047,10.2693753578322
16.0291696989705,9.71482341641688,17.8262875374081,11.5036941090407,15.761063511335,22.152888653203,23.4743857403943,6.22709942668085,19.1931008912231,35.0696566649372,14.764285126704,4.52834336838779,49.3617519573302,11.6808199683584,20.1007174193941,16.9287137180081,5.79794712877009,67.1207464578435,9.58855168099645,16.7253205357049,23.3129261398836,17.9563567444421,9.36405058547752,5.47292294912995,9.06252513799011,15.9813104948733,14.5487854435784,7.38550630891456,11.4859539134681,7.64284469737718,3.07134558443757,8.50181456820227,10.8128066765703,8.11396163986434,0.548763553566167,5.38281846529265
4.9131178352188,19.8023031094085,9.05984511261158,9.20934217241968,15.4472658814021,15.0569510034749,5.9001829345371,3.97844766887247,8.25802090955272,13.6773546626563,7.05226888361682,17.5709950700526,4.9027572873555,1.83383337811733,9.3940901532078,2.9045195909889,2.17234893632155,10.0425087579957,10.317771616197,5.84048563589157,10.401700817008,9.31173425369489,2.52312804673832,1.90903717969924,10.6465402992558,10.7256620207739,2.61140240885647,2.68882699803377,5.81131935605673,6.32658870599993,1.6967109814354,6.85141530712795,6.74588858380346,16.338464767038,9.9698928776951,4.77945846469371
2.81509237495961,14.8703246620496,20.0876228703127,4.86379209751476,17.5461504770192,16.2706592233225,9.59242223092225,20.8288799947311,15.3442231289379,24.205808923756,10.9533874511353,5.97802456248911,16.8637024839698,6.84317081438475,8.33173044638426,12.742818315082,25.6704955855676,7.57695071718272,10.0234769374302,33.9985934288387,33.8255689518235,6.51086645207048,15.5505392614496,23.0874320215637,12.5046437414131,8.79904602020739,28.0777880234325,27.3369666332053,21.1252569102358,38.8310521379494,10.9981410493788,37.2710517719428,36.926632266858,12.7859002803359,3.0235415572951,27.8091942012765
7.50987935695386,8.53461334139516,10.0243791988949,7.6815528402169,8.11531947638476,10.7051788967587,12.1434339982477,4.58607168405919,8.68824203805635,10.7390255482455,3.27293641646011,12.6706421025566,28.9805607262947,27.5513225332978,7.06749801792392,9.77663278733724,2.02328825096425,2.85059631268145,12.2850363128599,19.6297893459812,28.595339430473,15.0308752893747,28.6231105109647,11.739138883981,19.1355584823241,24.8215680642295,5.4153523813788,5.7081697148972,21.4222847250069,16.8884669237634,8.28851081575002,17.6300185469704,7.21536899923926,14.2338877520876,5.53140077694983,2.33197746059152
1.62839464861487,0.734066719439553,1.63644040099538,2.26457389994144,0.375095709902946,2.12363664957981,3.37434068644265,0,3.62432089850781,1.01267432231602,2.86922135677366,0.373137944585218,0.373137944585218,0.87182709258159,4.22407294736904,2.90022674225544,3.00153280259911,0.622395152441809,4.74471833018763,8.64469755472965,10.7697093305308,8.50229735822111,1.69896468714948,1.69896468714948,3.88021831030529,3.24804597660879,2.03125053233956,1.03125618427336,1.43537190525621,1.06000964236104,9.35699019262289,5.872570907432,7.28429158993911,9.79640792250006,1.55616337607674,
2.60226852648998,3.10421477697357,3.17653104334866,1.18890080132249,4.5028090311705,7.50238095615901,6.19832835338825,0,1.54895383103773,6.3987843634826,8.30567456738789,2.64811068376861,2.64811068376861,0.725370109369406,10.7507060995261,7.22991221957868,9.38269786750515,9.7037547708581,3.19976192868641,14.1168825420272,6.37972085233257,1.79780872818904,0.681287305600331,0.241629441412127,4.629893359811,1.6256219857202,2.87695736912481,1.87330987128718,0.126456516433438,8.51540869779384,7.12274226079079,6.26571724415683,,,,
0.544824107064036,5.78853162933808,7.37401923844171,6.4786613503095,5.80951162421703,5.28715942722961,3.13741199947946,6.24958715473555,1.38410737188917,4.73102144177876,6.56559792741597,5.95646531021237,5.31879167128936,2.99969392433157,1.44363990066135,8.89349345311358,4.32450261948666,8.69567592360903,16.4500285716051,36.1171314067164,11.5641584149565,23.0575186905036,6.23471156629921,12.6268302585582,24.683837976832,14.1676794243742,24.2183689006478,17.1002717725919,35.3439874699963,,,,,,,
0.63757546830038,0.67801621801359,0.455015789410151,0.148503934245506,0.303232178632352,0.678707446892568,0.643317988192481,0.293417266157914,1.74931745618025,1.08970337314216,3.44037829199539,0.713827447245696,0.551934942265124,0.771798084334961,0.132098424277842,0.110463521300377,0.0549564827874355,0.128431583185584,0.0655457120240124,0.013845316831441,0.197791550978626,4.27854360346133,14.8991233601343,,,,,,,,,,,,,
10.1374272898567,1.66503725662371,1.72240627871899,17.3500367154129,14.6175728711352,0.128492780917466,12.5000035950408,0,2.75800972001254,22.238737861319,3.30396721706379,2.0725542573394,2.0725542573394,10.708117638605,15.6547390843583,28.3727284680041,27.2230802479934,,,,,,,,,,,,,,,,,,,
14.3158200687349,4.7286086771961,4.38747999943805,2.84776255318516,4.74842986311778,0.688383168097377,2.23700388893179,2.74537360817495,3.18450924683686,4.22906683641571,3.51550270681043,1.28134366677873,2.98728388722931,2.72445996032254,1.18351343630649,,,,,,,,,,,,,,,,,,,,,
9.90365013848584,1.84267057154984,3.35753934490192,3.53630895250819,2.59778235712602,6.59981308093913,2.25587747415045,3.19218609397034,10.1925357742053,18.6469107108061,15.374894095846,7.9541257448056,9.14671288644822,7.33706628056698,1.33214483244322,,,,,,,,,,,,,,,,,,,,,
34.8550013211201,2.4246296026721,2.48973608107957,4.23731787096124,4.44798836574007,3.41506007803776,6.82749690633346,6.71013501093045,19.7279617684775,20.4375174890586,13.155694941725,12.4180757919811,4.85906972861919,8.57913968365594,1.24967376235499,,,,,,,,,,,,,,,,,,,,,
11.3172383310024,6.43891047044452,7.46456701999594,10.0906451474352,9.40561689892809,6.20674650336089,6.67144004800314,6.85649937962708,11.1821965628244,5.57739915154245,7.46810056212853,8.65090212153332,11.4242415845749,10.8065436372253,57.6039055324425,,,,,,,,,,,,,,,,,,,,,
27.3146700675814,13.0054509071458,6.69705160449263,14.3859249090175,15.8052942841192,17.1275747028102,17.5229099692185,15.0621235178255,4.97256821981342,1.56847696183433,7.51841341520557,11.3047119064549,9.75546849149134,,,,,,,,,,,,,,,,,,,,,,,
4.61436588426096,0.998835007966969,7.12303276046424,2.02245334191779,2.62173113878297,7.21981711948335,,,,,,,,,,,,,,,,,,,,,,,,,,,,,,
6.42695801562056,3.27158764131018,9.19299337137634,12.421211480262,,,,,,,,,,,,,,,,,,,,,,,,,,,,,,,,
11.0693924583098,14.6357076793944,1.86458752494002,19.1000673729297,,,,,,,,,,,,,,,,,,,,,,,,,,,,,,,,
6.77067942372931,2.85999276264184,1.56950496912455,1.98489211270387,,,,,,,,,,,,,,,,,,,,,,,,,,,,,,,,
4.12918465986955,3.6683544489324,,,,,,,,,,,,,,,,,,,,,,,,,,,,,,,,,,
4.46265734264462,0.590068577359553,,,,,,,,,,,,,,,,,,,,,,,,,,,,,,,,,,
,,,,,,,,,,,,,,,,,,,,,,,,,,,,,,,,,,,
1.70283753584575,4.94671783847482,2.15914099565428,3.04601753153827,1.43039046377108,1.99730868780584,0.73970059113906,1.14796509831246,0.441947127727754,0.907559934622584,0.74641122061503,0.558429082416103,0.37292630536019,0.442620190593254,0.231060435380457,0.120087406121993,0.256939038252728,0.396118577717732,0.215650931263339,0.0811114802604576,0.959702088996946,1.1121065388928,0.271077584824174,0.336160728700533,0.0747153606712929,0.62055455453714,1.36841459357628,0.2810325135094,1.34149578327577,0.969688066574645,0.183361459486692,0.451267849655427,0.32702179101396,,,
0.425002165361416,0.642465418528534,0.0404819115381722,0.315642876776803,0.410498429405868,0.563801828031997,0.177816466168581,0.443503546778634,0.453309637514941,0.609562640225655,0.578456351923992,0.164703083991556,0.242744907744247,0.320468722670456,0.190067464231962,0.249764281884806,0.0619444902091413,0.480934710208672,0.294755333309483,0.520911213434189,0.947723648094476,1.47784885746991,0.374400820333031,0.579656738896423,0.246874568798591,0.303304652664634,1.12255380454823,0.372330856305073,0.968995682066689,0.546632257677969,0.55243151462296,0.490169829492644,0.439723136007074,,,
5.93975238848926,6.24670766736756,2.2594937295297,16.5966201325932,,,,,,,,,,,,,,,,,,,,,,,,,,,,,,,,
1.97973860676302,3.53984397794248,2.28507847167004,5.51537493138048,18.8664012772632,37.9608373069438,21.675637788111,11.8166854241765,6.59320633251518,2.04173333166697,5.63231850232835,7.50216213718694,0.700414188600703,20.3598596020897,8.75020114602747,7.43029029354278,15.0028794643323,16.0893903219353,20.3069259108479,9.26496879793463,26.4781034119027,8.65949022990592,19.4066989651403,15.2299244259623,4.9370985299046,7.93013244640335,12.2957677414814,8.63583044762069,5.81581973717824,5.20831702256912,5.62441079322211,,,,,
3.38970292851391,11.9476410293021,13.923644236769,7.71415671342097,3.13460843436437,15.1872436492798,21.9033567565155,20.2083299042785,6.3045303853465,9.45894340744576,4.22950619612593,9.68563774382517,3.95596198756157,16.593819842385,6.52903723819971,11.0155842613369,11.3115668351696,13.1535421857143,10.6672190372517,8.56341787903967,8.29245045838153,9.86398207894362,6.34407099481921,9.78728495645197,16.830065811037,4.91646566438667,12.5220613749368,15.0187963437837,8.47164574677965,1.54680081519482,5.4199267377248,,,,,
,,,,,,,,,,,,,,,,,,,,,,,,,,,,,,,,,,,
0,0.559578780312507,24.440683843061,0.689928842781306,2.685694337223,2.685694337223,9.53873218458953,23.0036381408703,,,,,,,,,,,,,,,,,,,,,,,,,,,,
,,,,,,,,,,,,,,,,,,,,,,,,,,,,,,,,,,,
7.49041171424099,12.4715743602358,33.488806792108,3.67219601958075,8.11313082123178,6.08283165588272,1.40815853166462,,,,,,,,,,,,,,,,,,,,,,,,,,,,,
2.61133767661243,9.51927626842161,19.5087208165182,2.73844659296183,,,,,,,,,,,,,,,,,,,,,,,,,,,,,,,,
0.925998477081385,4.71970517347747,5.44885258710842,2.74915893739181,8.2056158107504,6.15865479462047,6.14089461480207,7.10409523258148,8.55857271622522,0.684563687168988,3.36238016302092,6.5909318844121,2.9611324186372,0.802524064369745,10.1049827211574,5.45709696437619,2.5682924788862,6.18100939072225,2.58132799254298,4.10053081940175,5.50658257437357,9.67291558823769,9.19254704677437,1.54305537090039,,,,,,,,,,,,
,,,,,,,,,,,,,,,,,,,,,,,,,,,,,,,,,,,
,,,,,,,,,,,,,,,,,,,,,,,,,,,,,,,,,,,
19.7154519230398,5.11068929127677,15.9031057922022,22.4271632780793,8.3924704771916,6.96515136512783,7.06620480183131,5.39202177692932,2.55585510013952,7.30797299118655,6.99481742386419,23.1395599233805,0.939610428309471,8.10066791516737,0.480153907044499,18.5447161680502,3.3266177127932,24.0123904783009,3.64905738015042,3.33660935164491,11.4192372898999,10.000640611946,,,,,,,,,,,,,,
7.12377178753882,5.54696774555,7.03703717566772,12.7435754812133,3.31902068155223,6.10817775175021,12.3327118964455,6.07939793351034,7.18118377970959,6.75777251800898,9.8528316538916,4.14755775825298,3.51299139216949,7.61240751320707,3.82572281181057,20.4091539122882,3.38108943139345,10.8943878031854,4.68867487372398,1.94367191413319,25.4799539258606,2.07242907742251,,,,,,,,,,,,,,
2.12229836698857,4.10976577631969,0.294281471512379,0.88137282067955,1.3848344440147,29.3238946863985,6.55301519220531,0.513466340326331,1.62311111787376,3.68280519016405,9.21787917726344,2.79968076268679,5.10062262468074,3.86504626066075,10.7459954668126,13.0687018363478,2.81494637394521,13.2647733796593,3.33069521138656,2.61809727002358,9.18954971891995,6.46920627803663,,,,,,,,,,,,,,
18.1122163285315,22.3112418092521,8.18004153428348,2.59931925486367,10.1119368350619,17.1325506027286,83.6539087878963,69.6814723087701,7.30257366019359,19.6441817942222,24.0436193059424,4.68182857025767,8.04672048468617,35.0529220925835,34.6803912951715,60.1106337528588,34.9643223623481,25.1843633021409,,,,,,,,,,,,,,,,,,
1.47131736586047,1.92682112453569,,,,,,,,,,,,,,,,,,,,,,,,,,,,,,,,,,
5.12899519046751,20.3146755122504,23.199606150158,35.8856155927222,8.38755512156203,6.69682052327633,5.67989002257791,4.53392095425342,5.6074030788558,8.82429215883616,6.73610379452134,6.7629972289322,9.75018542243144,6.4972228958714,5.67991221651645,10.3839424352995,6.32961887654131,14.0873931529508,13.8531940949244,0.524102403608083,,,,,,,,,,,,,,,,
22.3244811141905,3.50693852977211,37.4628928766287,18.2479934805435,33.9407152740855,7.21600214228772,34.8798381256217,,,,,,,,,,,,,,,,,,,,,,,,,,,,,
21.5064948166653,23.809901286295,17.9562483998155,34.1993447156845,19.1207719852744,,,,,,,,,,,,,,,,,,,,,,,,,,,,,,,
,,,,,,,,,,,,,,,,,,,,,,,,,,,,,,,,,,,
,,,,,,,,,,,,,,,,,,,,,,,,,,,,,,,,,,,
2.71412227483798,,,,,,,,,,,,,,,,,,,,,,,,,,,,,,,,,,,
16.6321707172149,24.9114608224393,14.3731968773061,39.7736270518621,39.7736270518621,7.87602076575384,13.5022327503541,0.500003305774196,3.8730026926051,0.747323380453715,5.99017227046685,2.83864221903327,0.525853319998216,20.2391336906239,16.5204943163657,19.4005868802493,19.619222964014,,,,,,,,,,,,,,,,,,,
,,,,,,,,,,,,,,,,,,,,,,,,,,,,,,,,,,,
,,,,,,,,,,,,,,,,,,,,,,,,,,,,,,,,,,,
,,,,,,,,,,,,,,,,,,,,,,,,,,,,,,,,,,,
,,,,,,,,,,,,,,,,,,,,,,,,,,,,,,,,,,,
18.9469386814405,24.2105525299869,21.2269461363942,23.8083085729092,5.74734662000513,3.16913653402479,5.25151114449181,8.78993216220622,5.55883862834242,13.1519171822488,3.52659990563203,22.6327105028854,22.6184015568452,2.29368458230829,,,,,,,,,,,,,,,,,,,,,,
11.4836425620932,5.51642145762942,7.64073955297558,8.65287149425149,0.967338176815048,1.00689539988863,0.287421599584473,6.40395668839861,6.3442791677724,1.07638002337713,3.61584055384794,4.98422492276782,2.79117404041547,0.974999708389434,,,,,,,,,,,,,,,,,,,,,,
10.8698501463489,15.8544506602517,,,,,,,,,,,,,,,,,,,,,,,,,,,,,,,,,,
,,,,,,,,,,,,,,,,,,,,,,,,,,,,,,,,,,,
,,,,,,,,,,,,,,,,,,,,,,,,,,,,,,,,,,,
1.25851337968314,1.51005495203901,,,,,,,,,,,,,,,,,,,,,,,,,,,,,,,,,,
1.74464644776573,,,,,,,,,,,,,,,,,,,,,,,,,,,,,,,,,,,
10.163831665301,41.5912953413008,41.5918793328162,8.36359866761721,3.48082936887952,10.1532062915092,,,,,,,,,,,,,,,,,,,,,,,,,,,,,,
12.0792189316163,11.221537174805,,,,,,,,,,,,,,,,,,,,,,,,,,,,,,,,,,
,,,,,,,,,,,,,,,,,,,,,,,,,,,,,,,,,,,
,,,,,,,,,,,,,,,,,,,,,,,,,,,,,,,,,,,
5.22601228445471,2.60168728228054,,,,,,,,,,,,,,,,,,,,,,,,,,,,,,,,,,
2.48246167626388,0.385372092374707,1.62817029996484,,,,,,,,,,,,,,,,,,,,,,,,,,,,,,,,,
12.3200717368755,9.02367248829312,24.0013139302052,,,,,,,,,,,,,,,,,,,,,,,,,,,,,,,,,
5.37137021570278,5.24935681883119,22.1905085044133,,,,,,,,,,,,,,,,,,,,,,,,,,,,,,,,,
4.59956749862403,,,,,,,,,,,,,,,,,,,,,,,,,,,,,,,,,,,
0.350524547945705,,,,,,,,,,,,,,,,,,,,,,,,,,,,,,,,,,,
,,,,,,,,,,,,,,,,,,,,,,,,,,,,,,,,,,,
