Var1_1,Var1_2,Var1_3,Var1_4,Var1_5,Var1_6,Var1_7,Var1_8,Var1_9,Var1_10,Var1_11,Var1_12,Var1_13,Var1_14,Var1_15,Var1_16,Var1_17,Var1_18,Var1_19,Var1_20,Var1_21,Var1_22,Var1_23,Var1_24,Var1_25,Var1_26,Var1_27,Var1_28,Var1_29,Var1_30,Var1_31,Var1_32,Var1_33,Var1_34,Var1_35,Var1_36,Var1_37
297.902203515722,303.204973624717,301.758064516129,298.303276932962,300.026167381006,299.633720930233,300.192330153786,299.826541972835,296.881355932203,300.630026809651,297.128305582762,297.714569372053,301.174044032445,300.576486486486,299.19747235387,297.773301101262,298.305033185841,298.385802469136,297.541774332472,296.072890025575,296.107003384535,294.831041257367,294.074320576816,289.782337413007,298.305033185841,291.845536136042,299.640009492169,298.283292978208,299.313896737734,301.660483681615,300.500548546352,296.353532813679,301.660483681615,293.997318315902,294.087222870478,292.655301935857,290.513020134228
580.793157076205,594.974208675264,598.049459547986,594.707679935666,592.976371308017,599.115229110512,600.587825449212,600.265137029955,598.014656144307,587.275780789629,592.911261582324,598.06416698879,596.284432171212,597.156291834003,598.037555228277,598.346644010195,595.254744525547,596.985674353599,595.662786716878,594.649205202312,596.806713780919,597.054438601918,598.728030788967,595.491531802785,595.254744525547,594.291350531108,599.496405463695,599.95798854233,595.784804567413,603.527654867257,597.457038995373,595.898767898768,603.527654867257,604.429522752497,599.435300487277,610.241469289442,598.426693340955
602.383513796717,640.7232,648.596171376481,639.924379232506,639.611363636364,653.195286195286,662.549064095292,661.990271377368,677.585924713584,674.42198357549,682.404795486601,662.716260697827,661.451886066205,677.009413468501,661.943421052632,665.838342810723,658.332023575638,653.261424731183,674.411453744493,669.112994350283,665.329337094499,663.216701173223,672.970009372071,667.750481695568,658.332023575638,663.618699780862,656.653134635149,671.167010309278,658.722988505747,661.43519781719,672.58788774003,684.795282224094,661.43519781719,687.838493723849,681.879023307436,675.229323308271,665.771063829787
649.790816326531,666.519241815049,658.337837837838,665.079779917469,659.726019845645,645.934285714286,643.164312267658,646.405612244898,644.52204681546,640.932129173508,643.96837944664,643.108167770419,641.397047397047,642.717536071032,641.953333333333,642.180025445293,637.68287037037,639.103242320819,645.310548025928,644.577818627451,643.079948420374,645.298204527713,645.157497303128,641.213559322034,637.68287037037,636.401153644468,642.702917771883,643.326473859844,641.103050847458,647.292929292929,645.047086521483,649.727064220183,647.292929292929,661.716510903427,657.525157232704,656.207070707071,645.805633802817
30.7771326485038,31.8560079443893,33.9984210526316,29.7053694355209,32.7081247593377,30.85498046875,33.9055690072639,29.4616052060738,30.6391571553995,32.2126921170055,28.5422824302135,30.3913043478261,31.2456375838926,32.286997433704,31.3197556008147,27.6341551849166,31.5868754660701,30.9623911322249,27.5422665190107,31.1551049448595,27.9172198360016,26.5802519301097,28.4181425485961,39.7628559286018,36.76020174232,34.2822341057635,32.0147323032699,37.3637031594416,33.1732038834951,30.2881844380403,31.0400462071621,6.89423076923077,29.9471329808865,44.4795751633987,36.0966183574879,50.4626773596545,46.7820672478207
117.637761377614,119.090174129353,119.38184079602,118.931013051585,118.847008019741,118.983188044832,118.276779773786,118.914498141264,119.195638629283,118.736511919699,119.058678196418,118.869807811531,118.873591989987,119.181363352095,119.790192427064,119.66749533872,119.651278852152,118.55421686747,118.678137651822,119.699243379571,119.556890012642,119.285714285714,119.133676092545,118.101222826087,119.651278852152,118.041638225256,118.959339263024,118.175593220339,119.068571428571,118.018243243243,119.657730673317,119.685173501577,118.018243243243,119.226658081133,119.475586556753,119.46547314578,119.337186897881
628.35092348285,617.448288973384,611.987331081081,615.08262350937,612.110979462875,614.484590429846,607.98880757641,609.16716164616,619.392053973014,607.629354389224,613.673585673586,622.194883370956,617.831907613345,618.635931935101,620.224882260597,624.42188739096,620.200475435816,625.019375247133,625.725388601036,614.247554552295,613.970503891848,616.314748201439,623.665221162186,630.138048572646,620.200475435816,623.975620188195,611.934856175973,611.570081440206,616.702075702076,617.919009051929,615.396523178808,603.121512481645,586.73260227752,583.005360134003,597.414420721036,589.59771022503,586.515797207935
586.959304622679,582.071929005138,575.256978967495,576.679365079365,576.10183299389,574.654589371981,568.451793721973,568.796829505015,571.698830409357,572.351685018352,578.868670886076,583.444774346793,587.256551277904,589.425136261622,591.536223097908,595.40761678072,587.101749837978,588.319689484827,592.260334813803,585.902189265537,584.356421356421,587.337863344658,589.535800760982,592.691047726631,587.101749837978,590.564958677686,588.815946348733,581.293030419715,585.638731060606,586.73260227752,586.873503591381,616.960396039604,617.919009051929,620.900263331139,603.141006097561,618.783870967742,606.74449339207
683.815682281059,694.17675083373,696.368346679228,690.856879039704,684.341772151899,687.677644710579,686.704665704666,680.36754176611,684.67280398926,692.20724438331,687.889725420726,689.944215820759,683.609325486646,692.413425925926,682.952474469756,688.967220475977,684.342776203966,683.93009118541,692.012220817531,678.812734082397,695.230805463966,698.7866598778,702.793054234063,693.307631160572,684.342776203966,680.192493112948,681.590909090909,673.752817722503,673.049273021002,677.465948275862,680.967075038285,677.225948103792,677.465948275862,687.851949189663,683.677914110429,674.824057450628,683.756606397775
46.4694087403599,30.2206638616176,31.6769929781082,32.6482290150412,29.6527709661599,39.5976608187135,33.1249380267724,32.0192782995551,34.5129698253044,35.1604719764012,34.2050905531082,27.2320209973753,30.1043956043956,32.1044568245125,29.8315492957746,30.1380518570427,29.5602605863192,33.0012836970475,28.4351005484461,33.3607205623902,36.12,32.4162436548223,36.6458494957331,35.016604400166,29.5602605863192,40.1429654910884,30.9010721247563,30.0049875311721,32.5063401836467,27.8858663512714,29.1072175732218,30.7986247544204,27.8858663512714,34.7486122125297,34.7707844058243,34.1748018356279,33.02434625789
958.385369840621,964.450308430432,965.146341463415,957.611678236015,979.854643898376,976.084679007483,974.910442349529,969.964092664093,969.661213947482,964.987104825291,963.496193461711,963.161502005104,966.842796446504,965.566375968992,967.772573635925,965.078231292517,965.031554524362,968.714658547194,969.312839815977,971.536707882535,976.531859070465,970.807807807808,970.986126323476,963.423666910153,965.031554524362,967.711911357341,965.128340080972,967.515163297045,975.239806217198,964.903377847604,969.922068721219,968.691066509248,964.903377847604,967.226307808946,965.082357859532,965.310463779226,967.717399200872
381.390494296578,384.517035265989,382.982332155477,381.182311448725,380.066899868824,378.81269066504,381.84022460439,382.634146341463,378.633079847909,379.3288166215,384.952349654946,381.849980567431,380.12103055722,377.636142230882,379.981971153846,380.421319796954,380.88665997994,383.072522522523,382.316445182724,386.521112929624,383.782572955199,382.995958688819,380.759355961706,381.90975504942,380.88665997994,383.377240516882,381.418449197861,379.390728476821,380.266985645933,383.075331125828,382.355845365626,383.208769106999,383.075331125828,383.681753889675,381.732089868588,379.106878306878,382.212225570383
716.654228855721,718.374051896208,721.269547325103,712.791495901639,712.074949698189,710.077866918358,716.653625456442,715.913983440662,717.369440774989,716.165362035225,715.301302200269,709.446953781513,715.399107585523,715.603931203931,722.864815657715,716.776334776335,722.907193605684,724.082532051282,728.988450816408,735.33469665985,727.453224002982,723.570590265792,727.646716826265,731.117251680358,722.907193605684,723.822592873389,720.639179573043,720.451095461659,727.380621572212,720.005112910098,732.655172413793,728.875085324232,720.005112910098,724.29886914378,720.508164852255,719.054394954671,720.048556430446
669.646480331263,669.090239410681,668.365112406328,670.63572761194,670.421514312096,664.65903555772,669.847917641554,669.651469098278,671.327394209354,670.97821969697,668.778787878788,667.694078947368,673.031914893617,670.72652173913,672.755766621438,671.857008022652,674,672.401501766784,670.76699410609,681.390114379085,668.1558608845,663.761346444781,668.114372855509,664.166789396171,674,670.159502262443,668.862483311081,670.708369659983,672.705361098804,666.854138702461,668.788461538462,671.076535288726,666.854138702461,666.400541795666,663.300427516518,674.793156478278,671.829396325459
923.656238498344,924.475347222222,930.516674722088,922.119926199262,931.187919463087,939.335591869271,939.068337129841,933.016122840691,939.01453612655,925.582153582154,932.96112412178,929.724035608309,927.91298006806,931.811329374143,933.001373626374,926.100668151448,929.598005203816,933.877358490566,932.855113636364,932.614720394737,936.336516424752,932.542214679677,930.585657370518,928.88713219148,929.598005203816,930.612627291242,930.660861594867,935.036971830986,935.559161873459,929.22793487575,935.706189710611,936.726907630522,929.22793487575,932.777348279861,931.082851637765,932.333463490824,931.715768463074
411.908049353702,407.468399820708,409.557832792208,408.770745131245,412.198946886447,411.786061588331,410.64732242886,410.475231481482,411.362350119904,411.535749751738,414.812249264509,412.687296416938,407.940557139724,410.728279030911,409.731128404669,411.596070726916,407.448397013614,410.562542106445,409.281755196305,416.217470843814,414.091477885653,414.960806023029,418.854688470296,416.346993920288,407.448397013614,417.822674418605,418.577867280399,419.527741696047,426.24376878204,418.89714066398,414.47218887555,420.015290519878,418.89714066398,420.055348490496,421.25163132137,425.614728822783,425.942690528856
167.565625,162.088119245945,163.659819639279,160.692033822875,160.729333963155,165.308697611537,163.780360255665,164.715472481828,161.412919896641,157.403674832962,157.201033591731,162.904249596557,159.46618705036,163.405036726128,166.127733026467,162.232050545663,161.565315315315,161.090428090428,165.807417336908,161.422004889976,160.353757778842,157.820465966195,157.425942156004,161.886198547215,161.565315315315,158.154382904492,160.491206030151,159.548932384342,158.532972440945,157.152585119798,159.623348956114,158.465560165975,157.152585119798,160.386904761905,163.105375426621,162.270092226614,160.668039538715
795.951153932333,791.568507157464,794.758200795229,786.35953978907,788.574157868276,783.318469991547,775.367396142433,781.432593856655,786.001206563707,787.432108027007,787.529441117764,787.534053339211,793.50379266751,792.427522501184,799.299694189602,798.854120267261,800.334811012599,802.012068965517,804.628145114102,802.005660911407,794.576655579075,796.241682705527,793.718277730254,784.742564441507,800.334811012599,796.012458219386,800.468085106383,789.965488449763,796.574462949553,789.807780979827,796.360563380282,788.14200477327,789.807780979827,781.515426931356,776.030753718175,777.127301587302,783.187643020595
132.00386286818,127.90727081138,132.705098493627,131.560450819672,130.067415730337,128.329758713137,131.901136363636,127.037276341948,125.430976430976,126.73665480427,123.984575835476,127.470127326151,124.101589103292,129.775460122699,132.685174585003,130.199876237624,130.77245508982,128.021313364055,130.580697050938,132.125345113197,131.87679558011,125.755952380952,126.372180451128,126.107722577472,130.77245508982,121.8843386829,124.68349106204,126.901775804661,128.287460148778,122.649972175849,122.840549102429,124.486341724692,122.649972175849,126.655868295274,123.821410190427,125.632432432432,122.210526315789
525.894984326019,531.190741773564,539.200716845878,533.343713278496,535.288785589773,536.779152784388,537.51746835443,532.165256627186,532.209703504043,530.896202531646,533.91114790287,530.922200198216,530.24569177745,530.200626959248,530.509132420091,532.514827995255,534.023385866802,530.862247540135,528.167468299082,525.09525862069,532.545924967658,538.972169271826,534.383327130629,519.413845568657,534.023385866802,531.63248564397,525.137467476149,526.841706161137,535.083259127337,532.417958311064,520.628420123566,523.664182194617,532.417958311064,521.195953540652,525.027500996413,526.86374501992,524.21207177814
252.74381443299,251.337541163557,249.754131196795,249.080681818182,250.711966325917,250.229352346999,253.447078280044,256.823401950163,253.270139893874,251.952706253284,254.462715105163,250.931839847474,251.368034292713,252.169302870533,255.783281733746,252.340436075322,253.48156899811,254.021327014218,262.755129348796,259.810566396954,273.116961588261,260.847947761194,260.517778860205,257.92529296875,253.48156899811,254.348576761549,252.714433523021,248.813926272674,250.325955734406,250.650731158605,255.117234468938,254.059459459459,250.650731158605,259.786846741045,255.984412470024,249.832862789385,251.205769230769
12.0326975476839,13.558790593505,14.1197053406998,13.4704049844237,13.3738819320215,13.5262593783494,16.0612765957447,12.7937219730942,12.8127802690583,12.5791139240506,14.5837104072398,11.2354609929078,12.1579545454545,11.5569782330346,12.3465783664459,12.6431670281996,10.9864995178399,11.4414694894147,10.7770588235294,14.5564325177585,13.373760488177,13.812769010043,14.5017397355602,16.6552250190694,11.546106557377,13.958818263205,14.9848369977255,15.1350148367953,13.7721335268505,16.020316027088,14.3687943262411,15.1389932381668,15.8259259259259,14.6480716253444,15.4413114754098,15.1754282339043,16.0324129651861
437.755253399258,432.406593406593,432.909594095941,441.50118623962,434.459459459459,436.926757235676,437.779394644936,437.027962716378,433.721040189125,436.682814302191,431.682074408117,434.265356265356,429.613317757009,431.179518072289,436.678308823529,436.366134185304,437.294729993494,436.592821782178,440.039365773647,439.320987654321,437.34127843987,435.059376837155,438.435626102293,437.425897824987,437.294729993494,433.654982473711,433.753998896856,440.331928345627,439.00495049505,439.899869960988,439.020970641102,442.021188630491,439.899869960988,434.276490066225,435.370485678705,436.140025575448,436.865064695009
67.1165048543689,69.1764705882353,76.7453416149068,82.6359832635983,76.6821345707657,68.4431137724551,76.1614906832298,77.2194570135747,76.8937644341801,77.2314814814815,74.6934782608696,77.0090702947846,77.1964285714286,74.1748251748252,68.6952965235174,66.6141414141414,66.1844262295082,64.4303534303534,65.7131979695431,64.3012939001848,64.2744014732965,63.54296875,64.649377593361,62.3216494845361,66.1844262295082,63.1387559808612,62.9041353383459,62.2328767123288,62.9368932038835,62.3292079207921,62.0161290322581,60.8563829787234,62.3292079207921,64.1847290640394,62.5216346153846,63.2578313253012,63.166265060241
1039.64260474508,1058.25666666667,1051.37278106509,1049.72551466001,1065.39837398374,1063.0129740519,1050.35086633663,1052.66240977235,1050.96054054054,1061.04656964657,1063.07193563654,1064.54047523157,1065.82677567706,1064.0561272217,1059.44857768053,1056.73675357443,1061.64012318522,1057.67823878069,1059.42028985507,1057.46892904363,1064.370273794,1063.11822871883,1059.94714224323,1062.50411184211,1061.64012318522,1061.21877337322,1063.93932038835,1059.05468066492,1064.82332613391,1063.65404929577,1064.03041216487,1065.33642793988,1063.65404929577,1063.55323590814,1065.04981473858,1066.97583947584,1069.18258287976
706.50206185567,723.419493807216,718.58078994614,716.4,728.892980935875,720.262458471761,721.92899408284,721.023964053919,719.424774322969,723.100139729856,721.83245572044,719.958265582656,719.952825552826,721.04873294347,720.073586744639,717.931428571429,720.189494354443,723.031583629893,720.043769539973,721.602145922747,721.12140175219,715.617673992674,719.063185773742,714.452569995821,720.189494354443,721.844064826982,722.146165723109,718.480964467005,719.447177193963,716.940889106009,719.764452938366,721.125549584758,716.940889106009,716.714470842333,717.022754021185,719.223015165031,716.570590535784
1076.93548387097,1076.99759036145,1079.73477088949,1079.82732802995,1074.99162595953,1074.13694267516,1080.10160427807,1081.26172465961,1080.58552631579,1075.41014925373,1072.98917378917,1070.8995,1073.00176470588,1072.80200780814,1073.45611111111,1074.6722513089,1073.11895708854,1073.19889779559,1073.57463094587,1074.11281779661,1070.71720698254,1074.06998359759,1074.39268159476,1076.89850917431,1073.11895708854,1074.01056338028,1073.53526763382,1078.61735330836,1077.19407496977,1078.22171945701,1078.97452229299,1077.98730794923,1078.22171945701,1078.83677419355,1078.41948051948,1078.43439490446,1077.74126870991
930.442271880819,928.60740924913,930.079266782264,928.8913599182,930.444369672499,932.484708301208,931.07240293809,929.077922077922,926.801044386423,929.672017782168,934.277973790323,930.851221317543,931.613843351548,933.45880574452,943.116044616045,934.717105263158,940.244354110208,943.322304995618,943.376275510204,943.094278980073,938.904060509554,946.377804014168,939.699701381112,939.60500206697,940.244354110208,926.573397129187,941.38735352642,923.474222585925,936.593503701935,920.719494204426,930.491301059002,926.281845112146,920.719494204426,929.501427042455,936.730808773132,943.057272568535,938.635373443983
538.988973121985,533.429701765064,538.88257339163,540.560933940774,540.336473050759,544.580895522388,541.040222772277,547.932203389831,538.340870548332,536.823008849557,536.773633440514,536.700516351119,537.026451612903,538.931097560976,542.256718124643,546.927226463104,548.472609561753,537.677771993753,540.770919881306,543.537440254912,546.211402623612,540.600208768267,540.708092485549,538.354463814052,548.472609561753,536.696032972695,541.189413596264,543.529192546584,543.911858974359,544.694634146342,541.685058896466,544.892156862745,544.694634146342,561.051724137931,560.165343297524,543.860902255639,554.314231136581
999.225677830941,993.288075976082,1002.13563218391,995.201476468779,999.406501340483,994.943502824859,1004.23577844311,1001.7708403645,1002.35314995563,996.530820711518,993.857798165138,992.382113821138,996.769995855781,1001.96383224317,1003.53572562718,1005.404,1001.00273972603,1010.10607142857,1011.37752808989,1014.12669683258,1017.92990825688,1009.21999410203,1008.62067710229,1007.79823859087,1001.00273972603,995.030065897858,1000.66573705179,1004.15976619581,1003.10387469085,1003.25635013677,1003.82817391304,999.290161892902,1003.25635013677,1006.54014308426,1004.76806722689,1005.69771176234,1007.19101578308
907.927840752004,905.30964332893,924.502776870304,918.554865424431,898.787045523984,912.947819106235,899.183203521842,885.901476141435,870.382230328296,881.048307781313,880.890775890776,866.732826948481,860.776854416744,865.089940828402,847.516317416695,866.274411974341,862.934551495017,856.065262430939,863.671007539411,851.654090044388,859.287391304348,838.293854293854,843.653223026543,824.253401360544,862.934551495017,825.256793478261,834.048210372535,848.286203941731,850.040448039826,839.571140262361,842.775456053068,844.144372421921,839.571140262361,833.723302422973,828.406678082192,826.940783615316,810.566683964712
629.593895155939,633.891644908616,630.040417209909,629.065773447016,632.982089552239,636.924705882353,637.498117942284,635.844951140065,637.595971563981,632.763988919668,631.088745980707,635.488110137672,637.892090741876,639.59088030399,643.632996632997,640.759926695174,644.090229578217,642.669496321449,636.042445679636,634.632635625801,634.131044487428,635.4868173258,638.357708430368,645.338395823446,644.090229578217,643.298767967146,639.684860298895,639.218765192027,635.302378255946,640.29520295203,628.637889688249,635.209734069242,640.29520295203,634.631040892193,643.415250544662,638.808302238806,637.174617878647
214.694341618191,207.060228452752,206.518853695324,208.793704806465,207.65784114053,209.825757575758,212.265023112481,217.255113636364,219.742543171115,218.091007583965,216.051933701657,219.056603773585,207.434914841849,211.89851150203,207.323803191489,213.469447708578,215.968818380744,216.997101449275,212.891208096142,208.998439937598,215.866633115249,208.748275862069,218.30639948287,214.889984825493,215.968818380744,218.903933434191,215.647218453189,214.738571428571,215.63272233537,211.403412969283,220.079214195184,236.453564547206,211.403412969283,209.863897763578,219.623813291139,220.447304516756,218.502339181287
255.355080213904,252.442222222222,250.935267857143,255.269833948339,255.109072375127,251.849498327759,253.70139275766,256.631167268351,256.285637149028,259.506072874494,257.216454997239,251.959319975713,246.849372384937,250.554698457223,241.664330218069,249.409539473684,253.988979118329,253.073894609328,255.446952595937,250.731720430108,256.058120586638,252.063990692263,257.404022988506,255.924409448819,253.988979118329,259.896498054475,256.0563286945,253.740740740741,255.752703677001,254.940026954178,256.626773596545,242.001749781277,254.940026954178,256.269863013699,256.738706179978,258.982026143791,256.340367597005
44.2423173803526,53.0394537177542,54.6434426229508,54.3088838268793,46.5393794749403,48.9369641956631,48.1705390334572,47.3071297989031,48.5910267471959,49.5130397605814,46.623595505618,49.0090456806875,50.6656613528651,50.6556145004421,51.2395420519595,45.5511450381679,50.086642599278,53.5652569349704,50.1298521256932,51.6368086147822,52.5574740996547,46.9100642398287,52.6784369114878,56.8158519221642,50.086642599278,49.0905739863086,47.7296777296777,54.5389957264957,48.6944927536232,46.0856052344602,43.5558958652374,42.7369281045752,46.0856052344602,56.1629213483146,54.4424977538185,48.6460723742277,44.7816513761468
380.431994818653,383.709340300457,379.762731481481,379.752577319588,382.972047519217,382.95308310992,381.887238352465,382.244708994709,376.20871436256,376.178853235139,384.393536121673,377.090855457227,377.088100686499,381.92641509434,376.846263008515,381.99430740038,377.563924677899,382.37015615963,374.951391957578,379.584431137725,378.597279716144,378.972988505747,377.600647598489,381.859598853868,377.563924677899,375.69209039548,373.503397804496,374.422436929683,374.395498392283,374.248575867426,371.751899865892,373.385117493473,374.248575867426,374.720930232558,375.067986230637,379.994542146756,378.621712367096
349.067613252197,352.304677623262,346.915027537372,347.347470238095,351.615434500649,351.850696748507,350.448073154801,350.290613718412,348.754290171607,349.686304514155,352.200374531835,355.65991902834,354.26328125,349.925277291302,333.644399460189,350.198389879241,337.895265423242,346.950162513543,333.55081300813,344.743367623173,347.412234042553,345.528497409326,344.087353986795,349.154676258993,337.895265423242,314.956284153005,314.46303291959,321.146245059289,319.045659526494,319.846557759627,323.927002583979,325.851531291611,319.846557759627,336.696666666667,329.167963683528,351.459564974902,348.795370857443
236.324337831084,235.836703741153,239.833946078431,235.147357180993,236.610465116279,239.478887744593,238.744225352113,238.338955386289,243.788479697828,238.132114882507,238.869678089304,241.944117647059,239.925373134328,237.293512658228,241.467184191955,239.914015904573,236.124659771366,237.88211173757,238.602230483271,236.338881183541,238.585692228513,234.128125,238.719459198455,237.667022411953,236.124659771366,236.904850746269,236.331658291457,235.435897435897,235.22161671208,236.792335115865,236.298915849251,227.456486042693,236.792335115865,232.876404494382,224.696614995255,233.979971387697,241.397101449275
323.57104010877,322.315389924086,326.848214285714,324.8237913486,322.565066109951,322.794568245125,321.161533196441,320.989382879894,324.120567375887,324.073062261753,323.592926045016,325.169800884956,324.853484216796,319.479565772669,326.691711389386,319.608228980322,324.570932252461,317.153034300792,320.471316085489,312.641902725815,315.26520183955,312.180632212745,309.156367544331,312.330627705628,324.570932252461,342.16435768262,344.262812089356,350.330843913368,346.754894851342,342.817188638019,329.948669201521,327.058564231738,342.817188638019,319.981569246972,324.300283286119,316.170719602978,312.398848684211
804.17631151974,807.965244865719,810.924703455389,808.253468516542,807.582191780822,810.488003838772,806.315217391304,811.293994778068,807.04985835694,808.836668818593,811.125988402741,817.984987893463,804.713675213675,804.697347049269,805.825205479452,808.111228813559,804.994753410283,808.293264248705,807.855537720706,809.297861760318,807.522244691608,805.550134048257,805.186263736264,803.734451054624,804.994753410283,810.089495996232,807.818386914834,804.974625144175,805.166568569747,808.704649974451,812.935687928308,811.397191011236,808.704649974451,810.133298484056,806.960414129111,812.26037929267,809.811028144744
951.490762124711,952.705748434832,953.153184165232,952.397959183673,952.270547945206,939.334712058543,946.524339802736,927.967416862613,927.653741496599,921.053143227479,920.231151101458,923.55985915493,927.193887002161,929.548840248285,929.405559515324,926.745043616178,921.437725381415,922.003131850924,936.738372093023,927.411269430052,934.4514978602,930.173801094303,936.581475128645,929.348079161816,921.437725381415,934.744618106753,930.808417508418,932.856545128512,938.866310160428,928.244619063888,932.038293584145,920.261904761905,928.244619063888,919.49134835129,920.510383667723,922.482851178049,925.046902345117
766.825688073395,768.675925925926,769.852439741329,768.721739130435,769.083126550868,771.210987726476,769.582023884349,769.957222566646,769.493011435832,769,769.574547723019,772.057780320366,770.212432106216,767.937892095358,770.06592039801,769.878787878788,769.788092189501,770.288917360666,769.357052096569,770.351761846902,768.836597649692,775.357550596783,771.207317073171,770.961910176237,769.788092189501,775.110329908058,773.903452311293,773.760563380282,773.758928571429,775.253150684931,776.69578313253,775.962071041541,775.253150684931,775.563882063882,773.878594249201,776.409718056389,775.723852040816
236.447653429603,237.486975596381,238.955017301038,239.120876353563,239.852375225496,244.801543077583,240.586545729403,242.056446991404,227.847383265434,228.075100581135,237.014203769462,229.292156862745,230.926422250316,233.450919117647,230.033882614331,224.712626995646,232.475405477267,231.729426833173,236.998461275432,228.508795309168,233.514874141876,237.567973523422,237.837823275862,235.358144126357,232.475405477267,237.364156835531,235.600747818862,235.533348304514,234.54650430401,234.768764910993,232.845509893455,249.854493580599,234.768764910993,235.899106256207,248.828250401284,234.219031531532,232.851636870211
872.961624026696,879.445956160242,874.260303687636,888.241027056875,890.417768832662,874.616141732283,875.466639708856,873.311867525299,876.317370892019,869.272194682289,872.232537960954,870.994821092279,877.986301369863,874.209902011346,876.243733509235,876.800966733011,869.669957081545,867.766738660907,889.220376175549,878.027580772262,874.692743764172,871.758206565252,874.484382073336,871.404133685136,869.669957081545,873.522620169651,872.771037181996,874.455031166518,873.846767050487,875.94940029985,876.3515625,886.419289851423,875.94940029985,868.637971304638,871.406818181818,875.537137681159,877.731359649123
1005.27426390403,1011.66510976179,1007.1148002251,999.236996834012,1002.74638019617,1007.51052150046,1000.64526427811,1002.82820976492,1001.24808282209,999.42018703644,998.8164964056,1000.36695366954,998.418988648091,993.008248730965,999.972564612326,1003.48526077098,1007.76434782609,1011.09618039577,1007.80523656408,1006.40036730946,1006.16468516072,1009.5520907158,1010.17695620962,1011.30492057342,1007.76434782609,1013.53610426206,1004.42953020134,1006.18661257606,996.564102564103,1005.42801724138,1004.52065026362,1002.04083235179,1005.42801724138,1002.76337846551,1005.92506596306,1009.19160839161,1020.04470359572
303.199254349627,303.043960558751,300.507179054054,302.970625798212,300.739599383667,297.743897859557,294.815502624142,294.32435508346,297.04631147541,291.199129057799,292.047655947307,288.865045806906,299.8046458492,293.441681735986,297.941336441336,297.178307313065,297.540358744395,292.671502256609,295.19061801936,324.555108428348,299.985623003195,306.96736453202,301.490097227224,316.132709733996,297.540358744395,299.049599389546,300.34728197106,298.376500857633,298.484316185696,299.321900826446,293.069988588817,297.709214501511,299.321900826446,304.612594113621,303.125,301.34677990092,304.009637753406
972.354881266491,973.846405228758,974.362524146813,973.202928870293,973.394199077126,974.273367477593,973.498,973.487000634115,973.527352297593,972.776201733649,972.861111111111,973.552753815528,972.630988023952,973.5,973.931209268646,973.299363057325,973.991951710262,973.947157190635,974.04419525066,973.3859527121,971.98598820059,973.563265306123,974.842206542656,973.653896961691,973.991951710262,973.380159786951,972.254572055596,973.021276595745,972.595606183889,975.976730987514,976.190502793296,978.58268190018,975.976730987514,974.33633295838,977.911680911681,985.819836785938,987.119351100811
503.184842883549,498.593548387097,502.907269605037,502.8362706083,500.613062230437,507.587147030185,497.181212121212,506.185383244207,497.006130790191,505.249201277955,504.111540941328,504.805168986084,499.016574585635,498.308965517241,508.2868956743,502.96700659868,500.209677419355,498.526349206349,496.047028086218,504.491258741259,506.472826086957,521.691690962099,521.033589923023,523.935785953177,529.965651328581,522.626050420168,518.899059561129,520.052631578947,521.508114856429,518.912755716005,523.337262606418,521.204804045512,518.912755716005,520.306493506494,521.21468229488,519.500623441397,524.468364197531
516.845156369184,522.293499671701,520.695652173913,519.731582786287,522.681017612524,521.805574912892,521.587796610169,523.824191279887,521.721120984279,525.912244897959,526.797987059669,529.393004115226,527.486187845304,527.122044728435,518.811914323962,525.917175831636,529.965651328581,531.528430160692,526.588734100545,513.833553500661,512.284876140808,498.512742718447,499.160417947142,494.338709677419,500.209677419355,493.220815752461,498.854430379747,490.805993690852,492.229217110573,488.171636363636,493.654263565891,501.723566878981,488.171636363636,505.88166449935,503.126243781095,497.199744735163,500.697038724374
745.887443070917,746.576677915261,751.41846361186,750.932446999641,752.587401574803,745.937347720153,742.380896226415,748.511330861145,748.315398075241,753.720982142857,748.922124600639,748.807877461707,756.837749546279,752.29945269742,750.245059288538,744.565623730191,746.364947552448,750.915210907542,745.62380357886,740.612236789829,744.279968454259,746.148431522571,747.461625708885,744.716066481994,746.364947552448,747.36169442433,746.966864318103,745.752936718454,744.366679345759,753.369353089989,758.569384359401,758.980706344016,753.369353089989,751.269353551476,747.136715724245,748.378462603878,750.302966841187
873.458672510958,875.314205955335,875.648389095415,874.768240343348,873.785976729945,874.860089686099,875.807772174429,875.719340329835,875.917384843982,875.699702380952,875.313296903461,875.731729598051,875.602169981917,875.28275862069,875.136904761905,875.674872410687,875.650584357207,875.890881913303,876.208233173077,876.635542168675,876.628143712575,876.15274034142,876.135980746089,875.805046560529,875.650584357207,875.499256173758,875.239018479249,875.007885956931,875.145382505334,875.045619335347,875.888888888889,876.533333333333,875.045619335347,877.011370262391,877.094968740697,877.077744807122,876.679605852493
485.192682926829,489.809496236248,488.938713592233,489.704161979753,487.688524590164,489.784623773173,490.061497326203,487.613431151242,487.784776902887,487.369458128079,494.3984,489.988206388206,487.817209302326,491.799619228939,492.192864529473,491.459857723577,493.618246687054,492.328839672605,496.570093457944,494.791481246027,496,494.173935091278,495.805278884462,496.302123026674,493.618246687054,493.400446179587,488.417890520694,497.150084317032,492.876752336449,492.17985998923,496.818979703785,493.975267379679,492.17985998923,491.242284963887,492.518565941101,491.463863337714,494.132701421801
786.066171003717,767.150630630631,790.99376146789,781.413828337875,783.452920962199,788.332816377171,784.155414012739,780.269642857143,787.340712945591,767.269794721408,773.27626720376,770.466591591592,770.788673139159,773.393989983305,787.437827715356,775.381608458827,761.553910524622,775.414701803051,772.177646188009,767.229027113238,775.060081091043,774.830304996755,765.791443850267,775.241904761905,761.553910524622,775.513698630137,777.612987012987,777.173657718121,776.455495356037,786.194256082968,784.249691991786,784.327635327635,786.194256082968,781.032937571812,775.77970011534,773.298958683238,766.982577132486
994.299181924425,991.213762214984,964.98853974122,985.024626564392,974.298144876325,975.290274126924,967.000877192982,970.34796460177,965.128684399712,961.24027072758,966.269216757741,962.79642979746,961.10773480663,950.699325523607,955.908573596358,958.170349537967,949.91957005189,956.339598462196,963.073023079834,950.75,937.556731120029,949.065307663269,943.965367965368,960.200871898055,949.91957005189,938.120057000356,961.743212669683,948.458741830065,953.461342086069,963.127906976744,958.227777777778,945.617205998421,963.127906976744,932.637757009346,929.26299267527,952.565543071161,950.250917431193
274.880126182965,280.950680272109,279.088154269972,280.917355371901,276.684887459807,280.640275387263,281.18398637138,279.162087912088,278.463611859838,278.701369863014,281.505524861878,278.480337078652,280.094707520891,278.726351351351,281.844974446337,280.338487972509,283.723661485319,280.3264604811,280.977928692699,283.991438356164,280.772058823529,282.758904109589,279.567753001715,277.488215488215,283.723661485319,280.038851351351,281.603806228374,283.084192439863,278.96397941681,280.55612244898,281.994782608696,282.663822525597,280.55612244898,281.603993344426,281.28125,282.421768707483,281.723440134907
363.743010752688,389.865294117647,399.996392062538,393.361952861953,385.839009287926,390.979917845733,396.696438356164,396.571785892946,392.033908754624,389.145299145299,388.112534818942,387.772390188249,391.444919786096,393.824721377913,393.998827667057,397.341851220897,392.685294117647,392.979314099075,388.255146262189,395.509791921665,392.925120772947,391.753987730061,394.267794632439,384.229755178908,392.685294117647,395.510874818753,390.737896494157,390.177738927739,390.038552787663,390.686783343392,394.326164874552,395.915088927137,390.686783343392,400.272566995769,407.085052983826,429.424342105263,443.019801980198
97.39092495637,98.9947414548642,99.2737676056338,98.8389380530974,98.6445035460993,98.9275491949911,99.0178571428571,98.7909654561559,99.0284697508897,98.6547725245317,98.8721340388007,98.8305084745763,98.8549686660698,99.2121212121212,99.5658012533572,99.6007194244604,99.7010869565217,99.5639165911151,99.7163504968383,99.669384057971,99.6145454545454,99.4046973803071,99.5095194922937,99.2708142726441,99.7010869565217,99.1590909090909,99.0655141037307,99.0712996389892,99.2040256175663,98.9927140255009,99.5983827493261,99.7315741583258,98.9927140255009,99.7360730593607,99.6754785779398,99.8215919487649,99.7410468319559
766.244343891403,770.825038481272,767.716097023153,764.47966507177,764.362603305785,766.746136865342,761.926764314248,770.080890973036,770.00396039604,769.11894953656,767.548271216884,768.952759820985,770.868252516011,765.918378995434,767.454900048757,769.556671449067,767.7066741447,771.909614532565,769.705400192864,771.443864229765,768.249778172138,772.849196538937,767.108595548734,773.082688588008,767.7066741447,775.612722170253,775.658362989324,777.220085470085,776.471863706763,774.404683840749,775.60257096947,775.564071122011,774.404683840749,767.743535396354,763.09074243813,778.193455245428,780.481380915438
205.377274963109,211.614344503233,207.29296875,208.724943052392,210.996487119438,208.80449657869,207.780271707029,211.327515997673,209.243961352657,212.416772554003,212.027079303675,207.375164257556,210.817026683609,208.577694235589,208.15652173913,205.902794653706,210.747536945813,210.90495049505,207.953027730617,208.640725570509,204.12101910828,205.672322995904,208.944342507645,211.322400990099,210.747536945813,210.469421487603,206.959064327485,203.05343047966,207.237770897833,204.208049535604,210.053503184713,210.903569192235,204.208049535604,207.860507246377,211.029175050302,209.558041112455,207.653459821429
997.900304414003,997.653411306043,1000.70297029703,1000.87510305029,1002.31716656031,998.137254901961,996.781718281718,1002.15470260768,995.48024691358,1000.16692367001,996.906696764485,996.621899059025,990.8778998779,997.025435704192,995.155942806077,1000.63778054863,1003.19444444444,1002.36524011761,1001.13269704433,1001.99027237354,1003.76045268783,1001.53337434636,999.37830840046,1002.96647859276,1003.19444444444,1013.83347280335,1000.98877665544,1002.74840538625,999.967465753425,1000.91515151515,1001.86916319926,1000.4147926037,1000.91515151515,1010.4987137082,1006.53222836096,1000.40569668976,986.425316455696
803.402512562814,811.194324491055,803.202680965147,798.001977261493,802.964266666667,806.466275659824,799.568194070081,808.202447163515,808.298856831791,808.589359504132,807.134376438104,805.565942395149,808.713527851459,801.231077694236,804.491637100862,806.762593516209,802.609360076409,808.471816283925,805.363092269327,809.457111834962,810.366120218579,810.297583081571,809.842426887822,805.526908635795,802.609360076409,809.041267942584,808.887612387612,807.383305875892,810.16041326808,811.193351800554,808.064259160913,792,811.193351800554,806.05,807.896019496344,812.097590361446,815.062439961575
381.022028985507,377.685903983657,380.624263839812,383.660672853828,382.219897523484,376.539858728557,378.68359375,376.504385964912,373.253623188406,376.75361512792,377.181913225301,378.994100294985,378.157600406711,374.262560777958,378.476166832175,377.250528541226,380.183454987835,376.880266075388,376.923279033106,378.149253731343,370.760288065844,372.522419186653,369.822874493927,371.124810510359,380.183454987835,375.448688711517,375.10298661174,373.023012552301,373.459084604716,375.189696969697,377.068277945619,379.921399885255,375.189696969697,377.597713663582,376.129335684891,381.938775510204,376.918304668305
748.424644243208,753.91588006663,743.275038520801,745.303550059832,742.83593220339,742.451486442339,743.810025426807,742.17686123733,741.399038461538,741.362715298886,743.536489854041,739.116508688784,740.943030763388,741.889301634473,741.958101594364,738.114008941878,738.194507148232,738.354899027674,734.311004784689,736.35480349345,738.409842845327,738.809503959983,740.041952983725,735.385919646148,738.194507148232,734.671495834842,742.399925456578,738.731206293706,743.718304843305,740.08671380722,737.130965593785,736.477798053528,740.08671380722,731.470452446907,729.522916666667,732.929802169751,735.222874806801
1011.74005167959,1011.13957135389,1014.85729386892,1015.33053515215,1013.43926788686,1024.68614993647,985.523318605793,977.341731724627,968.056415376935,959.493981704381,968.289448669202,956.639540229885,968.257040450589,967.323796548592,962.169048591262,962.200145560408,979.813465346535,986.531496062992,989.045757071547,986.314586994728,985.243954179041,984.472293265132,985.592100265856,1008.62148406108,979.813465346535,986.016060862215,999.45648312611,997.40621447518,999.843411394617,1001.25515174223,1009.20586053412,1012.43268450933,1001.25515174223,991.993312757202,1008.22711015737,1008.92953736655,1020.8361611877
236.871912934282,236.444444444444,244.313732787495,247.292307692308,241.848927038627,231.99054745963,241.3714781101,239.754854368932,242.84527001149,237.423989455185,231.450833616876,231.126781147242,235.7875,239.374871266735,232.728466589417,239.971669218989,241.915415019763,238.897799328609,251.578460244005,245.692865318581,243.602941176471,238.239815203696,240.707636692273,256.800989749028,241.915415019763,242.400741350906,249.332407774693,244.359750667854,239.191914271797,239.791537267081,237.57130620985,251.129058116232,239.791537267081,241.777817403709,248.081956592161,246.845641310383,249.793640278238
972.409475465313,977.476899383984,977.52496564361,977.855693868142,981.366798418972,993.773226773227,1001.96,1027.29043565348,1005.45397225725,1006.23048869438,1011.3529649052,998.519970951343,1010.0036101083,1007.90481400438,1013.09693877551,1024.0843186061,1026.40782735918,1025.66265060241,1022.84823747681,1024.11760213822,1024.60107482431,1024.03365586874,1025.27279384841,1019.64995115598,1026.40782735918,1009.8312863607,1023.15909090909,1028.34709322325,1036.90759849906,1021.47686464088,1015.79770285291,1010.36585365854,1021.47686464088,1022.63361592333,1018.32665925102,1018.28419508618,1015.67924528302
457.323463436519,456.265666372462,451.740144364242,453.593326381648,450.790252707581,452.128872923215,448.857692307692,445.591489361702,454.098166127292,447.733220050977,447.080890973036,447.705906650145,446.429445172564,448.366108786611,448.511767420397,447.757034390353,451.482820976492,450.151604938272,453.345308537616,455.198529411765,447.916555109326,447.625836120401,452.68449197861,451.008415841584,451.482820976492,462.357838795394,453.588395285585,458.302057613169,456.672516952533,456.609200343938,464.10009310987,452.140570285143,456.609200343938,456.890057864282,460.082041932543,454.981862745098,456.325717063685
866.091770951839,865.032583903552,868.767145790554,872.428963414634,868.252612612613,866.328425096031,871.405997304582,870.19348497613,867.05037037037,869.577594728171,867.396638054363,863.907977606718,865.775467775468,866.407829181495,868.356081452944,871.712371134021,871.355785354947,870.290804207669,869.092365692743,871.35702247191,868.148870318787,869.589001447178,865.269968508445,869.482441471572,871.355785354947,865.373227827234,869.647256815887,868.479734219269,866.832630098453,868.682183523108,866.618869209809,868.583303475457,868.682183523108,860.256477533618,857.720875912409,863.254674403611,862.728307254623
1030.65812154696,1022.79398807981,1022.05600628108,1021.48110899701,1011.43927155236,1014.77233009709,1022.57866734229,1014.59104627767,1020.08771929825,1019.94275112642,1019.8079954955,1018.45859704641,1019.68540829987,1021.50515743757,1022.84543513081,1015.17450980392,1015.66055930569,1015.15084586466,1014.94804526749,1014.98815399803,1015.87801278898,1013.03699186992,1013.81754221388,1011.16580756014,1015.66055930569,1011.35562913907,1019.63944667559,1015.48506329114,1013.04464285714,1013.5878194671,1012.11031664964,1011.31730337079,1013.5878194671,1009.34308093995,1006.20361509835,1011.91970074813,1009.20556161396
778.284285714286,779.062470862471,779.344049904031,779.06593951413,782.316158079039,782.170757180157,779.024342745862,783.796736596737,784.632134292566,781.902737047898,782.608252427184,785.220371251785,781.416251246261,782.159046692607,783.707033069399,782.984088717454,784.062023385867,786.131413141314,784.729668332576,785.75468074892,785.35394265233,783.515181194907,783.760115606936,787.476669716377,784.062023385867,781.567692307692,784.513354700855,779.870389884088,785.7515,784.261820030503,792.142649199418,790.550445103858,784.261820030503,786.66378565255,786.037068965517,779.054994388328,777.9636
205.103015075377,212.806865177833,205.230651340996,206.656995230525,214.204705882353,214.531071428571,209.56956956957,217.73948681397,210.93990488543,197.283011106541,195.561877667141,199.318757192175,203.306926210955,200.32065652522,196.205288461538,199.405972558515,200.442682374264,193.607476635514,183.584166026134,188.002781641168,200.684584178499,203.625653206651,187.301869991095,190.13319349764,200.442682374264,196.726612170754,184.426809651475,176.487224669604,188.211025756891,182.922736220472,178.522362136344,190.66269165247,182.922736220472,198.062831858407,182.644230769231,184.049485546301,192.056111352762
1002.839,1000.46571136131,1007.40991180176,1001.64133738602,1002.95519542421,1001.62962962963,993.651331719128,995.001284796574,997.280343277483,993.224014336918,1003.66580422596,1002.73159821065,1003.07456140351,1001.89873417722,999.394817073171,1002.87262012693,999.283295194508,1005.17242718447,1006.89216512216,1003.29942503317,1001.3431283906,1005.15787234043,1008.53631532329,989.481244281793,999.283295194508,1003.86980356327,1001.20901458241,1000.664,1005.13787954206,1004.49954044118,999.882944673068,1007.44716494845,1004.49954044118,1004.57982813207,1004.7148241206,1001.00331674959,1005.72645372645
105.444801401869,97.4682829624709,84.9250208275479,82.678458160527,77.6788070731064,67.2502815949538,59.6707060063224,63.5291536050157,76.3634584013051,78.1116263663465,71.0436264485344,70.2395147313692,66.88662969809,66.2796992481203,68.4170513168613,72.5570674812552,72.1601683029453,74.7702946482261,71.2718301435407,74.6340190359226,78.8874560375147,78.0407975460123,69.6129232680957,61.6486157590508,72.1601683029453,61.2656381486676,68.8614097968937,71.3344370860927,76.116077170418,79.5713820078227,83.6597587380142,83.5398280802292,79.5713820078227,82.0622483741096,85.5645326942828,87.5425605536332,89.0425079702444
902.561684275948,909.112848502729,909.231012241674,905.782809003554,903.333378088077,903.563906697586,905.755512140664,904.579045168668,906.337048832272,906.262195906809,909.741997439181,909.709934455725,909.326805861756,907.187144622991,907.586390020995,907.273592386994,910.486032769272,909.720638057595,910.726139354481,911.848953013279,914.163766119945,917.974368187807,918.793562987176,912.968212086946,910.486032769272,914.137005293673,915.597520449898,915.933238268084,911.131776112825,910.976327010734,913.08790724978,912.515536528104,910.976327010734,913.908850026497,914.343699059561,912.830406422479,911.710777791218
1071.28648357566,1073.89001264222,1073.0563204005,1071.69644902635,1074.06948465547,1075.75749840459,1073.82041820418,1072.35819070905,1075.20419847328,1074.30733410943,1071.83893034826,1074,1075.3796864349,1070.14198557959,1072.78571428571,1073.09914642154,1072.85136031851,1072.9841356674,1074.49974398361,1073.67998051632,1074.46989877464,1074.60188784009,1073.8447592068,1073.76559660812,1072.85136031851,1076.15042630938,1076.434,1076.31150930393,1077.05636743215,1077.59064748201,1078.64090909091,1080.6558391338,1077.59064748201,1080.92419825073,1079.21913161465,1077.30087390762,1080.59837513246
706.28406779661,707.755735492578,708.042176870748,707.57726344452,707.537987679671,707.797829036635,707.795286195286,707.692255892256,707.873501997337,707.499666888741,707.786427145709,707.790712884238,707.86679174484,708.477074869414,708.970654627539,708.961624026696,708.623586429725,708.123432012042,708.870879120879,708.906562847608,708.615977961432,708.630090497738,708.779680365297,708.559748427673,708.623586429725,708.381390005744,708.48243559719,708.501162790698,708.5,708.360164512338,708.978922716628,709.055391868002,708.360164512338,708.915634218289,708.691527446301,708.894642857143,708.769139465875
1084.38734419942,1084.09221902017,1084.45735707591,1083.62322695035,1083.97043010753,1083.23215898826,1083.8426443203,1083.39208294062,1082.80813439434,1081.92648221344,1079.72071373157,1081.45150501672,1081.15943238731,1080.71551724138,1080.35748407643,1080.47836734694,1078.90574712644,1079.50288600289,1080.58173076923,1076.95444059977,1080.50952717008,1076.76285714286,1074.73188010899,1074.44469026549,1078.90574712644,1075.83351351351,1076.63718528083,1077.47991831178,1077.28342245989,1076.359375,1076.31389055923,1080.02300739523,1076.359375,1080.94809160305,1080.36263736264,1080.08052805281,1031.49132947977
923.126175548589,934.323912509216,933.173588222369,928.79675,940.434072084173,934.773033126294,937.937081339713,936.318714178919,938.188264669164,938.554431599229,940.644970414201,935.060526940423,915.808136234626,923.072005236745,932.329804560261,920.474727998898,917.023303916161,919.252205759947,923.572141431423,924.281307672027,927.188764973152,927.615325177077,924.182291666667,942.59482539951,917.023303916161,936.398707812633,942.354917284076,927.597525116393,926.760448916409,925.34664448142,938.77703712217,952.070874114074,925.34664448142,954.826786516854,963.800888163857,969.436667537216,932.329426195993
358.59380970577,375.621621621622,397.870575221239,370.415527128363,355.979020979021,365.202432326403,377.658291457286,363.33,368.033810143043,322.949862637363,366.653846153846,360.910561370124,385.209707529558,368.625850340136,380.946682464455,387.276203966006,380.85886214442,353.653530377668,320.046119733925,321.843289689034,318.628981606101,320.116224648986,312.604522381172,320.476608187135,315.07337883959,309.00786163522,321.085396483674,317.194965870307,321.832828064097,326.173106646059,321.518240343348,349.727089220832,361.969590643275,343.295620437956,354.702932828761,363.383449405981,364.889733840304
481.902688375615,488.397386625673,478.142329778507,488.190557209698,463.634200743494,498.875,471.93265993266,485.256915142991,471.674862229758,496.106722689076,475.867647058824,476.60448082723,458.719877986782,469.834730538922,454.380136986301,469.600813743219,450.964839710445,465.182983682984,459.846546128883,483.278535534817,477.872977346278,466.413466596528,481.153084539223,475.473100616016,408.54937354003,485.210241465445,489.580769230769,499.650303364589,471.225081890501,485.327819548872,483.298412698413,479.519101123596,485.327819548872,476.289410637278,472.327393286366,467.495670995671,467.463360881543
308.074074074074,306.710918710919,308.635039533916,307.356243949661,311.646331738437,313.020380434783,309.569382273948,309.27863910422,304.214480874317,303.995384615385,313.575869336143,330.100091407678,356.299514777239,385.259213759214,385.663612565445,376.821086261981,394.931442080378,368.028138528139,358.642551792174,364.657430730479,359.202827623709,343.467886178862,350.721119133574,359.339483394834,324.993718592965,351.678556080791,359.201754385965,364.235294117647,360.629839060461,361.969590643275,342.098765432099,318.132974634896,326.173106646059,308.737827715356,329.861889250814,322.839610101905,328.788980914656
310.383355467021,326.32618556701,336.007945106537,318.888438880707,308.357269818699,316.560844185002,337.527334465195,315.543067710732,321.358056265985,311.321317588564,326.507246376812,313.833409194356,315.75271059216,361.131009615385,362.160052910053,365.034690799397,363.904244817374,364.317714285714,313.271109082611,303.726289517471,320.319762510602,297.022261021388,314.97827136649,305.629789530491,305.791231732777,313.383530482257,297.543835616438,311.131658726722,317.797918473547,306.318872987478,313.152920196166,314.781276238455,306.318872987478,315.760887096774,307.960514233241,308.346964064436,303.442545920547
587.446241995281,589.395979899497,578.72596994058,574.750914076782,580.519922630561,565.579861111111,577.689824274622,571.792333614153,575.479529616725,567.334174477289,554.314955203308,557.934311926605,575.22866894198,572.978055077453,572.968217054264,563.732520616708,566.534665579119,568.508058326938,558.55214050494,568.760961810467,563.302935420744,573.174813587407,563.988731370411,564.805917159763,566.534665579119,556.861285814116,567.55919395466,570.127524308153,568.011721611722,562.983828506957,569.258356272119,569.36146377894,562.983828506957,569.524835012157,553.381170018282,563.168728522337,560.164299424184
1018.74632221026,1020.74753451677,1033.97175398633,1017.28193832599,1013.11983805668,995.973466003317,1012.2293255132,1019.52020676692,1000.67611336032,1015.46180215475,991.295918367347,1001.90178117048,1007.87680821279,992.579214195184,998.772835963654,1000.30656424581,1002,992.418502202643,994.409005628518,1001.23818181818,1016.92452830189,1000.2,1000.75545851528,1012.21647058824,1002,1003.4156626506,1012.15442092154,1023.67278287462,1012.48911465893,1019.58222811671,1009.6085106383,1020.60330578512,1019.58222811671,1023.06593406593,1010.34123222749,1013.12276214834,1021.38141025641
197.713093375065,195.569086651054,200.589120932492,210.155253528489,202.496519721578,210.329773869347,200.469879518072,211.021478205938,209.318857822725,201.035693724813,211.041173443129,208.115879828326,217.61948376353,193.418508287293,216.394927536232,210.364620938628,211.062250142776,209.274952015355,207.991728701406,203.804487179487,214.462203023758,197,187.364928909953,201.727762803234,211.062250142776,194.449940405244,217.308470290771,211.895057549086,214.993437657749,198.190348525469,211.687966804979,215.590402742074,198.190348525469,205.297577854671,215.352133044107,217.161583387411,214.829817158931
2.56716417910448,2.55135135135135,2.52879581151832,2.59677419354839,2.5625,2.53216374269006,2.55263157894737,2.57046979865772,2.57046979865772,2.52450980392157,2.51546391752577,2.50777202072539,2.5,2.50777202072539,2.52659574468085,2.5360824742268,2.52356020942408,2.5219512195122,2.54545454545455,2.52659574468085,2.54358974358974,2.52727272727273,2.51933701657459,2.64912280701754,2.51933701657459,2.52380952380952,2.57647058823529,2.575,2.57142857142857,2.65671641791045,2.52551020408163,2.51948051948052,2.57647058823529,2.54210526315789,2.54878048780488,2.55494505494505,
2.43703703703704,2.47126436781609,2.38260869565217,2.39830508474576,2.49438202247191,2.495,2.4952380952381,2.49099099099099,2.49099099099099,2.45604395604396,2.47340425531915,2.4421768707483,2.47260273972603,2.4421768707483,2.48167539267016,2.515,2.42857142857143,2.52777777777778,2.4962962962963,2.48167539267016,2.48245614035088,2.48920863309353,2.51063829787234,2.48958333333333,2.45652173913043,2.48275862068966,2.47826086956522,2.49230769230769,2.46276595744681,2.49206349206349,2.45631067961165,2.49275362318841,2.47826086956522,,,,
442.014509181591,442.143032384691,444.78711552434,443.20450716091,441.866915150186,436.851788022404,442.099339257234,439.14494949495,433.472184531886,434.815080789946,439.255197949302,432.86214800262,427.003948110547,422.095281933257,419.253398058252,420.390889577868,411.693656635635,415.843269230769,407.170266544118,423.620267686424,387.56976016684,395.753434562545,417.389965792474,423.614467849224,411.693656635635,399.560403680617,411.764606060606,434.095088408644,420.739604360113,396.56273108208,,,,,,,
497.618518518518,498.256050955414,498.773099415205,498.319124423963,498.266743648961,498.54926387316,497.912009512485,498.238947368421,497.97320471597,499.716148445336,498.663296258847,495.223007063572,495.935236004391,496.477728285078,497.130896226415,497.257950530035,497.203125,497.258026159334,497.371565113501,497.306024096386,497.304556354916,497.122182680902,500.623853211009,515.348837209302,,,,,,,,,,,,,
2.5,2.54577464788732,2.53488372093023,2.48965517241379,2.49889624724062,2.50642201834862,2.50275229357798,2.49659863945578,2.49659863945578,2.4874715261959,2.50617283950617,2.45945945945946,2.49514563106796,2.45945945945946,2.46927374301676,2.50704225352113,2.51008064516129,2.54424778761062,,,,,,,,,,,,,,,,,,,
878.45375,872.191906653426,871.585833591092,872.672397015894,869.988557075077,868.336241078509,868.520182992465,870.477157360406,868.717856222623,871.533423545332,869.504230565838,870.479677060134,870.616486486486,868.713072074541,870.013396595032,868.849051008304,,,,,,,,,,,,,,,,,,,,,
789.688038995126,799.135529891304,799.692793931732,801.546561368871,798.239469320066,795.655271680461,800.980472764645,798.780455153949,795.973684210526,805.730592294422,788.14837398374,802.074441687345,795.056408544726,792.289533011272,798.594861069615,799.82765034098,,,,,,,,,,,,,,,,,,,,,
833.179451090781,812.216536892844,811.281621243885,808.79612374208,813.031765805045,809.675091453276,810.342885375494,803.552392739274,809.83459162663,790.183156925909,810.279047917319,799.25498377376,810.380810092961,808.558325638658,812.674665752485,813.801278149726,,,,,,,,,,,,,,,,,,,,,
910.23569715656,908.254208754209,908.84750106792,903.040231636696,897.003013056579,900.981785714286,898.183370931357,900.952449052556,899.858777378228,908.155167030909,908.836520076482,903.693973294839,904.978446115288,916.030798479087,906.512024486227,959.452229299363,,,,,,,,,,,,,,,,,,,,,
270.424460431655,290.562007168459,287.560204953032,280.918301962355,284.288057406458,281.281744130331,283.510319917441,286.460040567951,282.663082437276,287.603655603656,287.020408163265,289.270639960918,285.79342514438,283.784780578898,,,,,,,,,,,,,,,,,,,,,,,
2.47701149425287,2.4804469273743,2.47337278106509,2.48863636363636,2.45061728395062,2.44585987261146,2.4551724137931,,,,,,,,,,,,,,,,,,,,,,,,,,,,,,
613.057521058965,613.248152059134,610.910693641619,618.184204071621,616.183756721676,,,,,,,,,,,,,,,,,,,,,,,,,,,,,,,,
2.51020408163265,2.5,2.52416356877323,2.49212598425197,2.54285714285714,,,,,,,,,,,,,,,,,,,,,,,,,,,,,,,,
519.516597510373,525.906882591093,523.055555555556,521.811387900356,519.832142857143,,,,,,,,,,,,,,,,,,,,,,,,,,,,,,,,
3.1294964028777,7.20348837209302,3.75796178343949,,,,,,,,,,,,,,,,,,,,,,,,,,,,,,,,,,
468.861782477341,469.557692307692,470.147421268827,,,,,,,,,,,,,,,,,,,,,,,,,,,,,,,,,,
2.47857142857143,,,,,,,,,,,,,,,,,,,,,,,,,,,,,,,,,,,,
467.895890410959,468.321621621622,464.03823921743,465.447433981066,467.670173592846,466.715126811594,468.643904482614,469.380764163373,468.234449760766,468.324352879028,468.755637126376,468.592592592593,468.4796030871,468.125838926174,467.773992049972,467.790830945559,467.682719546742,467.541268950028,467.658564160543,467.4848143982,467.481522956327,468.125838926174,467.545196134167,467.762914627515,468.088283378747,468.054395604396,467.466703056769,468.108266666667,468.325581395349,467.466703056769,468.183558558559,468.024603608529,468.457001102536,468.481828193833,,,
444.025641025641,443.620689655172,444.261096605744,444.27763496144,443.96256684492,444.356020942408,443.79792746114,443.975741239892,443.540322580645,443.984334203655,444.48167539267,444.780303030303,444.926395939086,444.76844783715,444.713197969543,444.555837563452,444.487046632124,444.479381443299,444.028277634961,443.84693877551,444.36523929471,444.76844783715,443.711779448622,444.085271317829,443.592875318066,443.801033591731,444.10101010101,444.134210526316,444.438961038961,444.10101010101,444.531172069825,443.979381443299,444.467171717172,444.05912596401,,,
4.72111553784861,4.85093167701863,4.67697594501718,5.38853503184713,2.66666666666667,,,,,,,,,,,,,,,,,,,,,,,,,,,,,,,,
620.867260579065,618.887525562372,622.414309484193,624.172965116279,622.424504950495,626.792836041359,622.510626076967,625.482908638906,622.773046875,617.357051007287,619.214543993572,623.618518518518,624.998648039657,624.373924268503,632.415227352838,636.745910577972,642.766742770167,651.723539140022,643.579418344519,623.618518518518,632.25617053104,658.637273777436,664.283888458559,653.790387182911,639.616954474097,644.312344656172,649.053743513714,639.616954474097,646.805730937348,652.604166666667,657.778210116732,652.394938996837,,,,,
607.886648122392,606.795834882856,606.354914458235,605.328729281768,612.944881889764,610.842806742454,597.095909732017,609.079393939394,617.559267734554,618.366080661841,610.052112676056,609.489417007055,606.697951405431,602.785004142502,611.630890052356,610.938356164384,604.325239977414,605.18615676359,604.227455716586,609.489417007055,609.117833135627,612.768051633723,611.636052090473,605.657710280374,607.801702395965,595.77826675694,600.400204708291,607.801702395965,608.950789570327,607.871224832215,609.393831553974,608.1088,,,,,
2.47445255474453,,,,,,,,,,,,,,,,,,,,,,,,,,,,,,,,,,,,
2.5,2.5,2.48305084745763,2.5,2.51485148514851,2.49019607843137,2.51485148514851,2.50520833333333,2.51798561151079,,,,,,,,,,,,,,,,,,,,,,,,,,,,
2.46268656716418,,,,,,,,,,,,,,,,,,,,,,,,,,,,,,,,,,,,
305.721881390593,298.926229508197,308.765647743814,312.674428021867,315.395400895401,318.99407074218,315.586170879465,316.472461981093,,,,,,,,,,,,,,,,,,,,,,,,,,,,,
6.85211267605634,8.04972375690608,4.3841059602649,2.625,2.60240963855422,,,,,,,,,,,,,,,,,,,,,,,,,,,,,,,,
514.394088669951,513.473498233216,517.944444444444,521.837273991655,521.178823529412,513.039755351682,519.109660574412,513.106741573034,518.972701149425,512.559322033898,512.158914728682,515.422360248447,521.178823529412,518.231884057971,517.505446623094,527.591276252019,522.136288998358,521.417525773196,527.028890959925,525.484510532838,521.417525773196,526.904481132075,517.765957446809,526.522653721683,525.72275334608,,,,,,,,,,,,
2.48818897637795,,,,,,,,,,,,,,,,,,,,,,,,,,,,,,,,,,,,
2.38285714285714,,,,,,,,,,,,,,,,,,,,,,,,,,,,,,,,,,,,
304.984126984127,310.016759776536,313.535714285714,302.661971830986,306.495238095238,301.667883211679,305.699619771863,301.650909090909,305.290657439446,307.625368731563,301.704,305.231638418079,309.808510638298,308.873485868102,300.815766923736,300.348109517601,292.59263803681,289.886694386694,273.257221458047,276.516358463727,277.786628733997,286.029166666667,295.977049180328,,,,,,,,,,,,,,
278.744245524297,282.28650137741,287.814417177914,283.68,292.564806866953,289.883253588517,289.972,279.697305863708,284.088204038257,289.505813953488,295.640042598509,285.795719844358,281.667832167832,283.687198067633,276.968007312614,273.257221458047,291.636237897649,293.450505050505,300.348109517601,305.036764705882,306.978632478633,284.578528827038,286.450643776824,,,,,,,,,,,,,,
2.38461538461538,2.44375,2.36220472440945,2.46896551724138,2.3801652892562,2.38461538461538,5.23568281938326,3.83861671469741,3.7719298245614,5.36768149882904,3.83522727272727,5.05321507760532,4.06756756756757,5.51409978308026,5.43956043956044,3.88194444444444,4.69543147208122,5.35844748858448,3.75078864353312,4.24022346368715,3.76872964169381,2.76229508196721,2.53571428571429,,,,,,,,,,,,,,
1090,1077.9957957958,1061.92889021125,1069.94997473471,1069.78941441441,1075.8284714119,1084.71518987342,1031.38883248731,1075.63976945245,1080.17702702703,1061.12796343902,1083.46218487395,1084.65151515152,1079.28668610301,1057.4833722287,1079.60094339623,1033.75452399685,1059.72714285714,1079.60094339623,,,,,,,,,,,,,,,,,,
7.08433734939759,6.45378151260504,6.85611510791367,,,,,,,,,,,,,,,,,,,,,,,,,,,,,,,,,,
852.276299559471,847.280402788536,862.569703985447,879.095682210708,843.724874533522,851.615862068965,857.65867191695,852.995498874719,852.276299559471,849.939160380453,857.254205990973,857.647390434625,862.190567685589,858.519933246801,864.302111324376,864.275334195774,858.519933246801,856.75,842.818951902369,856.624727272727,857.136796692432,,,,,,,,,,,,,,,,
1041.86231884058,1019.56966707768,1016.31264367816,1033.0850591716,1035.63064876957,1020.80882352941,1025.01376146789,1007.86666666667,,,,,,,,,,,,,,,,,,,,,,,,,,,,,
792.848052939679,772.143243243243,795.532533909967,811.172579238151,794.482602118003,784.460169114375,,,,,,,,,,,,,,,,,,,,,,,,,,,,,,,
2.49700598802395,,,,,,,,,,,,,,,,,,,,,,,,,,,,,,,,,,,,
2.49557522123894,,,,,,,,,,,,,,,,,,,,,,,,,,,,,,,,,,,,
2.43225806451613,2.60240963855422,,,,,,,,,,,,,,,,,,,,,,,,,,,,,,,,,,,
2.46927374301676,2.528,2.5,2.50827423167849,4.05263157894737,2.50827423167849,2.50223214285714,2.49818181818182,2.5,2.50266429840142,2.49720670391061,2.48114901256732,2.49554367201426,2.49818181818182,2.50966183574879,2.50179211469534,2.51338199513382,2.50557620817844,,,,,,,,,,,,,,,,,,,
2.50520833333333,,,,,,,,,,,,,,,,,,,,,,,,,,,,,,,,,,,,
2.51219512195122,,,,,,,,,,,,,,,,,,,,,,,,,,,,,,,,,,,,
2.55172413793103,,,,,,,,,,,,,,,,,,,,,,,,,,,,,,,,,,,,
2.58928571428571,,,,,,,,,,,,,,,,,,,,,,,,,,,,,,,,,,,,
786.977354775189,768.332015810277,792.013983371126,770.836702954899,793.222760290557,788.677236693092,788.021282633371,792.705549664192,801.241985522234,805.814210163256,792.705549664192,792.41351450606,769.909090909091,792.359611650485,790.381896862604,,,,,,,,,,,,,,,,,,,,,,
794.786296900489,792.523178807947,794.56015625,790.94428322693,793.415450643777,793.566613162119,793.082203389831,793.168170631665,798.398305084746,793.905644481887,793.168170631665,796.717374517375,793.105494505495,794.96260938743,794.087774294671,,,,,,,,,,,,,,,,,,,,,,
2.49142857142857,8.996,2.47286821705426,,,,,,,,,,,,,,,,,,,,,,,,,,,,,,,,,,
2.47154471544715,,,,,,,,,,,,,,,,,,,,,,,,,,,,,,,,,,,,
2.50847457627119,,,,,,,,,,,,,,,,,,,,,,,,,,,,,,,,,,,,
2.47222222222222,2.61467889908257,2.64814814814815,,,,,,,,,,,,,,,,,,,,,,,,,,,,,,,,,,
2.41481481481481,2.46896551724138,,,,,,,,,,,,,,,,,,,,,,,,,,,,,,,,,,,
423.390845070423,419.377815315315,396.56273108208,416.930897887324,409.637978900611,413.110632183908,423.074012242627,,,,,,,,,,,,,,,,,,,,,,,,,,,,,,
391.552332912989,384.341176470588,374.745454545455,,,,,,,,,,,,,,,,,,,,,,,,,,,,,,,,,,
2.71,,,,,,,,,,,,,,,,,,,,,,,,,,,,,,,,,,,,
2.48101265822785,,,,,,,,,,,,,,,,,,,,,,,,,,,,,,,,,,,,
2.47222222222222,2.63779527559055,2.66666666666667,,,,,,,,,,,,,,,,,,,,,,,,,,,,,,,,,,
2.50785340314136,2.47368421052632,2.51785714285714,2.49677419354839,,,,,,,,,,,,,,,,,,,,,,,,,,,,,,,,,
380.643274853801,377.335820895522,379.04011461318,385.576023391813,,,,,,,,,,,,,,,,,,,,,,,,,,,,,,,,,
366.368965517241,368.929487179487,366.403458213256,373.203233256351,,,,,,,,,,,,,,,,,,,,,,,,,,,,,,,,,
9.76666666666667,9.64492753623188,,,,,,,,,,,,,,,,,,,,,,,,,,,,,,,,,,,
2.59701492537313,2.49473684210526,,,,,,,,,,,,,,,,,,,,,,,,,,,,,,,,,,,
2.57377049180328,,,,,,,,,,,,,,,,,,,,,,,,,,,,,,,,,,,,
