Var1_1,Var1_2,Var1_3,Var1_4,Var1_5,Var1_6,Var1_7,Var1_8,Var1_9,Var1_10,Var1_11,Var1_12,Var1_13,Var1_14,Var1_15,Var1_16,Var1_17,Var1_18,Var1_19,Var1_20,Var1_21,Var1_22,Var1_23,Var1_24,Var1_25
81.169140625,98.2110760741033,81.1392824841724,75.0288881424253,77.9334783960211,73.2233825776872,64.575889220744,53.5188916876574,67.2365833674723,55.6056176554887,60.5040811278753,52.1786279683377,57.1003675431156,51.7679572083546,65.9675909878683,60.2673503458144,57.0154704539691,54.8342011510003,48.3882636655949,52.1831301318736,40.6631057842626,47.0714784633295,44.3424974306269,46.836820083682,47.4565296471444
390.163507870222,384.040087463557,387.6981246219,378.214073634204,382.973328714929,375.534213362069,373.467519353753,370.103157236636,370.218700475436,369.623901581722,369.953268428373,369.872968580715,368.671982987772,363.78963165075,358.337379868488,357.261222125688,350.963418119463,355.094011976048,353.678194607268,353.527472527473,351.656411818459,350.190771960958,349.41639451339,349.46848804719,353.684902309059
341.159238521837,319.640943439432,336.090543798553,340.636295556665,332.868924085199,328.439425051335,326.881894873459,318.100173711639,322.448439241918,320.985837922895,317.688293696606,318.239758042343,316.104166666667,311.90306122449,308.969696969697,307.70469988675,309.837244897959,306.738502853306,305.789074355083,302.972490488733,305.187179487179,303.646848989298,306.07557063541,304.294524669073,309.49879848953
248.835152838428,226.200173216412,213.183910891089,249.582921348315,247.024120205615,255.434433541481,255.156052298608,246.012249443207,243.522397891963,240.279336004579,208.376896982682,245.975,207.519446025422,197.841608738828,182.429022988506,199.580799388028,195.040078843627,193.591572722232,205.553580246914,199.583132082482,179.498403483309,194.837495270526,178.692238267148,195.322626262626,196.135903039936
203.745313671582,175.725260416667,168.727272727273,194.014596365803,194.789001122334,195.787990893569,185.355509355509,182.122612787157,173.240983606557,186.729032258065,181.832725060827,193.016429014259,174.46993006993,171.532561505065,183.843653250774,155.31289640592,152.055370246831,170.408602150538,168.322070452912,172.050036791759,180.595394736842,169.899509803922,179.617834394904,154.981765134938,159.765957446808
682.703597580388,673.634088603314,668.875314408911,667.483870967742,670.672453703704,667.458814472671,659.992865636147,658.939948892675,658.235252560933,655.625902012913,650.437542662116,650.575026988125,644.355052264808,647.041991341991,648.383003952569,646.212336892052,645.441137272323,643.107798165138,640.899681528662,640.636216653193,641.24817237399,639.456126162556,640.06927949327,639.178887993554,638.159062369192
188.578622816033,223.486956521739,205.640287769784,179.924404272802,185.769716088328,184.62250365319,201.333333333333,190.542667052358,201.144205558469,188.429318231322,195.009985022466,179.733932461874,203.618169398907,202.623947051745,231.77651319193,186.97419804742,185.033774834437,196.272370486656,198.36189924725,201.336270190896,221.339377217186,197.720930232558,224.226269315673,188.816181689141,196.953911461492
78.6829268292683,83.6434006438396,72.9732369603438,64.5954484605087,75.9621228332977,78.7681365576102,67.6593974820144,63.8249787595582,59.5512246510403,60.1474903474903,59.900464037123,58.759659326963,59.3226982680036,59.0021231422505,57.3667144906743,58.3093577098869,57.5100114416476,55.2934682612696,52.3650234741784,55.3700384122919,56.0811253755804,53.3875802997859,50.9931506849315,55.1576285473448,49.5835992342055
700.371775867181,696.42784952274,699.82566341955,700.568512110727,692.864148201961,686.722376650452,689.828852707308,685.375186846039,682.781960491987,678.639633286319,675.041027351568,678.6202143951,679.665245202559,678.881760537113,673.662358010184,665.192752505783,668.234838709677,675.878177966102,668.065521374351,666.759608411893,668.348739495798,663.885017421603,664.98122253296,665.939103791651,661.759651307597
505.549324129997,546.609494109494,536.999377916019,537.779840848806,551.150565074736,541.439692044483,545.475258918297,510.399014778325,540.879887054735,506.109087953178,504.638392174843,501.441538923956,497.395759145354,503.052776082977,487.680037313433,508.452612612613,499.662835844075,496.61200887199,470.482913444749,489.68496124031,514.821753302453,489.089874277948,498.439738919247,477.718952999618,496.327207351179
559.35196347032,576.578458681523,571.706833594158,568.709569110241,554.417884567748,558.029624960605,557.552834619255,560.655918452257,554.639515314709,554.628949615713,555.464249129277,549.995103494325,551.140044651918,549.648005766458,542.268538135593,542.936807095344,547.693308160269,543.30776033606,534.892857142857,542.088748019017,535.441947565543,539.828403755869,542.842775467775,538.509334076344,522.119893088965
430.182937181664,476.347935866683,479.120140062787,479.992002952756,473.847250755287,461.336138874277,467.813335170134,441.439820583105,462.23371590401,439.306413301663,446.337398373984,440.401996118658,434.816417519014,433.964532871972,440.128910191726,447.281223980017,438.48038147139,436.345107273679,427.309278350515,428.570780141844,441.918153364632,416.809423839515,433.477129553547,422.739627572689,430.019303626195
907.013363754889,947.957911776609,920.849245480353,909.159405940594,887.110910323018,876.937929553265,868.407391209272,874.353018660812,883.772736604393,895.705508089438,906.721911994639,902.758975646498,909.544701583435,900.31986834231,894.201552795031,890.875328947368,888.207366140514,887.641882673943,886.087146702557,884.682066205893,884.903698279019,884.85843373494,887.823178987273,885.990548700446,886.824974411464
613.534197264219,632.135714285714,642.709620991254,642.403225806452,632.871475953566,623.473637961336,628.376154492023,629.442105263158,607.64722417428,606.801945181256,610.460909090909,616.054325955734,609.451043338684,609.498344370861,606.741293532338,606.235379061372,606.744630071599,605.261315115286,600.97265948633,609.957711442786,618.417789757412,597.960767946578,598.549360146252,592.962802768166,593.267059814659
536.148274058577,538.783746556474,539.110732009926,538.423005565863,514.649665285304,507.394386469953,510.793924466338,507.088475836431,503.56162464986,504.826945871197,496.926086956522,496.422688131786,496.031623602005,492.886799276673,514.76231633535,491.94374747066,487.295227097768,488.18210955711,512.6591393268,491.542493448147,487.749665924276,486.544554455446,487.639338235294,509.414757103575,484.059123777116
243.523717595146,287.414471490497,276.799394856278,245.016295025729,286.36525740581,251.967489611342,237.656807307525,115.871104815864,113.64639321075,109.995744680851,108.153409090909,106.601408450704,105.478138222849,104.286713286713,103.057182705718,102.160337552743,100.922005571031,100.144257703081,99.1216783216783,98.1169014084507,164.593789607098,115.661375661376,121.914712153518,96.0806675938804,95.3624823695345
117.5638996139,150.37278308322,174.712832758468,170.33254692789,169.436774329745,165.234596774194,168.933412019278,99.8874458874459,97.1112737920937,95.1913043478261,93.5685425685426,91.8946608946609,90.3367052023121,89.432664756447,87.814121037464,86.8771428571429,86.0504322766571,85.2049062049062,84.6130434782609,83.7678832116788,94.2763480392157,86.7043701799486,88.2808478425435,81.4841040462428,80.8943560057887
432.865630962115,443.923095883658,458.77396804261,447.382671480144,440.964912280702,436.859431186662,432.200601503759,429.263101983003,425.457418496341,425.535541752933,420.002984084881,410.333435207824,420.194653872515,416.03239145417,414.071821305842,414.675276752768,403.806575167571,405.707063197026,411.456686930091,403.085166784954,411.523791102515,401.934844192635,410.764727540501,399.316281971304,414.606531881804
737.221349621873,745.069639919576,745.392702258113,741.681758896963,737.757965343768,735.071206296906,734.691200324412,731.447735191638,728.624760076775,727.595402811872,724.115681770725,724.81772334294,724.874064171123,725.580039348954,720.58683283663,729.617623282134,726.537294826512,726.834427574887,720.768036311515,716.534602076125,716.474038202852,715.896603098927,715.603633114949,715.016333938294,714.842321034374
933.959784560144,937.062447257384,934.884083044983,935.732439335888,952.520720720721,942.379032258065,957.895339329518,956.807692307692,923.687351778656,915.528405201916,892.956417192666,915.132864238411,922.20363797693,923.387973640857,922.179865771812,920.340314136126,949.871096877502,943.074557315937,942.168732125834,940.88847235239,943.256951102589,936.585781990521,944.067796610169,942.890037593985,940.568552253116
430.894160583942,432.035301097597,425.831923501287,371.279201577132,361.445547626435,358.976750063179,372.76931536981,370.238068342276,348.871255576801,335.577777777778,335.021031968592,336.595656670114,328.057463209531,320.763236763237,315.589860352155,316.466692189893,317.015292801194,322.45988700565,326.555436720143,336.580429732869,316.999037844772,311.906276870163,315.762479061977,318.54259455638,311.488301119023
978.673515981735,961.924938271605,969.294938917976,949,972.624387855044,974.445889261745,980.822056833559,979.964548964549,977.565936178393,988.977122215533,979.879424115177,969.807692307692,969.530139103555,970.878099173554,949.262057877814,949.41904047976,978.200614911606,967.326297273527,965.292376681614,965.716145833333,967.594296228151,961.263418662263,969.479128856624,967.100281162137,966.012975778547
629.577114427861,659.596844396083,635.086110194655,632.26569968683,649.412536443149,652.724122102364,653.074659533074,650.555496548062,648.389572060994,645.660967974958,639.892361111111,642.092003439381,640.795042643923,640.00823723229,639.663321463257,639.953285111513,638.873798449612,639.138607594937,639.009345794393,644.560818083961,635.707350901526,621.454545454545,632.763958542293,631.220345075485,630.623811201127
473.9114490161,479.703258339798,474.842875052236,467.723426573427,464.863703159442,461.664065151001,461.876372190277,458.580736543909,452.110377358491,453.248405612245,469.345272206304,454.406938923021,450.886409736308,454.022526636225,447.660279222557,452.499280057595,444.06435309973,445.190633608815,449.997250859107,439.57264375638,439.81340528259,440.138036031464,441.187211804488,443.372150338879,445.494960806271
854.775812892185,842.195219123506,831.114645858343,832.317630264097,800.247452692868,763.348457350272,772.842417061611,775.589393939394,770.096916299559,768.27267194157,763.714090287278,762.65306122449,765.934865900383,769.09146810146,763.41842772612,778.956043956044,760.529987760098,766.83773928897,757.703872437358,762.633755274262,744.376083188908,741.438842203548,740.509554140127,743.38029386344,741.170798898072
359.438712522046,366.114937580715,364.817851582771,352.021029082774,338.309803921569,349.982238010657,350.736469398078,355.952861952862,354.775029446408,357.381818181818,354.126767941331,349.45944474687,351.979428571429,336.438693467337,347.112195121951,346.93605015674,342.12030075188,341.828776041667,339.488210818308,340.207108680793,339.967235494881,339.915184678523,339.035662299854,339.474313863476,337.932725998598
805.76329787234,804.472403302912,779.201530612245,765.167925824176,750.739908447774,722.860887096774,747.708991077557,746.27076064201,742.787749287749,741.210070810386,734.835180055402,736.602601156069,740.876811594203,740.944794952681,739.649449618967,750.202998126171,754.233814625058,741.768151815182,744.09186746988,744.690067214339,757.307347670251,761.214708368555,761.752372735117,766.232576985413,764.76023890785
404.149676777723,410.073293172691,400.487830139824,395.580029368576,397.075882794891,390.64629258517,388.989490278508,385.743910056215,384.64740221833,394.684039087948,384.500846023689,375.180835380835,368.692817116658,375.230071599045,375.775064267352,374.129572225666,374.245492371706,372.382178217822,371.342893562779,370.258503401361,370.208731241473,369.528767123288,368.537184115523,369.444850255661,368.435472242249
1019.52568167406,1014.56666666667,1016.60601234322,1014.93642611684,1013.78098622834,1020.86314847943,1017.50926065352,1011.76324624142,1009.1656,1010.8900838498,1009.06682935986,1007.29212043562,1007.00952025387,1009.34516237027,1008.99756493506,1004.37483266399,1000.60991027732,1004.12626262626,1003.07620320856,997.417713567839,998.524851801186,1003.8324283842,1000.17269247129,998.191047531149,1004.39689352136
345.33065512979,347.07392996109,346.951234567901,340.599744245524,367.573119777159,335.410177332305,330.170459616243,330.946026986507,328.403199343724,328.409951563188,327.741516966068,322.804795677136,325.127380952381,317.601789019124,317.442884250474,316.076896787423,317.92797319933,316.742949234488,314.308491580079,315.684470008217,312.316591928251,316.064882400649,314.341860465116,314.801593625498,310.408585055644
778.715783953854,777.370411568409,773.792122538293,802.18590078329,770.174603174603,770.288343558282,764.591111111111,764.183078393881,763.513487475915,764.86219448778,761.041771514846,759.981132075472,758.22199592668,757.971542685971,800.078800856531,780.694033198744,753.621828908555,763.359207266722,766.75304414003,752.721201255043,752.873976342129,750.583671628327,751.939393939394,751.275579809004,751.271885132006
986.444444444444,975.900392817059,967.67913446677,968.198426885949,962.72030468936,949.145550061805,954.309225512528,962.500337837838,969.258679196032,957.959554831705,955.621639784946,955.972666666667,956.018862532152,952.899885909869,950.50275862069,949.537043478261,956.319962246343,949.246929709956,950.245208195638,949.511508951407,948.081618416463,947.55701598579,949.551269688203,950.280483054149,945.204601769912
744.305555555556,747.095417789757,740.13652572593,746.216732780382,739.034192825112,737.7689434365,734.513998943476,732.559922367783,728.338775510204,730.8165374677,726.153624579933,726.70201758924,724.021795537104,722.655754475703,736.759054713589,730.372893258427,718.956188389923,725.144155307724,724.478534856243,718.763844393593,718.218363463368,718.22238514174,717.092740046838,717.668633235005,716.230622919639
302.51769765134,305.931967812729,339.966079582518,327.933739012847,331.182192648923,331.837944664032,292.546529968454,292.971078976641,287.435706298919,323.132967496834,324.407993338884,270.516075845012,304.529568106312,268.220233747261,268.656934306569,265.650956768249,312.577377892031,310.616472966144,266.564498346196,309.3704238921,308.654455986878,308.348791317218,304.24682651622,308.458510638298,301.288238542242
233.75846069869,245.856755063688,260.673392364639,253.633848953594,256.374355670103,258.675650118203,232.115818348065,221.883588358836,225.004101161996,236.539003149898,243.35650887574,211.552552552553,236.67230008244,209.996027446732,210.02338326635,208.672929447853,231.895754290876,226.583448275862,209.422262118492,229.412456365975,232.026034837985,228.375841750842,230.10425122837,227.913183972426,229.336511972876
353.500227998176,359.617391304348,353.166091292674,349.581097560976,349.413238336015,347.033395176252,345.646047156727,343.399705738107,339.19568868981,336.763429752066,336.610674525213,323.689040131425,332.916113618264,331.519045064378,328.70067294751,329.077076222981,327.239659724259,327.977431488447,326.107092398983,327.426356589147,324.749241964827,325.051969823973,325.547316791691,324.731983527797,323.905660377359
628.107490310844,646.695031410623,649.287643484132,630.79390080429,625.144448865897,623.318181818182,619.905495420483,619.603832442068,610.174379770992,612.80211546937,610.824420677362,609.191508581752,609.937865826204,608.766281755196,606.322748815166,607.008375988832,602.495233555767,590.874405974202,588.758226532733,589.706755528628,597.856585365854,588.394692264258,593.807880268784,593.897842639594,587.082303073119
703.804462934947,711.240775780511,706.961121157324,702.788523274478,694.808021631365,693.194934418815,704.63528539659,692.11589831969,691.209558823529,691.406679764244,687.333652007648,690.851966873706,687.456953642384,687.682333873582,687.12876202296,686.420482673267,686.550141464948,683.810055865922,681.593793294541,678.688774123403,678.519199122326,681.181398213736,687.721785442556,683.280733393448,680.002979737783
968.724268177526,968.109773371105,960.854945054945,970.476348547718,938.199511400651,914.964693665628,901.613272311213,902.800433839479,900.686346863469,890.767441860465,881.826542491269,878.847651775487,871.307947019868,864.591385331781,876.84100877193,861.037714285714,856.618490967056,858.982436882547,857.546171171171,842.197411003236,838.763636363636,856.765405405405,865.199124726477,865.208922742111,878.120925341746
132.65097799511,143.783288043478,135.619735755574,139.153814262023,134.591458501209,131.02855906534,131.242248062016,128.301554404145,120.361664917803,121.281234688878,117.201055873295,122.49895441238,118.524294308191,118.103241296519,116.459153749476,114.753394656154,117.723000451875,121.82627688172,112.403361344538,111.311401532222,113.122586872587,111.476025572722,114.442325581395,109.098048116205,113.756156446161
231.110629067245,232.583699695637,228.247552189174,231.242545527316,232.425959413301,230.965733982157,222.373576850095,224.851019940408,216.583650190114,216.323232323232,215.521922428331,213.28996469995,203.845070422535,191.960008986745,197.344123856439,200.009536082474,198.48881397487,201.715855572998,198.75951027547,186.832524271845,192.729350220264,198.538433778419,199.337481146305,197.646825396825,198.687261367581
1008.0206434815,1016.98842036268,1021.11970338983,1011.14818181818,1004.76315789474,1001.76937059759,992.522961764111,995.87110925423,990.771616348326,986.503316426063,984.374525853464,980.922369306709,979.819726285984,983.833598545124,983.23883161512,981.015589697244,978.560266370699,978.076795120599,977.077309717568,976.933660299432,979.469960278054,976.841877880184,972.92582619339,975.023140084598,975.051129943503
749.26813552276,761.922557172557,752.992502883506,763.836508912108,747.192073170732,753.491654021244,743.556933483653,746.059461805556,741.313544668588,739.461174881837,743.021953896817,739.260563380282,732.526894158473,740.174132492114,735.156583629893,729.931407942238,735.657320872274,728.768344451183,730.491902834008,725.400878293601,729.232120451694,727.230712166172,726.031815346226,728.94436416185,724.949804432855
835.703244274809,883.398601398601,894.263070539419,896.15249780894,872.962202136401,861.977203647416,842.086384976526,845.644182124789,863.476277372263,893.85635359116,863.064785788924,852.227387996619,854.054290718038,847.669117647059,850.927255092144,848.639175257732,848.394877267876,847.792068595927,849.721712538226,850.054910242872,846.868871151653,850.022875816994,850.377272727273,846.273153575615,841.444444444444
811.689876316995,860.10618556701,869.647644927536,872.628611698379,842.559741657696,825.634881825591,816.30834914611,812.374358974359,833.717307692308,861.579868708972,842.531349628055,823.628192032686,825.974333662389,823.912317327766,824.607429718876,825.104944500505,824.589207048458,822.36344314559,825.78799249531,827.897891231965,824.165105386417,825.170550847458,826.587968217934,824.505238649593,820.812182741117
680.044855820577,759.75671950379,759.261226725082,751.863652295829,743.612607449857,745.523853211009,743.982679572083,744.36311895276,737.717640320733,743.407605070047,734.360918312867,732.912755716005,738.462392108508,737.600236546422,737.809203722854,736.311990686845,731.659838609559,735.024639423077,729.991880074953,738.518661518661,729.305151915456,734.600852272727,735.102990033223,728.664670658683,735.63878080415
629.866034243406,601.846169395593,610.021263091082,592.003636363636,596.948208650455,590.906771712624,585.356968215159,591.213587715216,586.736134812287,580.801215112967,576.480016916896,576.033203631647,574.364237123421,576.324532019704,578.353453772582,571.313177410154,571.767543859649,573.654892496709,573.17398336414,572.923207108102,572.319455406472,573.590504451039,562.451033732318,562.696736174071,566.809005548442
510.667055733878,513.040349887133,509.384756657484,506.366726943942,505.114903683677,499.293064312736,492.495078031212,484.890777162498,491.986445783133,492.191050988554,499.089237558225,508.207637729549,500.930790697674,507.144846350832,507.260063897764,503.78855721393,508.740025133522,506.105795410346,509.439236111111,506.126508447305,513.554137417571,508.609811633202,535.033699808795,530.477097396336,508.062477428675
769.619660620246,807.795787009947,793.756989247312,,,,,,,,,,,,,,,,,,,,,,
13.8478488982162,15.4576744186047,14.8643902439024,18.7529761904762,18.5757987763426,26.8713932399011,15.9581618655693,14.8359264497878,11.233259749816,11.5070422535211,9.32096774193548,,,,,,,,,,,,,,
794.050301810865,786.462343096234,789.121177370031,785.756666666667,789.640590809628,792.5648,791.385699899295,790.02371541502,788.417941952507,788.041132478632,784.650127877238,784.340621403913,775.589490114464,775.53922106418,770.961717537507,772.201730665224,775.088495575221,773.981753972925,773.736549165121,772.399323181049,776.231807511737,771.800865800866,,,
786.636423405654,801.819729888432,786.566249176005,781.031783402001,789.375803623612,781.564618644068,784.577092511013,776.879194630872,778.981804397271,779.724207687121,778.416714367487,782.437259923175,772.217965653897,769.416199376947,775.683991683992,770.037356321839,771.186938286399,772.103189493433,768.079104477612,769.434508816121,766.153054662379,765.667320261438,,,
1085.26567944251,1090.61612515042,1088.58170445661,1090.51930261519,1086.69831223629,1083.5946969697,1087.10854947166,1086.73767051417,1079.77900552486,1079.02433206107,1078.49723756906,1081.94506612411,,,,,,,,,,,,,
1091.29857819905,1091.60254596888,,,,,,,,,,,,,,,,,,,,,,,
