Var1_1,Var1_2,Var1_3,Var1_4,Var1_5,Var1_6,Var1_7,Var1_8,Var1_9,Var1_10,Var1_11,Var1_12,Var1_13,Var1_14,Var1_15,Var1_16,Var1_17,Var1_18,Var1_19,Var1_20,Var1_21,Var1_22,Var1_23,Var1_24
1,0.433505676358857,0.673748581300374,0.654426861257031,0.640843608423922,0.649562512483125,0.652679101328458,0.649052017057821,0.607448672099382,0.601751658125323,0.569191705809233,0.562068360369786,0.555737801111792,0.568479297516423,0.576372801762402,0.549009708153649,0.549114613147686,0.537492052847017,0.529236662347226,0.533686919991365,0.516493567192381,0.51825815852418,0.519509845262594,0.497158580981459
1,0.0783852256970501,0.340629970045189,0.0798944199907003,0.170955715770166,0.178657670613178,0.244160160272708,0.318004668738843,0.190012686368728,0.190640339959137,0.146258924496917,0.170844145117915,0.145615579691831,0.162441979188394,0.157287185030537,0.143095842405302,0.148407571973132,0.167220587694954,0.178917354213766,0.185487329637082,0.18834347919576,0.180666580188966,0.184339700837877,0.17034328282906
1,0.12234326375917,0.204663440333492,0.178231909561202,0.200318080099798,0.251135610008586,0.292881742630318,0.302363419383745,0.263300457636304,0.238024057632243,0.254404091133278,0.23647445361041,0.252628824695336,0.272598699316511,0.248662387467138,0.261202165450705,0.273995355732947,0.273748493901613,0.234381049316932,0.229468326120619,0.216672504061744,0.213632811196591,0.199775350123541,0.216076996909287
1,0.248211993023755,0.540010709771557,0.645449722582256,0.404157190860349,0.498153553595411,0.56172368219408,0.406443247774866,0.452387099851119,0.424512889416716,0.290540848586241,0.357644770109087,0.316070778338314,0.292163424731482,0.283948698771793,0.294158176088198,0.229805314829646,0.176938808705467,0.231785098582715,0.182183868581602,0.210724077790689,0.153791282429438,0.144648400052566,0.143118140682247
1,0.888452948265361,0.859106739904319,0.867515391409353,0.814011463029051,0.800091563261355,0.757640422423355,0.718716449498895,0.654639176736577,0.65316488461462,0.663933218888624,0.649714111866649,0.650647836014896,0.632959105399271,0.64155807264511,0.601075316114455,0.586061010871053,0.562047450146473,0.54076936742021,0.556917589217514,0.562842957712561,0.502657509060403,0.484275042527541,0.415569056125842
1,0.146959059987086,0.342424247000668,0.378705941165231,0.275794445291979,0.434265651920255,0.348761327701224,0.39063362066815,0.2733203003023,0.288021057443661,0.266565586354529,0.304357646894398,0.249845857701799,0.251955746679096,0.257526928978903,0.24759808208952,0.255609388632027,0.202352382106895,0.23623067394717,0.220050614487269,0.235137293756185,0.230302728144756,0.218579277523617,0.244449575040725
1,0.782473715285571,0.257897356082603,0.241834283093946,0.319164689892403,0.279546175123345,0.282443989705655,0.208919976957691,0.224147096643561,0.225647435209894,0.204342157696285,0.17229717778885,0.185051895152199,0.151726119095121,0.153159730937976,0.14677075577338,0.15650696573341,0.144528659586039,0.129482515474834,0.132593694316367,0.131242421961726,0.128168010210333,0.130589539013879,0.113381124402973
1,0.267495310884689,0.0591358745394437,0.109156159029033,0.154183345879773,0.218117406082687,0.159946009628779,0.163565851376839,0.155364775848067,0.176821688245319,0.146288021565184,0.182927676845266,0.124670371736261,0.127204449958613,0.119078605494734,0.133183445444629,0.127495337796486,0.150416655576203,0.173834396919079,0.206942395706441,0.18139060074224,0.148158098541337,0.186355021117105,0.100967084736403
1,0.921827502195919,0.410953929546717,0.388454429669852,0.461497815118614,0.518971288512643,0.466719460331556,0.402596569241334,0.439396478147773,0.444061252991581,0.432603289401998,0.370908762095802,0.358208304669654,0.28775291248156,0.289445431988305,0.295533484537796,0.304692725589193,0.275511447726655,0.292946230320361,0.279813358338222,0.292086776110965,0.276097454336524,0.26573502454055,0.270397476694237
1,0.3189911722978,0.437722786569109,0.492227002264219,0.541170965361752,0.468266023259593,0.48284265444544,0.497788420858924,0.495185784455394,0.473666267646492,0.490868729844352,0.498314796766678,0.395541899161512,0.408072626234704,0.370019232818972,0.398469008239108,0.391584128590761,0.358528676393813,0.38332015559915,0.296874887087756,0.311566675452043,0.323364960796895,0.310937264125325,0.326686524129623
1,0.314798695337831,0.433873877202276,0.557857024659489,0.570073174051206,0.58151412104038,0.521122829901862,0.499835066644834,0.551501465494263,0.457534494678192,0.482642423200373,0.398350616293115,0.400247661016775,0.413982506883138,0.411978187599941,0.425243872023086,0.422087273214128,0.413794456759045,0.422023129938811,0.341638277735798,0.34931627274627,0.362180808462326,0.33928714781995,0.354621224829566
1,0.169445379666476,0.303513907496824,0.32576756989474,0.305090771936467,0.526281608862231,0.441008834525742,0.3724361577217,0.367558505185377,0.405581580827704,0.301988421047266,0.292618437197306,0.307170947872,0.302267768807055,0.313079918106204,0.286982771276675,0.293058898206709,0.275639272424393,0.250860237402547,0.254681671874732,0.279139228940991,0.247668561225357,0.237906610921979,0.246471975106532
1,0.424325844721759,0.269067806836044,0.463375212511435,0.449101447062679,0.524377605369944,0.567391067865813,0.571895555768927,0.589046099630333,0.543020579223299,0.539591714986051,0.551373424287508,0.542602036672599,0.526037686706047,0.481334148301551,0.477011367572249,0.467094194006054,0.478106591109862,0.457083061646187,0.445829424350276,0.455651633696972,0.455428239859884,0.455124897481419,0.4460699423956
1,0.849321972776866,0.890274805742705,0.691885210231901,0.681071422145204,0.317882294853401,0.3272244828486,0.393250828397783,0.303329304808563,0.278114774243431,0.329349628669209,0.330184571897082,0.331721989436788,0.315549340434306,0.315343243446244,0.345569280783179,0.334967527635245,0.374980559555544,0.307071723403918,0.326364644786573,0.311143909788519,0.282020457318388,0.287846261204509,0.281583426099364
1,0.394591091825054,0.459733846467886,0.519678285382675,0.599354045927647,0.63228051651127,0.637499688858665,0.357849607354467,0.497600797433657,0.483276529995855,0.432053824700384,0.440718986696827,0.443539222489864,0.424973602341345,0.431192556970189,0.379897402773039,0.366751054737886,0.379690827174207,0.385431087011469,0.387191245615863,0.389903749671721,0.375717200889333,0.367318108843803,0.355333318499485
1,0.996025112807404,0.483317062661609,0.46904578887265,0.391622732897589,0.393298086001097,0.233723304699672,0.186283125737959,0.176023868216755,0.175272530132376,0.178249757187434,0.166236855972692,0.161468193122903,0.16309721680544,0.159176427351724,0.170138843669685,0.171509737616685,0.16531824794227,0.157043932085838,0.158353068895877,0.16003413857756,0.154061741685174,0.138098567748023,0.132216451900026
1,0.874247225069102,0.787506442991956,0.460592686500229,0.51928217372476,0.5417408874255,0.553785601290053,0.494262435938817,0.417770174125098,0.399014535222887,0.394922692162923,0.402153938223762,0.401219937880269,0.405516311927906,0.405101273385431,0.414904665019815,0.384864226584349,0.39612861987377,0.384032810214713,0.367556185501555,0.37142042748344,0.376399069742714,0.368230155332947,0.35460606514252
1,0.998101104302956,0.988566843673774,0.970745656570161,0.968495448117662,0.964809703721536,0.86987846724584,0.879056104338437,0.883934583931449,0.880255442599245,0.880149267332524,0.872556559540788,0.864777230556573,0.826654905096591,0.807000734276364,0.810915122164435,0.801110524835132,0.799741503038765,0.767043459151493,0.768264944605921,0.765291264332118,0.760496135894681,0.722480230950232,0.725052928415427
1,0.568538232691275,0.754255833633529,0.823489534137532,0.842533331003538,0.845928444853177,0.818096829108501,0.83682042051055,0.84563848064253,0.849638001387395,0.833344744715305,0.804406914716284,0.787627896457244,0.755416677873171,0.744387618522314,0.750702946067219,0.744353028913468,0.746801770348551,0.754051472835529,0.683939551248991,0.682836520906861,0.686521982251728,0.689346375730376,0.673249233891242
1,0.874095564574818,0.468202197702176,0.56791062442418,0.166699025192041,0.318553240037244,0.345764620343605,0.366503203156317,0.437373150249011,0.440658463971281,0.421938567376723,0.408075711800028,0.433697841192189,0.440998748020273,0.458397051574735,0.467120587331998,0.475256206063467,0.486352573979518,0.421826780565189,0.431646934561032,0.364531450420754,0.366352879957222,0.365297551606215,0.377374148757048
1,0.86788118726243,0.887238150650504,0.731789591133819,0.678900687927036,0.57811225540187,0.430610810006453,0.395959027814781,0.406155087522916,0.358078298108155,0.319403836719369,0.382611880302251,0.330531699630432,0.331015745904043,0.35308367219668,0.307031564608951,0.310995635238624,0.321364724155441,0.307480795606686,0.319950861031228,0.280204767370867,0.273416075004738,0.294886669816438,0.200142252931486
1,0.999718818165704,0.936769843773451,0.45176459779892,0.650039436919641,0.592410632782136,0.467744778416425,0.488135393531687,0.462076805151291,0.491395244904517,0.519270508548974,0.432209571287487,0.38299714439832,0.388552761093778,0.418229506900543,0.405805170633606,0.375829273202629,0.386731193495598,0.373245682204872,0.379607101831853,0.308246956431844,0.3346451682036,0.354899001135716,0.331166734428265
1,0.98204480553141,0.982264788020389,0.956219527256592,0.932922837395962,0.728029078443866,0.713010418398823,0.719605286430011,0.689210531199905,0.708810868715106,0.682821030059865,0.687594785838687,0.683559260047972,0.688559630357891,0.666098730460082,0.628144052475186,0.612058815427665,0.610273043002033,0.611312465834077,0.624070512110583,0.552548231441436,0.556946695789096,0.549535907166526,0.55888100182572
1,0.976727073016379,0.871804504185974,0.882117927371245,0.883398382087725,0.886130446998695,0.865109271592795,0.870053516427675,0.8822252319176,0.889732652800969,0.895362658451624,0.791710437459385,0.801929379739376,0.777104853592608,0.705106778741595,0.71164698432913,0.7172601899134,0.663840680634559,0.670101134364889,0.644291223222585,0.654424088563192,0.653949717220076,0.640820246378492,0.642438039911407
1,0.954734972047006,0.42738691818105,0.407132912254869,0.532714839371298,0.447655888123035,0.453001033422097,0.461565005731206,0.477056730148336,0.486688627608562,0.457153979685278,0.477690635356959,0.399724376648147,0.425981747190134,0.436702916372642,0.374284175900867,0.350634720927702,0.352086460309477,0.338829829520364,0.365697655195246,0.315154852793075,0.325690487752057,0.303204270585982,0.319998860210822
1,0.930763461571272,0.927064995158287,0.92628254018488,0.918200713110041,0.860052974617883,0.824859722556178,0.578543445945442,0.589172257165945,0.543162225723705,0.574127092920282,0.545844496469547,0.555583730140786,0.50103754105989,0.463409587246903,0.400530838233002,0.451242199939772,0.446830373255102,0.374770222828982,0.335813241021912,0.338917710210469,0.329748323204847,0.353068319089124,0.312465707533645
1,0.677110842354829,0.455573513267297,0.158865133091486,0.00953629495197986,0.145885520643621,0.237571283220525,0.113901448672454,0.218523688204583,0.10934982194257,0.179862589849904,0.216893380823301,0.21222797278275,0.225697803838166,0.290671850932277,0.191071911924628,0.100592456643403,0.178805360121829,0.172066766768936,0.197101228865349,0.156496169301128,0.163610504749659,0.117432933898872,0.17317542151096
1,0.800692622986563,0.562845806582738,0.444310183038196,0.28361289833015,0.125369379920633,0.297690395499878,0.242644662848794,0.209597898815182,0.211973560403838,0.277265963642876,0.220762770733924,0.258947625742011,0.204112739703092,0.182342366635041,0.185613133775331,0.205756172132133,0.220340259703747,0.20968970188021,0.213046195740716,0.161849556587527,0.18890071068119,0.220492985852422,0.173626423443869
1,0.554504202606664,0.36258241537995,0.608112484666068,0.53972015019551,0.658569567098769,0.610183723311311,0.63298354331644,0.624073599674486,0.641497954876855,0.613031486437162,0.584897288099001,0.586500118366673,0.580981836639789,0.593587379859305,0.530482672245451,0.464423469242807,0.496561993764237,0.433975528758639,0.449008639327268,0.402020462854034,0.415722610646206,0.396079477003614,0.361814335390495
1,0.884822115244244,0.906553891082769,0.909676950873708,0.7221244314019,0.747935839782219,0.708510434841199,0.705112913521402,0.717577089192062,0.727794221576012,0.732718431607799,0.684122517967359,0.610771993679841,0.611457749634739,0.567857055267861,0.565145744427237,0.588885858599998,0.581841837759793,0.53398638277274,0.55058545962658,0.544678827497444,0.448932326020626,0.482490008091382,0.478751523261693
1,0.537207317196789,0.414859470736244,0.373799066451509,0.370426393503363,0.310555067851153,0.312501530262787,0.230494915849033,0.218332080222078,0.208598331300567,0.20672785693469,0.211474848165126,0.201245741746063,0.207676114646069,0.213461833565585,0.196381189327906,0.194033768715579,0.166246197968428,0.166181314072728,0.171915638165685,0.169358463896816,0.169776915698609,0.172764035519444,0.155731004383088
1,0.915900034210298,0.456602751032689,0.461426380514637,0.518234569081077,0.637260026838481,0.681000165000479,0.720972554987505,0.747451932729527,0.757911668727326,0.767939430730201,0.776392796323229,0.749198552363731,0.766796162993632,0.786820688186978,0.764521858718033,0.63728279618987,0.632900266768953,0.651782942262517,0.6598000212458,0.667778309078636,0.50255771119585,0.453409952951036,0.496651250183085
1,0.829687259416952,0.866956468887519,0.811989737313542,0.537167128750505,0.429304751207831,0.455449341495061,0.482139684093281,0.393721441327076,0.442919346512487,0.45150912205215,0.434183040921283,0.291970645570649,0.301609967095297,0.288978539498682,0.30560493313656,0.321773634809544,0.333747414174162,0.230108805251166,0.261537180606067,0.28960867614184,0.229174698896594,0.228070862417702,0.277722292450742
1,0.999528612824875,0.824871349015065,0.812365025045919,0.573080979939278,0.269032244791029,0.371238196901818,0.213342950638571,0.265459115432232,0.281637758235782,0.303243976321129,0.219686598776898,0.25240867380912,0.254398916967551,0.240128138424935,0.244639094850218,0.193408938222778,0.216248727644926,0.224909151751336,0.167337027690309,0.175204500413947,0.180823147831639,0.182950874187735,0.156843253156646
1,0.926606447688668,0.939345032891492,0.951164826804455,0.907455217179633,0.907346646880121,0.911730850558604,0.865798094678318,0.871859630974445,0.85486213832419,0.852582069117152,0.799297235183285,0.722412513153449,0.74952424069241,0.475944201511977,0.49591848361394,0.484708443746095,0.488969647998882,0.462550072853397,0.475048334410137,0.472733114880643,0.468141921637694,0.470942362439632,0.447507138764967
1,0.980535996466707,0.886219071604921,0.899318614414319,0.865847479079815,0.877011490038845,0.716698173311605,0.704248732011727,0.615248829838143,0.613728353888399,0.567645845710342,0.56827539270263,0.538774867423002,0.487958539232081,0.495680495674774,0.502742966038086,0.493596773384462,0.522040525166187,0.494868017050369,0.479612822296801,0.41973082800655,0.431613953460301,0.416867770784617,0.430040030737951
1,0.73756199178268,0.824235130551709,0.864097173323574,0.861572387837182,0.795471880450392,0.833521539008968,0.69177442147689,0.65771437329187,0.686555805784093,0.687882623172851,0.634944021619882,0.585229138095927,0.590540858480687,0.538116063791463,0.487422992652741,0.478489171923118,0.472763887868575,0.475935338946963,0.493032036478714,0.46868780325433,0.437482060374869,0.436007415447863,0.446349904222658
1,0.956853104254695,0.140703654568595,0.183406569583876,0.203634143312499,0.292256330528917,0.243461900349961,0.139020275708603,0.188936694640407,0.173819459280291,0.193847045305465,0.19077635493515,0.196283689731405,0.213889577606909,0.209855181711102,0.208477209778254,0.214126434201493,0.220740983308786,0.211953617862825,0.211072343576223,0.217564285489099,0.210906388304967,0.200933085789423,0.209846873369507
1,0.99673633118561,0.58146321993021,0.536989579323956,0.233201061559965,0.266397573079837,0.220265430792312,0.24114524295864,0.218451527502833,0.223679158061047,0.257464853778287,0.273748003789761,0.230357236816045,0.251795526331699,0.250676554741265,0.337195470497445,,,,,,,,
1,0.311318739041936,0.283061512743998,0.244637502301141,0.202945532038878,0.179107950865945,0.28635605308284,0.248524842722334,0.189092115547687,0.259891949900836,0.216874836048202,0.206138195697859,0.184403159733785,0.252108483187472,,,,,,,,,,
1,0.549699424285045,0.0632930466651202,0.151528370731997,0.201739110095447,0.18407443448763,0.236815559563793,0.211291168349706,0.153150075689115,0.185487346111712,0.205477095388223,0.206227218670388,,,,,,,,,,,,
1,0.91350356322149,0.352379995937661,0.260019935951752,0.328052601189912,0.250847750370815,0.312062987319223,0.0257488351320602,0.104616602066079,0.0975411610578399,0.115634183482125,0.0936314306565207,,,,,,,,,,,,
1,0.60171787219848,0.452406214322288,0.609796372448675,,,,,,,,,,,,,,,,,,,,
1,0.650925689946797,0.551233384141564,0.547042692407859,,,,,,,,,,,,,,,,,,,,
1,0.533428311134932,0.522591158401794,0.375896830937744,,,,,,,,,,,,,,,,,,,,
1,0.82715757850459,0.504653898029073,0.0953593290120423,,,,,,,,,,,,,,,,,,,,
1,0.546136011668132,0.468295345811301,0.539597444880294,0.429224309305029,0.342599601026669,0.451193154552802,0.2808521770484,0.320333001120492,0.333219942984484,0.2421015011725,0.281564382512821,0.205669476637099,0.252872777882964,0.191921629925927,0.226493503838885,0.215576644461644,0.181361192919109,0.216004467826884,,,,,
1,0.995236442888518,0.992587616029175,0.993279190113937,0.971337522040159,0.877346754877648,0.866266535375156,0.861997440631174,0.805141087979599,0.801699836551179,0.801734624148377,0.72238394248062,0.720359043199538,0.63305527141103,0.635834388824541,0.615622051621449,0.55124086776813,0.557683449177342,0.55178357988287,,,,,
1,0.904406644319475,0.747969720061021,0.445671885437717,0.441577160447284,0.413833063156414,0.221043195000824,0.351213567064062,0.376611492806619,0.381586232870642,0.250024792586317,,,,,,,,,,,,,
1,0.579314782075875,0.301921112121777,0.393438260411782,0.409171472718513,0.402091565419559,0.432447366362888,0.354790538343734,0.236804128907171,0.3417449921215,0.367735258710673,,,,,,,,,,,,,
