Var1_1,Var1_2,Var1_3,Var1_4,Var1_5,Var1_6,Var1_7,Var1_8,Var1_9,Var1_10,Var1_11,Var1_12,Var1_13,Var1_14,Var1_15,Var1_16,Var1_17,Var1_18,Var1_19,Var1_20,Var1_21,Var1_22,Var1_23,Var1_24,Var1_25
1010.15158298689,1010.05191944619,991.039987789988,1012.15657894737,992.314855875832,972.441319107662,943.009485094851,939.632653061224,945.649846153846,941.740335051546,939.788378766141,919.752642706131,925.734848484848,934.746835443038,934.178902352103,937.362307067425,934.334507042254,932.403361344538,927.578749058026,937.332222222222,939.135862913097,934.847328244275,941.275151515151,941.187586206897,936.850235849057
923.272805507745,949.681044267877,939.391258278146,933.918052988293,926.312315851503,931.505462724936,929.968532626698,926.463117382938,924.744771057094,923.520122973728,917.932770893752,921.320271521135,916.997589635432,918.031721105528,917.8701011378,916.216276834348,917.494991160872,914.879753006175,914.887700534759,911.703369225425,908.216087252897,908.751298926221,908.288182446441,907.416985729203,909.235817575083
333.211629955947,415.890756302521,344.604658151766,368.872263402862,407.847398689314,441.755852291461,432.331041257367,430.82109029678,427.343974263796,433.549934123847,428.976731301939,434.953310955142,426.684624344787,421.591619762351,418.374175306315,418.345855324433,418.691392801252,416.96443185395,415.553778613986,411.982908545727,414.521813224267,411.646653543307,413.122567429157,411.326794966691,412.871001757469
137.149238448739,142.165286812537,138.936388200856,135.143906020558,137.042857142857,127.703494347379,130.387881757309,123.065395095368,115.044149841888,119.083782717348,116.421470342523,120.095551378446,117.626715328467,115.1225,112.757728539207,127.029968900198,113.634015069968,111.762764801738,111.333865119652,114.147265282246,112.091573033708,97.6795155619221,114.483779572177,104.282705099778,107.771995507301
782.18784766795,782.740563784042,811.00858778626,785.857715430862,786.533141210375,796.88442487617,789.620062370062,776.948144382308,771.806837606838,784.540463795551,772.298716452742,771.734203655353,766.658440830062,772.104579207921,768.208248472505,767.278350515464,761.781055900621,763.849372384937,764.190238491403,767.702346880366,762.921052631579,758.049489795918,768.68194680249,766.938095238095,764.857575757576
585.416595012898,589.300927971719,596.342604856512,621.631385181776,626.329090228379,621.181141439206,618.025574338968,621.378074197582,617.397172822617,618.531096196868,615.810852713178,611.976677772489,610.701233439927,609.97188560349,612.895803183792,617.946857865879,612.124489037532,600.400165700083,610.041813602015,609.398578199052,609.159786304031,602.637948207171,602.148926237162,607.606404958678,607.770302739068
864.161364950839,878.773693279724,871.634289057929,856.620457604307,855.968044077135,846.468668407311,846.064660691421,843.619047619048,826.545092838196,820.147513812155,817.878938640133,816.448484848485,820.607738492328,814.760909649662,814.938844086022,813.830042313117,812.767684288905,811.731543624161,812.694952450622,810.008633093525,813.416846652268,810.085348506401,807.634814814815,809.380630630631,806.986918604651
631.458725970599,621.377619047619,623.80021141649,621.453500522466,611.181173436493,602.503610108303,597.291518537329,596.317711171662,594.806079027356,598.113780025284,592.476090383605,591.774618220116,590.20731096645,590.608446298227,588.598055105348,588.570976253298,586.671011470282,586.064748201439,586.06831228473,584.566548881037,583.474643874644,582.34789557805,581.347568208778,581.428330522766,580.394871794872
881.74953387197,883.204419889503,881.761904761905,878.249048625793,872.312180579216,872.201151631478,869.735231316726,867.596258298129,865.966228893058,864.535353535354,861.707979626486,861.493721286371,857.480300187617,855.928178395598,857.397694524496,856.23084321898,855.733547821,856.344838026037,855.160813308688,840.181484202792,849.790618204411,852.65438108484,851.380621693122,851.332194121668,833.075268817204
337.794828641371,359.537348503586,348.073461283918,335.227214377407,339.333529238907,337.828409693968,324.445764542509,323.340772014475,300.707522697795,286.730097709435,297.232006029393,289.64885390776,291.234000840218,295.304009229882,297.661530069549,292.022232660091,292.363748268964,293.409155733029,285.725023055641,285.894687353079,288.445148331273,293.047259786477,289.942994847931,279.841252503186,286.639966694421
443.074167507568,480.683886999738,454.849522478453,453.540454545455,458.500555432126,471.223968565815,463.693581081081,457.938185443669,455.966564181399,449.268617021277,449.559653744825,452.182059046177,446.564169139466,448.124112275955,446.964854924397,448.189162234043,443.935393258427,446.762711864407,445.794238683128,444.996798292423,445.095757103931,440.538294010889,444.636708380736,441.495138078569,444.219603441826
161.829753228487,177.573050259965,145.875518672199,141.33853326161,127.502114571319,141.002787178977,112.47970597635,109.935163445909,90.7032445265102,96.9323086984957,89.6910074374577,84.9478862973761,84.350017876296,81.5414802065404,79.839960886571,71.936,69.1069299552906,77.8173144876325,73.26593323217,72.0888714117184,68.5540055799123,75.0419161676647,70.2465224111283,66.2342071336485,68.2408510638298
509.894572025052,503.967409948542,521.287593984962,499.261015911873,489.104280510018,459.565839126117,465.511583624246,457.191860465116,470.032542372881,477.654017094017,464.879927228623,467.148061497326,460.739235273855,452.385045422781,447.756822107081,452.843646041251,457.885438972163,458.508461827755,453.057110003833,447.011750881316,441.975490196078,441.572677595628,447.547100110824,446.558519506502,438.235598482235
127.697636700649,116.254237288136,124.980937069362,116.251833740831,113.992209237618,112.963977676306,109.319333646176,106.274099883856,104.628878573174,100.549823113208,100.758865248227,96.8068111455108,96.3580208973571,95.4287393476344,94.9971563981043,93.3594097995546,91.9703912583715,91.6278571428571,89.869682907966,89.5558551617874,89.6898235073226,89.2191679049034,88.9007424775303,88.2441237113402,88.1511673921646
423.360079954312,447.230455472468,424.79267943952,445.183443899625,412.025497651532,437.222419928826,426.263838249917,417.188031281877,428.430933137399,409.79571537873,398.799672041541,406.953369763206,411.6923374613,417.419852941176,419.360050890585,417.09663250366,429.411105178857,413.396275605214,406.885424492863,405.678843837816,402.65544332211,408.067889192353,402.313112967672,406.925162275678,407.038461538462
641.647470641373,651.579758308157,646.829424307036,647.139955412435,649.143383708072,648.601804123711,646.758509955042,636.812970936491,635.492594289204,625.911943319838,633.708820093458,651.063862493013,638.704009098664,631.734063526835,629.137139245839,627.245807259074,628.188874514877,627.582244799226,625.56674519042,627.126088358594,624.53614251456,624.683936235438,622.423418423973,622.571035747021,625.406752918902
517.162723449001,501.409068506654,467.900994789199,465.445378151261,473.699033816425,507.616361488482,504.021247429746,502.029140538547,437.080571428571,501.519203910615,532.1264853446,493.444327731092,494.279761904762,491.140614334471,453.951309603761,461.446979434447,490.507744107744,493.059823677582,492.527379400261,475.259418070444,456.391658520691,449.044019138756,439.2460908414,448.386602098466,449.011986923356
424.594549499444,424.244234180958,405.113570391872,411.476063829787,435.309051955008,434.788863109049,437.423519263945,433.622473449812,399.460955269143,424.479575426182,440.576757532281,426.448065902579,425.107663749669,427.932432432432,412.077345035656,405.614481409002,426.878223050637,421.758426966292,425.573305849008,413.622795969773,397.479987088444,410.129669156884,385.818778979907,401.179706021811,399.046902654867
215.519318925999,222.60663507109,227.626967830253,219.846945778998,222.823371390195,209.70836076366,205.530104712042,206.825155494126,199.203973509934,200.006746626687,199.679569892473,200.175279329609,198.298953662182,204.238695329874,198.811006517017,195.203289473684,195.305029392554,194.374074074074,194.810234541578,194.165490699166,193.045776918117,195.570194384449,192.174291938998,212.954834501875,220.682029234738
649.608476710029,651.003391267486,649.042418772563,643.73491773309,645.357330224424,646.325097529259,639.746582194065,638.977680081163,636.34692635423,632.623602484472,633.155136663525,627.911383285303,627.312026359143,625.05517430689,623.547424711511,622.985147100828,620.32534471438,617.542314872433,618.664958187213,617.754373438058,598.05068891417,596.504486288386,595.773559405332,595.505509304603,594.250657548659
322.744469026549,325.038566552901,329.206367650476,330.150844496214,261.036307692308,296.8869184227,304.205194805195,307.471434997751,307.289905938509,298.641636814549,286.537947882736,300.389629153957,298.105971534653,283.826459279972,302.726683937824,295.340617212958,293.146742896743,296.199552822806,290.099614933869,292.669409660107,291.177461139896,277.991407089151,292.093986384266,281.243738656987,283.179367849525
1059.8837125316,1067.46428003182,1060.54611827695,1056.83896779356,1055.24049892808,1051.57904007045,1048.708172147,1047.85239253852,1044.79386474553,1041.80798898072,1041.36948297604,1040.35619155568,1038.26289034132,1037.19544337726,1035.21420011983,1032.96537741734,1032.7822147651,1030.27963215259,1031.75227355402,1029.25250086237,1028.90746268657,1034.10662496446,1035.43176620076,1027.99728529121,1025.07117771014
941.793026374609,907.389454209066,904.866736621196,909.846430175123,922.404260089686,917.866712707182,917.016683621567,917.180926306183,914.951612903226,910.613588110403,909.973851030111,913.248184322564,910.358995584989,908.425186001653,908.701247165533,901.963358338142,904.793103448276,905.500806885422,904.323596792669,902.619249074564,901.850862998921,896.980523255814,898.685895586963,893.327500729075,894.068554396423
533.760141788106,545.653837342497,558.769064124783,544.722353497164,546.2582461786,534.453338617,531.893719806763,532.727758566489,532.717343711992,538.643960036331,535.094928478544,532.923357664234,530.892427184466,531.665742985798,534.637586093801,532.347512038523,529.756688963211,532.003112356054,526.010447137484,528.793542519327,526.176349614396,526.503021850302,526.371693735499,525.45088868101,524.445119103223
276.99227202473,284.354748603352,281.89906598373,280.072599531616,283.728571428571,293.213836477987,287.981234211476,284.248704663212,270.927894736842,282.098984771574,275.517580340265,267.20126705653,275.382420971473,264.670709677419,274.323155216285,267.159820761762,267.773429792831,269.296361091673,264.167158308751,269.988428518104,270.424809424809,266.027316352898,268.814263565891,262.855290102389,263.607850609756
414.491725768321,408.093632958801,408.939064714218,430.664309639003,417.037277147488,391.443396226415,388.8,385.365079365079,386.25,363.00296956199,381.919298245614,380.166666666667,376.25,377.68115942029,375.883977900553,374.929155313351,373.965417867435,373.52427184466,372.815217391304,372.109375,371.447570332481,370.910165484634,370.57180156658,370.155902004454,369.678899082569
48.4521153441381,54.037000590435,53.6125760649087,51.1625866993064,49.1949602122016,49.9641916798315,37.182021355848,45.2594549499444,40.2259353432619,41.9834546657843,41.3639951426837,36.1006690997567,31.8730203619909,31.912656558998,32.02683528686,32.8161290322581,29.0483976455199,25.1075235109718,25.896667685723,25.0530060476699,23.703167115903,26.1454693214141,25.2530741769139,24.1113594040968,22.2401696222051
242.143548387097,243.021682153919,250.541138307284,241.851012145749,264.429896907217,251.348122866894,254.126514873302,252.409722222222,246.80454009434,245.060560017365,246.70133963751,243.947404371585,244.004523107178,240.55418138987,244.657780298733,243.772573839662,238.134159840602,242.374779929577,239.005415944541,240.445824847251,240.716039109632,239.594527363184,237.428889383485,239.208669135265,237.036247334755
190.674740484429,185.564208782104,211.19728072514,200.338868832732,191.566259506799,183.731623088308,177.662788044718,189.03125,196.433691756272,192.153792380287,198.066641279513,202.483541430193,200.779127948535,196.613273248669,195.695537065053,198.392783927839,195.808373042886,190.038574577517,193.608610567515,192.448538245895,191.840579710145,190.044493070751,193.593992932862,191.733920704846,193.641148325359
1047.43940870695,1034.81195700191,1025.77414357032,1042.30843772158,1052.84924520604,1035.85458901585,1028.49893792778,1025.41421446384,1027.86058373477,1031.56244942002,1024.13263525305,1033.26132502831,1037.56306990881,1025.26266195524,1025.00515307669,1024.04884488449,1021.32848736587,1021.80142072974,1031.08705295259,1018.73790589795,1028.70833333333,1020.65088339223,1021.12901960784,1021.71061499579,1022.26269035533
428.732029017366,427.611419684515,401.09975242418,384.595425178977,405.395278167368,387.981699238158,389.635277382646,391.288633461047,387.243448858833,381.911656441718,374.136913606453,370.090828138914,375.306778679027,368.37683982684,379.238233585125,371.267988053217,370.891216991963,373.194649446494,374.644472361809,372.617316589557,372.090909090909,361.372712594187,369.986227746053,372.848721147848,365.688201292078
810.031424375918,794.712163616792,877.831306990881,880.40307486631,880.225782414307,865.445440168687,907.461584633854,904.668700646088,887.851030927835,875.321313240043,870.983031674208,865.583514099783,864.851358024691,864.594410876133,857.194794290512,838.325622775801,857.11078140455,856.386414253898,857.146942800789,853.509920634921,851.595358224016,857.649262202043,848.977248104009,848.116040955631,852.157360406091
889.092310269727,882.806135770235,886.392301392301,882.601731601732,880.257206208426,876.962609970675,875.366666666667,875.40956651719,871.717422096317,868.885483870968,866.842679127726,865.021701388889,845.716725978648,861.415584415584,860.679657794677,861.211472011057,859.969764837626,860.465596330275,856.291897891232,857.204715969989,855.580043859649,857.591947769315,862.541120381406,856.485350318471,858.97604035309
318.564510990761,343.285692283998,354.498775510204,336.924080980288,329.313578394599,286.675410741405,319.763467713164,320.768421052632,315.70938571874,303.80535745347,289.557609123083,282.556671251719,289.189406779661,299.137601943432,300.405556800359,281.736885134214,275.78049804141,297.201096020967,285.338938938939,290.517706576728,,,,,
133.820987654321,141.411235075357,139.854197349043,140.183422870299,118.588810837933,134.546170212766,124.617719811109,123.693306010929,120.000531208499,119.716348633316,111.274944567628,120.638262322473,110.694786030497,110.416145367888,113.131960939562,98.7547568710359,110.293951384963,104.843108504399,101.15691411936,105.701536643026,,,,,
612.832675753228,619.294466748124,573.868780487805,578.116111467008,569.475436133948,549.208281829419,543.652395514781,539.717171717172,534.129179331307,513.511104617183,515.823614318707,527.650602409639,523,511.680155076327,510.891294005709,,,,,,,,,,
62.5555555555556,58.7639902676399,65.7953431372549,52.9703703703704,51.1439393939394,43.3505976095618,44.785046728972,32.946103423161,18.5329896907216,16.0163522012579,16.1945392491468,,,,,,,,,,,,,,
757.435002296739,785.237772539776,762.98538109586,753.633439057544,750.36063464837,746.447752808989,743.793643263757,741.687461395923,737.708516593363,,,,,,,,,,,,,,,,
806.325394462638,750.634753901561,671.259995768987,755.586376692655,765.398216482165,759.462251042149,750.44578313253,750.207367795603,746.538244766506,,,,,,,,,,,,,,,,
239.264008250258,247.052196053469,237.422173274596,246.080978088282,241.060576293386,235.578383343539,234.09795370681,230.578646008757,225.301869445296,,,,,,,,,,,,,,,,
695.043320250036,676.914075376332,740.895549672214,750.281663366337,755.34316433958,756.95342720099,789.894529970521,799.425379310345,808.169387755102,,,,,,,,,,,,,,,,
1095.43956043956,1096.01960784314,,,,,,,,,,,,,,,,,,,,,,,
950.32298136646,914.918312387792,916.57130977131,893.714345991561,906.013603069411,908.587425424507,903.563270336894,896.323509252913,884.40157480315,891.529696578438,896.11381443299,885.703506907545,888.846090194456,892.662478336222,897.188235294118,895.390787518574,887.923002421308,875.251366120219,874.613636363636,888.099697885196,889.884615384615,888.828125,889.265525982256,883.481012658228,
276.102362204724,259.035569105691,271.130933750652,252.641930835735,260.225,264.056876938987,260.094017094017,236.79875333927,247.908695652174,240.516853932584,223.199203187251,232.390756302521,201.893700787402,,,,,,,,,,,,
213.65625,203.736842105263,198.659574468085,192.242038216561,183.308823529412,,,,,,,,,,,,,,,,,,,,
1097.27777777778,1081.3963800905,1096.88333333333,,,,,,,,,,,,,,,,,,,,,,
3.83544303797468,,,,,,,,,,,,,,,,,,,,,,,,
1091.4391025641,1088.27912087912,1092.66666666667,1080.43266769073,1084.03179753407,1087.76381909548,1088.59016393443,1083.04523580366,,,,,,,,,,,,,,,,,
128.555555555556,,,,,,,,,,,,,,,,,,,,,,,,
1089.9054290718,1088.17739816032,1090.61818181818,1088.41447368421,1085.79865771812,1082.58194945848,1083.72125984252,1090.18888888889,1080.80612244898,1077.59901599016,1075.00208333333,1071.47590361446,1082.9009009009,1084.93893129771,1080.05540355677,1081.31775700935,1078.74469305795,1080.70395177495,1079.29426915647,1068.91657142857,,,,,
2.38775510204082,,,,,,,,,,,,,,,,,,,,,,,,
1094.62393162393,1098.62295081967,1090.74299065421,1092.45152354571,1088.49154453213,1090.046989721,1088.27063492063,1087.73076923077,1086.73425925926,1087.09828741623,1086.85106382979,1085.05648148148,1086,1085.14269788183,1086.91450381679,1087.7998392283,1088.32716049383,1087.0237449118,1087.52868217054,,,,,,
544.291666666667,527.128272251309,527.707571801567,505.368484848485,526.408653846154,539.571087216249,535.737333333333,528.960307298335,520.643884892086,520.429813664596,519.886234357224,526.736902050114,506.377622377622,493.26,508.793517406963,514.836734693878,530.5,540.821387940842,552.293697978597,,,,,,
642.655797101449,638.494252873563,,,,,,,,,,,,,,,,,,,,,,,
7.54929577464789,16.8169014084507,2.27586206896552,,,,,,,,,,,,,,,,,,,,,,
218.040024630542,216.757420091324,215.741704951506,217.258638211382,221.153910849453,218.740189445196,211.964285714286,210.327249022164,210.130273871207,205.471849865952,209.027855153203,206.206451612903,205.66116838488,206.000680272109,203.700463883366,207.43670411985,,,,,,,,,
230.584938704028,224.099932019035,227.196078431373,235.911024062675,279.905935050392,303.979785969084,323.43168771527,333.503340757238,339.118568232662,339.463004484305,337.041966426858,335.864532019704,338.139447236181,336.570446735395,327.813225058005,323.258221680877,,,,,,,,,
830.986754966887,826.018126888217,839.848848368522,842.005882352941,843.884259259259,845.049180327869,844.051546391753,843.276381909548,843.99375,840.319727891157,830.286885245902,827.588785046729,858.726107226107,834.195652173913,837.997536945813,835.69696969697,,,,,,,,,
785.556403731976,792.27855887522,794.334040296925,797.532981530343,791.306246545053,796.658045977012,799.510858324716,801.469194312796,806.348348348348,810.567708333333,812.724409448819,811.898648648649,813.567164179104,810.955414012739,811.542253521127,808.865546218487,,,,,,,,,
1098.57272727273,1098.30107526882,1098.25547445255,1096.55274261603,1095.9963099631,1092.9693654267,1094.91147540984,1096.17941176471,1094.98765432099,1089.65658362989,1092.784,1088.97374179431,1092.10787172012,1089.74934725849,1089.77718360071,,,,,,,,,,
663.526785714286,670.433333333333,673.228260869565,676.777777777778,687.800535475234,700.88477865373,690.397350993377,691.326790971541,705.477647058824,701.199530516432,677.258706467662,675.540337711069,680.081769436997,675.667752442997,674.184684684685,,,,,,,,,,
637.173076923077,715.525568181818,646.438202247191,648.895604395604,669.429324894515,674.515384615385,671.648648648649,674.90243902439,672.06309148265,671.243243243243,668.312101910828,656.173913043478,657.535211267606,657.54347826087,656.79746835443,,,,,,,,,,
5.97260273972603,10.07,2.125,,,,,,,,,,,,,,,,,,,,,,
100.830670926518,106.384615384615,95.2310924369748,97.1565217391304,90.1162790697674,90.8056872037915,85.8522727272727,93.2279411764706,99.8695652173913,88.7727272727273,91.388679245283,92.5828220858896,82.9316239316239,91.6585365853659,,,,,,,,,,,
3.67857142857143,3.046875,4.56,4.15555555555556,,,,,,,,,,,,,,,,,,,,,
537.513676402411,537.357077205882,541.298399390244,531.751037344398,538.22884283247,542.949077490775,537.513617021277,537.47068538398,546.000414421881,533.451991614256,,,,,,,,,,,,,,,
472.173385518591,472.678362573099,463.713960546282,464.512601452371,471.659532302814,464.293647622853,471.627247303236,464.249096022499,471.786612426036,461.136664217487,,,,,,,,,,,,,,,
235.267716535433,223.132653061224,229.604651162791,,,,,,,,,,,,,,,,,,,,,,
6.22093023255814,18.0728092783505,12.5254041570439,7.40918163672655,11.4349030470914,10.7058111380145,9.15946843853821,8.94334975369458,6.6510067114094,,,,,,,,,,,,,,,,
580.903703703704,581.377011494253,582.916666666667,582.673469387755,581.632231404959,581.069672131148,580.854663774403,580.203090507726,,,,,,,,,,,,,,,,,
1092.02067183463,1093.92492492492,1090.61752136752,1097.09756097561,,,,,,,,,,,,,,,,,,,,,
639.585365853659,652.591836734694,,,,,,,,,,,,,,,,,,,,,,,
918.120879120879,913.879003558719,913.004716981132,914.198591549296,915.446896551724,917.132530120482,,,,,,,,,,,,,,,,,,,
32.0587808417997,19.5363247863248,25.7417061611374,13.093023255814,20.0601503759398,21.8838174273859,,,,,,,,,,,,,,,,,,,
305.456198960653,301.890983000739,303.203778677463,305.527450980392,298.07411464038,,,,,,,,,,,,,,,,,,,,
267.944214097248,247.677958833619,265.215442092154,274.479338842975,274.612440191388,,,,,,,,,,,,,,,,,,,,
76.4191513761468,79.9806501547988,81.1649759743727,79.8981966259453,79.2027231467473,,,,,,,,,,,,,,,,,,,,
120.738122827346,125.457753017642,121.929158760278,125.033719704953,122.736320754717,,,,,,,,,,,,,,,,,,,,
1088.19092331768,,,,,,,,,,,,,,,,,,,,,,,,
211.675324675325,220.4,,,,,,,,,,,,,,,,,,,,,,,
1098.25641025641,,,,,,,,,,,,,,,,,,,,,,,,
2.95744680851064,,,,,,,,,,,,,,,,,,,,,,,,
