Var1_1,Var1_2,Var1_3,Var1_4,Var1_5,Var1_6,Var1_7,Var1_8,Var1_9,Var1_10,Var1_11,Var1_12,Var1_13,Var1_14,Var1_15,Var1_16,Var1_17,Var1_18,Var1_19,Var1_20,Var1_21,Var1_22,Var1_23,Var1_24,Var1_25
3127,3178,3276,3040,3157,3093,1476,49,1625,1552,1394,473,660,1027,1403,1231,1704,714,1327,900,817,524,825,725,848
3486,3524,3775,3246,3394,3112,3019,3118,3538,3578,3793,3241,3319,3184,3164,3121,3394,3077,3179,2879,2934,2887,2894,2873,2697
5675,476,6655,5801,7477,6066,5090,4751,4041,3795,3610,3277,3434,3198,3183,3221,3195,3177,3189,3335,2934,3048,2929,2702,2845
7813,6764,8882,8172,6790,7784,6123,6973,8222,7603,7182,6384,6850,6400,7537,3537,6503,7364,6895,6838,7120,7679,7059,6314,5342
2337,2093,2096,1996,2082,1817,1924,1967,1755,2113,1714,1915,1783,1616,1964,1940,1932,1912,1803,1747,1672,1960,1767,1680,1650
2326,2263,2265,2173,2671,2418,2307,2399,2193,2235,1935,2101,2189,2063,2073,2371,2691,2414,1985,2110,2059,2008,2142,1936,2081
1729,1741,1709,1486,1815,1532,1562,1449,1508,1810,1809,1485,1499,1627,1488,1418,1343,1341,1367,1390,1389,1406,1350,1332,1376
2653,2100,2838,1914,1551,1662,1969,1835,1645,1582,1903,1899,1997,1918,1851,1895,1918,1807,1742,1698,1755,1877,1686,1779,1755
1609,1267,1428,2365,2348,2605,2810,3314,3198,3366,3534,3265,4264,3453,3123,3119,3419,3303,3246,4083,3219,2876,3024,2926,5208
6536,8086,4533,6232,6806,5653,6481,6632,6168,6243,7961,7242,7141,6934,7333,6387,6499,7012,6506,6381,6472,7025,6017,5493,6005
3964,7646,8586,4400,4501,3054,2960,3009,2602,2632,2657,2642,2696,2957,2447,3008,2848,2655,2916,2811,2569,2755,2637,2571,2673
15642,11540,4338,5577,5202,5023,3129,5537,3791,3058,2958,2744,2797,2905,3068,2875,2684,2830,2636,2543,2509,2505,2588,2327,2350
1916,1166,532,3268,2196,5035,3151,3440,2950,2925,3298,2992,2903,2862,2895,3006,2802,2659,2609,2553,2448,2745,2707,2999,2899
4316,531,4354,3681,3594,3942,4262,3444,4093,3392,3666,3230,3254,3403,3165,3592,2837,2800,2586,2596,2663,2692,2559,2425,2527
3502,2942,3497,3467,4471,2810,3017,2941,2722,2614,3659,2745,2584,2720,2358,2732,3746,2685,2662,2491,2673,2563,2753,2619,2808
4428,3310,4221,4037,5426,3880,3114,3716,6549,4940,3424,7156,3517,4565,4747,3995,3865,4134,5094,3101,2919,3262,3604,3273,3169
3804,4058,2111,2261,2070,3386,2918,2711,1750,2864,3787,2856,3696,2930,2978,3112,2970,3176,3068,3265,3069,2090,2686,2478,2753
3596,3382,2756,2256,1867,3448,3478,2919,1319,3109,4182,2792,3771,3700,1823,2044,3219,4272,3881,3176,3098,1874,2588,2109,2260
1527,1477,1461,1457,1489,1519,1528,1447,1510,1334,1395,1432,1338,1349,1381,1520,1531,1620,1407,1559,1551,1389,1377,6133,5815
2383,2359,2216,2735,3431,2307,2999,2957,3286,3220,5305,2776,3035,3643,3553,3501,3046,3214,3707,2801,7911,7913,8139,8168,7604
6328,5860,4303,5151,9750,9586,8470,6669,7123,7258,6140,6229,6464,5722,5404,5217,5772,5367,5973,5590,5404,5586,5288,5510,5157
5538,6285,4109,4999,5131,4542,4136,3699,4303,3630,3965,3529,4131,4477,3338,3206,2980,2936,2749,2899,2680,3517,3935,4052,4271
4474,6486,5718,6681,4460,5792,4915,4383,4030,3768,3786,3993,3624,3629,3528,3466,3277,3718,3492,3782,3708,3440,3467,3429,3355
5078,4365,9232,4232,3729,5047,4554,3181,4111,3303,3076,2740,2575,2887,3049,2492,2392,3213,2393,2199,1945,2151,2155,2138,2141
3882,3222,3319,4270,3220,2544,2771,3088,3800,2364,2645,4104,2594,3875,2751,2678,3041,2858,3051,2679,2886,2709,3225,2930,2624
1269,534,2117,2687,617,106,185,63,120,4041,285,288,116,345,362,367,347,412,460,384,391,423,383,449,436
4751,5081,4437,4902,3016,3798,4027,3596,2753,3022,3294,3288,3536,3034,3242,3410,3058,3190,3271,2811,2968,2461,2521,2685,2594
7440,8394,3391,2470,4850,5860,5446,4896,3392,4607,3807,2928,5085,3396,5289,4740,4517,4544,4616,4910,4807,4824,4493,4591,4690
2023,1207,3751,4155,4339,4054,4383,3744,3348,2861,2626,2643,2798,2441,2644,2439,2938,2722,2555,2497,2967,2742,2830,2270,2299
6156,6791,5809,4231,4902,5426,4237,4010,3529,3707,4011,3532,3948,3396,3299,3030,2889,3097,3607,3018,3144,2830,2550,2374,2364
4549,4501,9694,5727,4278,12076,3515,3915,3549,3260,4711,4492,3452,4620,3442,3683,3484,3252,3184,3026,2926,3716,2977,3206,2941
6810,9290,1316,1496,1342,1897,1666,2786,1940,1858,1768,1383,2025,1324,1191,1124,1011,898,1014,1008,991,881,923,879,788
5969,10724,1221,1617,1353,1364,1890,1338,1412,1240,1284,1152,1405,1232,1052,1447,893,872,901,933,912,919,839,785,793
3139,6493,2450,3754,5332,7243,2803,3040,3207,5749,5086,7270,7080,5763,4463,7339,7148,4197,4995,4744,,,,,
4212,5109,4753,5212,3986,4700,4447,4392,3765,3878,3608,3591,4066,3357,3789,3311,3538,3410,3435,3384,,,,,
5576,5729,6150,6244,4987,3236,2943,2574,2632,3422,3464,2324,3313,4127,4204,,,,,,,,,,
81,411,816,810,132,1004,107,1373,970,795,586,,,,,,,,,,,,,,
4354,3394,8961,2207,2332,1780,2108,1619,2501,,,,,,,,,,,,,,,,
3359,3332,9454,2437,3252,2159,2241,1683,2484,,,,,,,,,,,,,,,,
2909,3142,4086,3149,3054,3266,2981,2969,3263,,,,,,,,,,,,,,,,
6879,9101,15864,12625,13393,12926,9159,7250,6860,,,,,,,,,,,,,,,,
91,51,,,,,,,,,,,,,,,,,,,,,,,
322,3342,2405,4740,2867,2179,2434,2918,3810,3098,2425,2823,2417,2308,1360,1346,2065,183,132,1655,104,64,1578,79,
127,984,1917,1388,1280,967,117,1123,230,89,251,238,254,,,,,,,,,,,,
64,152,94,157,68,,,,,,,,,,,,,,,,,,,,
108,1105,60,,,,,,,,,,,,,,,,,,,,,,
79,,,,,,,,,,,,,,,,,,,,,,,,
312,910,423,1953,1541,796,732,1039,,,,,,,,,,,,,,,,,
63,,,,,,,,,,,,,,,,,,,,,,,,
571,761,440,304,745,1385,1270,90,98,1626,480,166,111,131,1462,107,1743,1493,1553,1750,,,,,
49,,,,,,,,,,,,,,,,,,,,,,,,
351,122,642,361,887,681,1260,1404,1080,1343,1175,1080,1262,897,655,1244,1458,1474,1290,,,,,,
168,764,766,825,832,837,750,781,834,805,879,878,858,850,833,882,890,879,841,,,,,,
276,174,,,,,,,,,,,,,,,,,,,,,,,
71,71,58,,,,,,,,,,,,,,,,,,,,,,
1624,1752,1959,1968,2378,2956,1512,1534,1351,1492,1436,1395,1455,1470,1509,1335,,,,,,,,,
1713,1471,2091,1787,893,841,871,898,894,892,834,812,796,873,862,821,,,,,,,,,
302,331,2084,170,216,183,97,199,160,147,122,321,858,92,406,99,,,,,,,,,
1179,1138,943,1137,1809,1740,967,422,333,192,254,148,134,157,142,238,,,,,,,,,
110,93,137,237,271,457,610,340,162,562,250,914,343,383,561,,,,,,,,,,
112,90,92,189,747,1649,604,1019,425,426,201,533,746,307,222,,,,,,,,,,
52,1760,89,182,948,130,148,123,317,74,157,46,71,92,79,,,,,,,,,,
219,200,48,,,,,,,,,,,,,,,,,,,,,,
313,117,476,115,43,211,88,272,69,66,265,163,117,41,,,,,,,,,,,
56,64,75,45,,,,,,,,,,,,,,,,,,,,,
2157,2176,2624,2410,2316,2710,2350,2422,2413,2385,,,,,,,,,,,,,,,
2555,2394,2636,2341,2523,2503,2503,2489,2704,2722,,,,,,,,,,,,,,,
127,98,43,,,,,,,,,,,,,,,,,,,,,,
86,1552,866,501,722,826,903,406,149,,,,,,,,,,,,,,,,
405,435,432,441,484,488,461,453,,,,,,,,,,,,,,,,,
387,333,468,41,,,,,,,,,,,,,,,,,,,,,
82,49,,,,,,,,,,,,,,,,,,,,,,,
182,562,636,710,725,166,,,,,,,,,,,,,,,,,,,
1378,468,422,86,266,241,,,,,,,,,,,,,,,,,,,
2694,2706,2964,2550,2739,,,,,,,,,,,,,,,,,,,,
2653,4664,2409,2299,1463,,,,,,,,,,,,,,,,,,,,
1744,1292,1873,1719,1322,,,,,,,,,,,,,,,,,,,,
1726,2154,1581,1898,2120,,,,,,,,,,,,,,,,,,,,
639,,,,,,,,,,,,,,,,,,,,,,,,
77,45,,,,,,,,,,,,,,,,,,,,,,,
78,,,,,,,,,,,,,,,,,,,,,,,,
47,,,,,,,,,,,,,,,,,,,,,,,,
